==============================================================================================================
DETAILED PER-RUN LOG   ATMALS-GSK   CEC2020   D5
runs per function : 30
functions         : [1 2 3 4 5 8 9 10]
statistics basis  : error vs known optimum
generated         : 2026-07-28_16.59.36
==============================================================================================================

----- F1  D5  (30 runs)  optimum=100  target_error=1e-08 -----
Run    Seed          Best_Fitness             Error                    NFEs          Termination             Runtime_s 
1      27240706      1.0000000000000000e+02   0.0000000000000000e+00   50000         max_evaluations         0.5024    
2      28240743      1.0000000000000000e+02   0.0000000000000000e+00   50000         max_evaluations         0.4484    
3      29240780      1.0000000000000000e+02   0.0000000000000000e+00   50000         max_evaluations         0.4839    
4      30240817      1.0000000000000000e+02   0.0000000000000000e+00   50000         max_evaluations         0.5032    
5      31240854      1.0000000000000000e+02   0.0000000000000000e+00   50000         max_evaluations         0.4524    
6      32240891      1.0000000000000000e+02   0.0000000000000000e+00   50000         max_evaluations         0.4827    
7      33240928      1.0000000000000000e+02   0.0000000000000000e+00   50000         max_evaluations         0.4718    
8      34240965      1.0000000000000000e+02   0.0000000000000000e+00   50000         max_evaluations         0.4735    
9      35241002      1.0000000000000000e+02   0.0000000000000000e+00   50000         max_evaluations         0.4916    
10     36241039      1.0000000000000000e+02   0.0000000000000000e+00   50000         max_evaluations         0.4387    
11     37241076      1.0000000000000000e+02   0.0000000000000000e+00   50000         max_evaluations         0.4703    
12     38241113      1.0000000000000000e+02   0.0000000000000000e+00   50000         max_evaluations         0.4859    
13     39241150      1.0000000000000000e+02   0.0000000000000000e+00   50000         max_evaluations         0.4933    
14     40241187      1.0000000000000000e+02   0.0000000000000000e+00   50000         max_evaluations         0.4389    
15     41241224      1.0000000000000000e+02   0.0000000000000000e+00   50000         max_evaluations         0.5885    
16     42241261      1.0000000000000000e+02   0.0000000000000000e+00   50000         max_evaluations         0.5830    
17     43241298      1.0000000000000000e+02   0.0000000000000000e+00   50000         max_evaluations         0.6134    
18     44241335      1.0000000000000000e+02   0.0000000000000000e+00   50000         max_evaluations         0.6521    
19     45241372      1.0000000000000000e+02   0.0000000000000000e+00   50000         max_evaluations         0.6089    
20     46241409      1.0000000000000000e+02   0.0000000000000000e+00   50000         max_evaluations         0.6497    
21     47241446      1.0000000000000000e+02   0.0000000000000000e+00   50000         max_evaluations         0.6274    
22     48241483      1.0000000000000000e+02   0.0000000000000000e+00   50000         max_evaluations         0.6409    
23     49241520      1.0000000000000000e+02   0.0000000000000000e+00   50000         max_evaluations         0.6005    
24     50241557      1.0000000000000000e+02   0.0000000000000000e+00   50000         max_evaluations         0.6246    
25     51241594      1.0000000000000000e+02   0.0000000000000000e+00   50000         max_evaluations         0.6345    
26     52241631      1.0000000000000000e+02   0.0000000000000000e+00   50000         max_evaluations         0.5932    
27     53241668      1.0000000000000000e+02   0.0000000000000000e+00   50000         max_evaluations         0.6030    
28     54241705      1.0000000000000000e+02   0.0000000000000000e+00   50000         max_evaluations         0.5953    
29     55241742      1.0000000000000000e+02   0.0000000000000000e+00   50000         max_evaluations         0.4410    
30     56241779      1.0000000000000000e+02   0.0000000000000000e+00   50000         max_evaluations         0.4498    

----- F2  D5  (30 runs)  optimum=1100  target_error=1e-08 -----
Run    Seed          Best_Fitness             Error                    NFEs          Termination             Runtime_s 
1      28240739      1.1238082151619401e+03   2.3808215161940002e+01   50000         max_evaluations         0.5553    
2      29240776      1.1005195876196181e+03   5.1958761961800004e-01   50000         max_evaluations         0.5610    
3      30240813      1.1240136380076374e+03   2.4013638007637400e+01   50000         max_evaluations         0.5517    
4      31240850      1.1305040095145532e+03   3.0504009514553200e+01   50000         max_evaluations         0.5527    
5      32240887      1.1070904305255735e+03   7.0904305255734998e+00   50000         max_evaluations         0.5393    
6      33240924      1.1068971199868638e+03   6.8971199868637996e+00   50000         max_evaluations         0.5250    
7      34240961      1.1073059841192735e+03   7.3059841192735000e+00   50000         max_evaluations         0.5065    
8      35240998      1.1854993406693634e+03   8.5499340669363406e+01   50000         max_evaluations         0.5433    
9      36241035      1.1003703647385405e+03   3.7036473854050000e-01   50000         max_evaluations         0.5677    
10     37241072      1.1138466230467016e+03   1.3846623046701600e+01   50000         max_evaluations         0.5815    
11     38241109      1.1001686924800783e+03   1.6869248007830001e-01   50000         max_evaluations         0.5882    
12     39241146      1.1070909258089605e+03   7.0909258089604998e+00   50000         max_evaluations         0.5797    
13     40241183      1.1005444928511406e+03   5.4449285114059998e-01   50000         max_evaluations         0.5702    
14     41241220      1.1304659147384896e+03   3.0465914738489602e+01   50000         max_evaluations         0.5673    
15     42241257      1.1237636677444925e+03   2.3763667744492501e+01   50000         max_evaluations         0.6297    
16     43241294      1.1070651214414938e+03   7.0651214414938002e+00   50000         max_evaluations         0.6809    
17     44241331      1.1305496781668676e+03   3.0549678166867601e+01   50000         max_evaluations         0.6233    
18     45241368      1.1236935806785023e+03   2.3693580678502300e+01   50000         max_evaluations         0.6033    
19     46241405      1.1240618074096392e+03   2.4061807409639201e+01   50000         max_evaluations         0.6769    
20     47241442      1.1235877425667836e+03   2.3587742566783600e+01   50000         max_evaluations         0.6773    
21     48241479      1.1071518074565965e+03   7.1518074565965000e+00   50000         max_evaluations         0.6349    
22     49241516      1.1068401022060029e+03   6.8401022060030003e+00   50000         max_evaluations         0.6842    
23     50241553      1.1006134582842133e+03   6.1345828421329995e-01   50000         max_evaluations         0.6996    
24     51241590      1.1303084711992956e+03   3.0308471199295600e+01   50000         max_evaluations         0.6829    
25     52241627      1.1852690472314102e+03   8.5269047231410198e+01   50000         max_evaluations         0.6503    
26     53241664      1.1136872123149760e+03   1.3687212314976000e+01   50000         max_evaluations         0.7090    
27     54241701      1.1071779171013372e+03   7.1779171013371998e+00   50000         max_evaluations         0.6646    
28     55241738      1.1072822727475145e+03   7.2822727475144999e+00   50000         max_evaluations         0.6815    
29     56241775      1.2243238569374926e+03   1.2432385693749259e+02   50000         max_evaluations         0.4625    
30     57241812      1.1073314007526892e+03   7.3314007526892002e+00   50000         max_evaluations         0.4600    

----- F3  D5  (30 runs)  optimum=700  target_error=1e-08 -----
Run    Seed          Best_Fitness             Error                    NFEs          Termination             Runtime_s 
1      29240772      7.0608026979628244e+02   6.0802697962824004e+00   50000         max_evaluations         0.5661    
2      30240809      7.0739302008681875e+02   7.3930200868188001e+00   50000         max_evaluations         0.5858    
3      31240846      7.0556466757654255e+02   5.5646675765425000e+00   50000         max_evaluations         0.5499    
4      32240883      7.0537936427327566e+02   5.3793642732756997e+00   50000         max_evaluations         0.5669    
5      33240920      7.0631418494805109e+02   6.3141849480510999e+00   50000         max_evaluations         0.5572    
6      34240957      7.0622787086195672e+02   6.2278708619567000e+00   50000         max_evaluations         0.5866    
7      35240994      7.0205554150968499e+02   2.0555415096849998e+00   50000         max_evaluations         0.5514    
8      36241031      7.0548239856664475e+02   5.4823985666446999e+00   50000         max_evaluations         0.5629    
9      37241068      7.0869096631400703e+02   8.6909663140069995e+00   50000         max_evaluations         0.5680    
10     38241105      7.0628630103397643e+02   6.2863010339764003e+00   50000         max_evaluations         0.5482    
11     39241142      7.0661981475343089e+02   6.6198147534308998e+00   50000         max_evaluations         0.5859    
12     40241179      7.0568215913212214e+02   5.6821591321221003e+00   50000         max_evaluations         0.5859    
13     41241216      7.0697555929215116e+02   6.9755592921511997e+00   50000         max_evaluations         0.5521    
14     42241253      7.0194883995247108e+02   1.9488399524711000e+00   50000         max_evaluations         0.5912    
15     43241290      7.0630521488316117e+02   6.3052148831611996e+00   50000         max_evaluations         0.6985    
16     44241327      7.0612265550936183e+02   6.1226555093617998e+00   50000         max_evaluations         0.7165    
17     45241364      7.0569220654722892e+02   5.6922065472289001e+00   50000         max_evaluations         0.6703    
18     46241401      7.0545200496329778e+02   5.4520049632978003e+00   50000         max_evaluations         0.6903    
19     47241438      7.0546990319146937e+02   5.4699031914693999e+00   50000         max_evaluations         0.6768    
20     48241475      7.0816591061019994e+02   8.1659106101999992e+00   50000         max_evaluations         0.6931    
21     49241512      7.0684960875175034e+02   6.8496087517503002e+00   50000         max_evaluations         0.6467    
22     50241549      7.0648959377774634e+02   6.4895937777463004e+00   50000         max_evaluations         0.6691    
23     51241586      7.0631649494347243e+02   6.3164949434724003e+00   50000         max_evaluations         0.7067    
24     52241623      7.0580527759531287e+02   5.8052775953128997e+00   50000         max_evaluations         0.6674    
25     53241660      7.0608867101696535e+02   6.0886710169653000e+00   50000         max_evaluations         0.6839    
26     54241697      7.0612604059761952e+02   6.1260405976195003e+00   50000         max_evaluations         0.6455    
27     55241734      7.0817509794844705e+02   8.1750979484470001e+00   50000         max_evaluations         0.6747    
28     56241771      7.0601365474415343e+02   6.0136547441534001e+00   50000         max_evaluations         0.6825    
29     57241808      7.0577939697794056e+02   5.7793969779405998e+00   50000         max_evaluations         0.4904    
30     58241845      7.0712311614698615e+02   7.1231161469861002e+00   50000         max_evaluations         0.4847    

----- F4  D5  (30 runs)  optimum=1900  target_error=1e-08 -----
Run    Seed          Best_Fitness             Error                    NFEs          Termination             Runtime_s 
1      30240805      1.9000164652190290e+03   1.6465219029000000e-02   50000         max_evaluations         0.5924    
2      31240842      1.9001742564488270e+03   1.7425644882700000e-01   50000         max_evaluations         0.5883    
3      32240879      1.9001727326925197e+03   1.7273269251970000e-01   50000         max_evaluations         0.5838    
4      33240916      1.9001450389031104e+03   1.4503890311039999e-01   50000         max_evaluations         0.5940    
5      34240953      1.9001400351024934e+03   1.4003510249340001e-01   50000         max_evaluations         0.6291    
6      35240990      1.9000100061731923e+03   1.0006173192300001e-02   50000         max_evaluations         0.6485    
7      36241027      1.9001867414133601e+03   1.8674141336000000e-01   50000         max_evaluations         0.6272    
8      37241064      1.9000309569387425e+03   3.0956938742499999e-02   50000         max_evaluations         0.6196    
9      38241101      1.9001216107068262e+03   1.2161070682620000e-01   50000         max_evaluations         0.5782    
10     39241138      1.9001447852012698e+03   1.4478520126979999e-01   50000         max_evaluations         0.6076    
11     40241175      1.9001499174938845e+03   1.4991749388450001e-01   50000         max_evaluations         0.5737    
12     41241212      1.9002574298961649e+03   2.5742989616500001e-01   50000         max_evaluations         0.6315    
13     42241249      1.9001164086067811e+03   1.1640860678100000e-01   50000         max_evaluations         0.6009    
14     43241286      1.9001522469628928e+03   1.5224696289279999e-01   50000         max_evaluations         0.5906    
15     44241323      1.9001075613398805e+03   1.0756133988050000e-01   50000         max_evaluations         0.6209    
16     45241360      1.9001414331914511e+03   1.4143319145110000e-01   50000         max_evaluations         0.6246    
17     46241397      1.9001669126225383e+03   1.6691262253830000e-01   50000         max_evaluations         0.6581    
18     47241434      1.9002474143672298e+03   2.4741436722980001e-01   50000         max_evaluations         0.6506    
19     48241471      1.9001752139260905e+03   1.7521392609049999e-01   50000         max_evaluations         0.6756    
20     49241508      1.9001679741611761e+03   1.6797416117600000e-01   50000         max_evaluations         0.6529    
21     50241545      1.9002091139633358e+03   2.0911396333580001e-01   50000         max_evaluations         0.6218    
22     51241582      1.9001032431125136e+03   1.0324311251359999e-01   50000         max_evaluations         0.6483    
23     52241619      1.9001847354164152e+03   1.8473541641520000e-01   50000         max_evaluations         0.6632    
24     53241656      1.9001802254821957e+03   1.8022548219570000e-01   50000         max_evaluations         0.6549    
25     54241693      1.9002036289873074e+03   2.0362898730740001e-01   50000         max_evaluations         0.6297    
26     55241730      1.9003217078666755e+03   3.2170786667550000e-01   50000         max_evaluations         0.6153    
27     56241767      1.9002164420282845e+03   2.1644202828449999e-01   50000         max_evaluations         0.6506    
28     57241804      1.9002435834595606e+03   2.4358345956060001e-01   50000         max_evaluations         0.6274    
29     58241841      1.9001509968892287e+03   1.5099688922870000e-01   50000         max_evaluations         0.4568    
30     59241878      1.9002398982656175e+03   2.3989826561750000e-01   50000         max_evaluations         0.4423    

----- F5  D5  (30 runs)  optimum=1700  target_error=1e-08 -----
Run    Seed          Best_Fitness             Error                    NFEs          Termination             Runtime_s 
1      31240838      1.7000384046661648e+03   3.8404666164799997e-02   50000         max_evaluations         0.6105    
2      32240875      1.7000488501523682e+03   4.8850152368199999e-02   50000         max_evaluations         0.5646    
3      33240912      1.7006488468981747e+03   6.4884689817469998e-01   50000         max_evaluations         0.7090    
4      34240949      1.7000174613002962e+03   1.7461300296200001e-02   50000         max_evaluations         0.6962    
5      35240986      1.7000601146931135e+03   6.0114693113499998e-02   50000         max_evaluations         0.6575    
6      36241023      1.7000622522317162e+03   6.2252231716200000e-02   50000         max_evaluations         0.6645    
7      37241060      1.7001502325507886e+03   1.5023255078860001e-01   50000         max_evaluations         0.6240    
8      38241097      1.7000149774357649e+03   1.4977435764900000e-02   50000         max_evaluations         0.7148    
9      39241134      1.7001681116488899e+03   1.6811164888989999e-01   50000         max_evaluations         0.6015    
10     40241171      1.7007236176960539e+03   7.2361769605399995e-01   50000         max_evaluations         0.5915    
11     41241208      1.7000769062918250e+03   7.6906291825000000e-02   50000         max_evaluations         0.6723    
12     42241245      1.7000196683893230e+03   1.9668389323000000e-02   50000         max_evaluations         0.6381    
13     43241282      1.7006320456492736e+03   6.3204564927359996e-01   50000         max_evaluations         0.7219    
14     44241319      1.7001123371475437e+03   1.1233714754370000e-01   50000         max_evaluations         0.6090    
15     45241356      1.7001029866728718e+03   1.0298667287179999e-01   50000         max_evaluations         0.6975    
16     46241393      1.7007497808658954e+03   7.4978086589540005e-01   50000         max_evaluations         0.7129    
17     47241430      1.7000376649115074e+03   3.7664911507399999e-02   50000         max_evaluations         0.6799    
18     48241467      1.7000648303001863e+03   6.4830300186299997e-02   50000         max_evaluations         0.6624    
19     49241504      1.7000088212459882e+03   8.8212459881999994e-03   50000         max_evaluations         0.7537    
20     50241541      1.7000797876746501e+03   7.9787674650000001e-02   50000         max_evaluations         0.6814    
21     51241578      1.7000426432484653e+03   4.2643248465300002e-02   50000         max_evaluations         0.6743    
22     52241615      1.7001213948038333e+03   1.2139480383329999e-01   50000         max_evaluations         0.6911    
23     53241652      1.7000262631284643e+03   2.6263128464300001e-02   50000         max_evaluations         0.7321    
24     54241689      1.7000468822291236e+03   4.6882229123600003e-02   50000         max_evaluations         0.6490    
25     55241726      1.7001005708137952e+03   1.0057081379520000e-01   50000         max_evaluations         0.6851    
26     56241763      1.7000126596347750e+03   1.2659634774999999e-02   50000         max_evaluations         0.7212    
27     57241800      1.7002169821482150e+03   2.1698214821500000e-01   50000         max_evaluations         0.7118    
28     58241837      1.7000162364325311e+03   1.6236432530999999e-02   50000         max_evaluations         0.7266    
29     59241874      1.7001592504080156e+03   1.5925040801560000e-01   50000         max_evaluations         0.5190    
30     60241911      1.7000393481142876e+03   3.9348114287600003e-02   50000         max_evaluations         0.4947    

----- F8  D5  (30 runs)  optimum=2200  target_error=1e-08 -----
Run    Seed          Best_Fitness             Error                    NFEs          Termination             Runtime_s 
1      34240937      2.2000000000027194e+03   0.0000000000000000e+00   50000         max_evaluations         0.5987    
2      35240974      2.2000000000003215e+03   0.0000000000000000e+00   50000         max_evaluations         0.6524    
3      36241011      2.2000000000005220e+03   0.0000000000000000e+00   50000         max_evaluations         0.6410    
4      37241048      2.2000000000003943e+03   0.0000000000000000e+00   50000         max_evaluations         0.6280    
5      38241085      2.2000000000526134e+03   5.2613399999999998e-08   50000         max_evaluations         0.6111    
6      39241122      2.2000000000002092e+03   0.0000000000000000e+00   50000         max_evaluations         0.6201    
7      40241159      2.2000000000000000e+03   0.0000000000000000e+00   50000         max_evaluations         0.5858    
8      41241196      2.2000000000000068e+03   0.0000000000000000e+00   50000         max_evaluations         0.6648    
9      42241233      2.2000000000000005e+03   0.0000000000000000e+00   50000         max_evaluations         0.6400    
10     43241270      2.2000000000041155e+03   0.0000000000000000e+00   50000         max_evaluations         0.5869    
11     44241307      2.2000000000206528e+03   2.0653000000000000e-08   50000         max_evaluations         0.6535    
12     45241344      2.2000000000020455e+03   0.0000000000000000e+00   50000         max_evaluations         0.5989    
13     46241381      2.2000000000000014e+03   0.0000000000000000e+00   50000         max_evaluations         0.5803    
14     47241418      2.3009537264134215e+03   1.0095372641342151e+02   50000         max_evaluations         0.6455    
15     48241455      2.2000000000000482e+03   0.0000000000000000e+00   50000         max_evaluations         0.7224    
16     49241492      2.2000000752998608e+03   7.5299861000000000e-05   50000         max_evaluations         0.7182    
17     50241529      2.2000000000000005e+03   0.0000000000000000e+00   50000         max_evaluations         0.7624    
18     51241566      2.2000000000000009e+03   0.0000000000000000e+00   50000         max_evaluations         0.7436    
19     52241603      2.2000000000039317e+03   0.0000000000000000e+00   50000         max_evaluations         0.8048    
20     53241640      2.2000000000000023e+03   0.0000000000000000e+00   50000         max_evaluations         0.7881    
21     54241677      2.2000000000480791e+03   4.8079000000000003e-08   50000         max_evaluations         0.7528    
22     55241714      2.2000000000000114e+03   0.0000000000000000e+00   50000         max_evaluations         0.7888    
23     56241751      2.2000000000004093e+03   0.0000000000000000e+00   50000         max_evaluations         0.7171    
24     57241788      2.2000000000001733e+03   0.0000000000000000e+00   50000         max_evaluations         0.7807    
25     58241825      2.2000000030053320e+03   3.0053319999999999e-06   50000         max_evaluations         0.7296    
26     59241862      2.2000000000398195e+03   3.9819500000000001e-08   50000         max_evaluations         0.7469    
27     60241899      2.2000000000000391e+03   0.0000000000000000e+00   50000         max_evaluations         0.7520    
28     61241936      2.2000000000000282e+03   0.0000000000000000e+00   50000         max_evaluations         0.7744    
29     62241973      2.2000000000011196e+03   0.0000000000000000e+00   50000         max_evaluations         0.5274    
30     63242010      2.2000000000000496e+03   0.0000000000000000e+00   50000         max_evaluations         0.5390    

----- F9  D5  (30 runs)  optimum=2400  target_error=1e-08 -----
Run    Seed          Best_Fitness             Error                    NFEs          Termination             Runtime_s 
1      35240970      2.5000000000000646e+03   1.0000000000006460e+02   50000         max_evaluations         0.6602    
2      36241007      2.5000000000000000e+03   1.0000000000000000e+02   50000         max_evaluations         0.6317    
3      37241044      2.5000000000000000e+03   1.0000000000000000e+02   50000         max_evaluations         0.5528    
4      38241081      2.5000000000000000e+03   1.0000000000000000e+02   50000         max_evaluations         0.6563    
5      39241118      2.5000000000000014e+03   1.0000000000000141e+02   50000         max_evaluations         0.6545    
6      40241155      2.5000000000000005e+03   1.0000000000000050e+02   50000         max_evaluations         0.6311    
7      41241192      2.5000000000000000e+03   1.0000000000000000e+02   50000         max_evaluations         0.6724    
8      42241229      2.5000000000000005e+03   1.0000000000000050e+02   50000         max_evaluations         0.6417    
9      43241266      2.5000000000000068e+03   1.0000000000000701e+02   50000         max_evaluations         0.5943    
10     44241303      2.5000000000000000e+03   1.0000000000000000e+02   50000         max_evaluations         0.6440    
11     45241340      2.5000000000000005e+03   1.0000000000000050e+02   50000         max_evaluations         0.6804    
12     46241377      2.5000000000000000e+03   1.0000000000000000e+02   50000         max_evaluations         0.6637    
13     47241414      2.5000000000000005e+03   1.0000000000000050e+02   50000         max_evaluations         0.6285    
14     48241451      2.5000000000000005e+03   1.0000000000000050e+02   50000         max_evaluations         0.6410    
15     49241488      2.5000000000000000e+03   1.0000000000000000e+02   50000         max_evaluations         0.8072    
16     50241525      2.5000000000000005e+03   1.0000000000000050e+02   50000         max_evaluations         0.7639    
17     51241562      2.5000000000000000e+03   1.0000000000000000e+02   50000         max_evaluations         0.7787    
18     52241599      2.5000000000000000e+03   1.0000000000000000e+02   50000         max_evaluations         0.8200    
19     53241636      2.5000000000001532e+03   1.0000000000015319e+02   50000         max_evaluations         0.7973    
20     54241673      2.5000000000000005e+03   1.0000000000000050e+02   50000         max_evaluations         0.7786    
21     55241710      2.5000000000000014e+03   1.0000000000000141e+02   50000         max_evaluations         0.8107    
22     56241747      2.5000000000000014e+03   1.0000000000000141e+02   50000         max_evaluations         0.7797    
23     57241784      2.5000000000004015e+03   1.0000000000040150e+02   50000         max_evaluations         0.7834    
24     58241821      2.5000000000000109e+03   1.0000000000001100e+02   50000         max_evaluations         0.7758    
25     59241858      2.5000000000000000e+03   1.0000000000000000e+02   50000         max_evaluations         0.7956    
26     60241895      2.5000000000000000e+03   1.0000000000000000e+02   50000         max_evaluations         0.7998    
27     61241932      2.5000000000054811e+03   1.0000000000548100e+02   50000         max_evaluations         0.8045    
28     62241969      2.5000000000000000e+03   1.0000000000000000e+02   50000         max_evaluations         0.7663    
29     63242006      2.5000000000000000e+03   1.0000000000000000e+02   50000         max_evaluations         0.5524    
30     64242043      2.5000000000000005e+03   1.0000000000000050e+02   50000         max_evaluations         0.5468    

----- F10  D5  (30 runs)  optimum=2500  target_error=1e-08 -----
Run    Seed          Best_Fitness             Error                    NFEs          Termination             Runtime_s 
1      36241003      2.8473669159351875e+03   3.4736691593518748e+02   50000         max_evaluations         0.6738    
2      37241040      2.8473669159378437e+03   3.4736691593784371e+02   50000         max_evaluations         0.6283    
3      38241077      2.8000000000000091e+03   3.0000000000000898e+02   50000         max_evaluations         0.6590    
4      39241114      2.8473669159354381e+03   3.4736691593543799e+02   50000         max_evaluations         0.7050    
5      40241151      2.8473688888613565e+03   3.4736888886135648e+02   50000         max_evaluations         0.6916    
6      41241188      2.8473673641073779e+03   3.4736736410737802e+02   50000         max_evaluations         0.6345    
7      42241225      2.5011886223770648e+03   1.1886223770650000e+00   50000         max_evaluations         0.6583    
8      43241262      2.8473669159352398e+03   3.4736691593524000e+02   50000         max_evaluations         0.6643    
9      44241299      2.8473669159351875e+03   3.4736691593518748e+02   50000         max_evaluations         0.6671    
10     45241336      2.8000000000000009e+03   3.0000000000000102e+02   50000         max_evaluations         0.6066    
11     46241373      2.8473669159351880e+03   3.4736691593518799e+02   50000         max_evaluations         0.6745    
12     47241410      2.8473669159351875e+03   3.4736691593518748e+02   50000         max_evaluations         0.6702    
13     48241447      2.8473673145940074e+03   3.4736731459400738e+02   50000         max_evaluations         0.6840    
14     49241484      2.8473669161752969e+03   3.4736691617529698e+02   50000         max_evaluations         0.6021    
15     50241521      2.8473669278635070e+03   3.4736692786350699e+02   50000         max_evaluations         0.8292    
16     51241558      2.8473669159351880e+03   3.4736691593518799e+02   50000         max_evaluations         0.8563    
17     52241595      2.8473669159365350e+03   3.4736691593653501e+02   50000         max_evaluations         0.8190    
18     53241632      2.8000000000000146e+03   3.0000000000001461e+02   50000         max_evaluations         0.8025    
19     54241669      2.8473669159369092e+03   3.4736691593690898e+02   50000         max_evaluations         0.8202    
20     55241706      2.8473669159351875e+03   3.4736691593518748e+02   50000         max_evaluations         0.8348    
21     56241743      2.8473669159351875e+03   3.4736691593518748e+02   50000         max_evaluations         0.8370    
22     57241780      2.8473669159351875e+03   3.4736691593518748e+02   50000         max_evaluations         0.8255    
23     58241817      2.8473669243329082e+03   3.4736692433290801e+02   50000         max_evaluations         0.8226    
24     59241854      2.8473717185218507e+03   3.4737171852185071e+02   50000         max_evaluations         0.7937    
25     60241891      2.8473669159351880e+03   3.4736691593518799e+02   50000         max_evaluations         0.8336    
26     61241928      2.8473669159389397e+03   3.4736691593893971e+02   50000         max_evaluations         0.7956    
27     62241965      2.8000000000000005e+03   3.0000000000000051e+02   50000         max_evaluations         0.8163    
28     63242002      2.8473669159351884e+03   3.4736691593518839e+02   50000         max_evaluations         0.8569    
29     64242039      2.8000000000001478e+03   3.0000000000014802e+02   50000         max_evaluations         0.5685    
30     65242076      2.8473669159395731e+03   3.4736691593957300e+02   50000         max_evaluations         0.5558    

