==============================================================================================================
DETAILED PER-RUN LOG   ATMALS-GSK   CEC2020   D20
runs per function : 30
functions         : [1 2 3 4 5 6 7 8 9 10]
statistics basis  : error vs known optimum
generated         : 2026-07-28_18.33.46
==============================================================================================================

----- F1  D20  (30 runs)  optimum=100  target_error=1e-08 -----
Run    Seed          Best_Fitness             Error                    NFEs          Termination             Runtime_s 
1      42240751      1.0000000000000001e+02   0.0000000000000000e+00   10000000      max_evaluations         169.6417  
2      43240788      1.0000000000000000e+02   0.0000000000000000e+00   10000000      max_evaluations         168.9931  
3      44240825      1.0000000000000001e+02   0.0000000000000000e+00   10000000      max_evaluations         166.7894  
4      45240862      1.0000000000000000e+02   0.0000000000000000e+00   10000000      max_evaluations         168.7149  
5      46240899      1.0000000000000000e+02   0.0000000000000000e+00   10000000      max_evaluations         168.7650  
6      47240936      1.0000000000000000e+02   0.0000000000000000e+00   10000000      max_evaluations         172.0419  
7      48240973      1.0000000000000000e+02   0.0000000000000000e+00   10000000      max_evaluations         170.0868  
8      49241010      1.0000000000000000e+02   0.0000000000000000e+00   10000000      max_evaluations         170.2012  
9      50241047      1.0000000000000000e+02   0.0000000000000000e+00   10000000      max_evaluations         171.2144  
10     51241084      1.0000000000000000e+02   0.0000000000000000e+00   10000000      max_evaluations         172.6835  
11     52241121      1.0000000000000000e+02   0.0000000000000000e+00   10000000      max_evaluations         169.0290  
12     53241158      1.0000000000000001e+02   0.0000000000000000e+00   10000000      max_evaluations         171.0484  
13     54241195      1.0000000000000001e+02   0.0000000000000000e+00   10000000      max_evaluations         168.8084  
14     55241232      1.0000000000000000e+02   0.0000000000000000e+00   10000000      max_evaluations         166.7744  
15     56241269      1.0000000000000000e+02   0.0000000000000000e+00   10000000      max_evaluations         174.3197  
16     57241306      1.0000000000000000e+02   0.0000000000000000e+00   10000000      max_evaluations         173.1350  
17     58241343      1.0000000000000000e+02   0.0000000000000000e+00   10000000      max_evaluations         174.9212  
18     59241380      1.0000000000000000e+02   0.0000000000000000e+00   10000000      max_evaluations         174.0003  
19     60241417      1.0000000000000000e+02   0.0000000000000000e+00   10000000      max_evaluations         173.6459  
20     61241454      1.0000000000000000e+02   0.0000000000000000e+00   10000000      max_evaluations         173.6297  
21     62241491      1.0000000000000001e+02   0.0000000000000000e+00   10000000      max_evaluations         177.4866  
22     63241528      1.0000000000000001e+02   0.0000000000000000e+00   10000000      max_evaluations         173.7546  
23     64241565      1.0000000000000000e+02   0.0000000000000000e+00   10000000      max_evaluations         177.0479  
24     65241602      1.0000000000000000e+02   0.0000000000000000e+00   10000000      max_evaluations         175.9261  
25     66241639      1.0000000000000000e+02   0.0000000000000000e+00   10000000      max_evaluations         177.1844  
26     67241676      1.0000000000000000e+02   0.0000000000000000e+00   10000000      max_evaluations         176.1465  
27     68241713      1.0000000000000000e+02   0.0000000000000000e+00   10000000      max_evaluations         176.1027  
28     69241750      1.0000000000000000e+02   0.0000000000000000e+00   10000000      max_evaluations         174.9768  
29     70241787      1.0000000000000001e+02   0.0000000000000000e+00   10000000      max_evaluations         56.9979   
30     71241824      1.0000000000000001e+02   0.0000000000000000e+00   10000000      max_evaluations         56.4561   

----- F2  D20  (30 runs)  optimum=1100  target_error=1e-08 -----
Run    Seed          Best_Fitness             Error                    NFEs          Termination             Runtime_s 
1      43240784      2.3024395583255382e+03   1.2024395583255380e+03   10000000      max_evaluations         182.4008  
2      44240821      1.9603062032548924e+03   8.6030620325489235e+02   10000000      max_evaluations         176.6026  
3      45240858      1.9524077260034965e+03   8.5240772600349646e+02   10000000      max_evaluations         182.6012  
4      46240895      1.6167315137825517e+03   5.1673151378255170e+02   10000000      max_evaluations         180.9228  
5      47240932      1.4739151536341142e+03   3.7391515363411418e+02   10000000      max_evaluations         180.0279  
6      48240969      1.3619943773284631e+03   2.6199437732846297e+02   10000000      max_evaluations         180.7441  
7      49241006      1.7182356459540970e+03   6.1823564595409698e+02   10000000      max_evaluations         180.9583  
8      50241043      1.7364418251841525e+03   6.3644182518415255e+02   10000000      max_evaluations         185.4255  
9      51241080      1.9642005909267591e+03   8.6420059092675899e+02   10000000      max_evaluations         186.5965  
10     52241117      1.8469899588859498e+03   7.4698995888594982e+02   10000000      max_evaluations         184.4095  
11     53241154      1.7284133999841442e+03   6.2841339998414423e+02   10000000      max_evaluations         183.2066  
12     54241191      2.4279545499100304e+03   1.3279545499100304e+03   10000000      max_evaluations         188.8871  
13     55241228      1.4824052947247919e+03   3.8240529472479199e+02   10000000      max_evaluations         175.0916  
14     56241265      1.7361078585004780e+03   6.3610785850047796e+02   10000000      max_evaluations         181.8008  
15     57241302      1.8947272426133441e+03   7.9472724261334395e+02   10000000      max_evaluations         183.3518  
16     58241339      1.7809484328605204e+03   6.8094843286052037e+02   10000000      max_evaluations         178.3641  
17     59241376      1.9521187729659250e+03   8.5211877296592502e+02   10000000      max_evaluations         183.3249  
18     60241413      1.4980669764026597e+03   3.9806697640265969e+02   10000000      max_evaluations         183.8924  
19     61241450      1.3478830817056069e+03   2.4788308170560691e+02   10000000      max_evaluations         179.1562  
20     62241487      1.7264826955298759e+03   6.2648269552987585e+02   10000000      max_evaluations         184.4204  
21     63241524      1.3582490280991442e+03   2.5824902809914420e+02   10000000      max_evaluations         179.7885  
22     64241561      1.8352153345531979e+03   7.3521533455319786e+02   10000000      max_evaluations         182.0513  
23     65241598      1.3511732638702897e+03   2.5117326387028970e+02   10000000      max_evaluations         177.3379  
24     66241635      1.7039284118807391e+03   6.0392841188073896e+02   10000000      max_evaluations         181.6942  
25     67241672      1.5915009099828903e+03   4.9150090998289028e+02   10000000      max_evaluations         182.6029  
26     68241709      1.7055918454038792e+03   6.0559184540387923e+02   10000000      max_evaluations         181.0567  
27     69241746      1.8388497126134398e+03   7.3884971261343981e+02   10000000      max_evaluations         181.0093  
28     70241783      1.2676622545101782e+03   1.6766225451017820e+02   10000000      max_evaluations         177.5673  
29     71241820      1.8146910944422552e+03   7.1469109444225523e+02   10000000      max_evaluations         65.1936   
30     72241857      1.6163072268045635e+03   5.1630722680456347e+02   10000000      max_evaluations         62.1548   

----- F3  D20  (30 runs)  optimum=700  target_error=1e-08 -----
Run    Seed          Best_Fitness             Error                    NFEs          Termination             Runtime_s 
1      44240817      7.3036163717025136e+02   3.0361637170251399e+01   10000000      max_evaluations         184.5345  
2      45240854      7.2579728471029784e+02   2.5797284710297799e+01   10000000      max_evaluations         187.3210  
3      46240891      7.3211430408184901e+02   3.2114304081848999e+01   10000000      max_evaluations         183.0942  
4      47240928      7.3603190727439937e+02   3.6031907274399401e+01   10000000      max_evaluations         188.5819  
5      48240965      7.2967698052675780e+02   2.9676980526757799e+01   10000000      max_evaluations         184.3744  
6      49241002      7.2750315972081694e+02   2.7503159720816900e+01   10000000      max_evaluations         186.8957  
7      50241039      7.3157157540821368e+02   3.1571575408213700e+01   10000000      max_evaluations         191.7492  
8      51241076      7.3633787761927886e+02   3.6337877619278899e+01   10000000      max_evaluations         190.9063  
9      52241113      7.2692954881417484e+02   2.6929548814174801e+01   10000000      max_evaluations         191.5638  
10     53241150      7.2383484959956786e+02   2.3834849599567900e+01   10000000      max_evaluations         190.4564  
11     54241187      7.2433296235456589e+02   2.4332962354565900e+01   10000000      max_evaluations         188.8669  
12     55241224      7.2633317853482424e+02   2.6333178534824199e+01   10000000      max_evaluations         186.7787  
13     56241261      7.2781777058802436e+02   2.7817770588024398e+01   10000000      max_evaluations         183.4732  
14     57241298      7.3214920156678784e+02   3.2149201566787802e+01   10000000      max_evaluations         188.1686  
15     58241335      7.2735804388958320e+02   2.7358043889583200e+01   10000000      max_evaluations         186.3796  
16     59241372      7.2238484570751871e+02   2.2384845707518700e+01   10000000      max_evaluations         186.8663  
17     60241409      7.2932128481754421e+02   2.9321284817544200e+01   10000000      max_evaluations         184.9631  
18     61241446      7.2589519198285495e+02   2.5895191982855000e+01   10000000      max_evaluations         187.5093  
19     62241483      7.3081050169491607e+02   3.0810501694916098e+01   10000000      max_evaluations         190.4531  
20     63241520      7.3274536783522740e+02   3.2745367835227398e+01   10000000      max_evaluations         191.7520  
21     64241557      7.2427467750664016e+02   2.4274677506640199e+01   10000000      max_evaluations         187.1989  
22     65241594      7.2484796637746410e+02   2.4847966377464100e+01   10000000      max_evaluations         187.4349  
23     66241631      7.3007464111331581e+02   3.0074641113315799e+01   10000000      max_evaluations         188.6476  
24     67241668      7.2542527867597755e+02   2.5425278675977601e+01   10000000      max_evaluations         191.0777  
25     68241705      7.2770349497775044e+02   2.7703494977750399e+01   10000000      max_evaluations         189.5017  
26     69241742      7.2459860578108623e+02   2.4598605781086199e+01   10000000      max_evaluations         189.4639  
27     70241779      7.3241952686829143e+02   3.2419526868291399e+01   10000000      max_evaluations         188.8472  
28     71241816      7.2786837735291954e+02   2.7868377352919499e+01   10000000      max_evaluations         189.0912  
29     72241853      7.3109364153148886e+02   3.1093641531488899e+01   10000000      max_evaluations         63.3769   
30     73241890      7.2782543452211371e+02   2.7825434522113699e+01   10000000      max_evaluations         63.0801   

----- F4  D20  (30 runs)  optimum=1900  target_error=1e-08 -----
Run    Seed          Best_Fitness             Error                    NFEs          Termination             Runtime_s 
1      45240850      1.9007832424342109e+03   7.8324243421100004e-01   10000000      max_evaluations         186.8296  
2      46240887      1.9005441949056678e+03   5.4419490566780004e-01   10000000      max_evaluations         188.4985  
3      47240924      1.9006008459747636e+03   6.0084597476360002e-01   10000000      max_evaluations         186.6968  
4      48240961      1.9009166710154234e+03   9.1667101542340002e-01   10000000      max_evaluations         188.4281  
5      49240998      1.9007293038091250e+03   7.2930380912500004e-01   10000000      max_evaluations         187.1757  
6      50241035      1.9007794253342042e+03   7.7942533420420002e-01   10000000      max_evaluations         185.1944  
7      51241072      1.9004350197105309e+03   4.3501971053100003e-01   10000000      max_evaluations         180.7232  
8      52241109      1.9007830832198770e+03   7.8308321987700003e-01   10000000      max_evaluations         183.1249  
9      53241146      1.9002868823488636e+03   2.8688234886359998e-01   10000000      max_evaluations         181.7841  
10     54241183      1.9003743283901263e+03   3.7432839012629998e-01   10000000      max_evaluations         183.1003  
11     55241220      1.9007717507791201e+03   7.7175077912000001e-01   10000000      max_evaluations         182.7492  
12     56241257      1.9004763871000512e+03   4.7638710005120000e-01   10000000      max_evaluations         182.1467  
13     57241294      1.9006269830560573e+03   6.2698305605729998e-01   10000000      max_evaluations         185.9862  
14     58241331      1.9005361708716052e+03   5.3617087160520005e-01   10000000      max_evaluations         186.8888  
15     59241368      1.9007404579405966e+03   7.4045794059659997e-01   10000000      max_evaluations         177.7104  
16     60241405      1.9005583402440527e+03   5.5834024405270000e-01   10000000      max_evaluations         182.3436  
17     61241442      1.9007189264288152e+03   7.1892642881519997e-01   10000000      max_evaluations         179.3505  
18     62241479      1.9005357949248655e+03   5.3579492486549996e-01   10000000      max_evaluations         181.5530  
19     63241516      1.9006380699391302e+03   6.3806993913020005e-01   10000000      max_evaluations         181.1428  
20     64241553      1.9005433982789152e+03   5.4339827891519998e-01   10000000      max_evaluations         179.4680  
21     65241590      1.9005901265286407e+03   5.9012652864070003e-01   10000000      max_evaluations         178.9873  
22     66241627      1.9004959455737239e+03   4.9594557372400000e-01   10000000      max_evaluations         183.3430  
23     67241664      1.9006572684802170e+03   6.5726848021700002e-01   10000000      max_evaluations         182.0776  
24     68241701      1.9007983824452920e+03   7.9838244529199998e-01   10000000      max_evaluations         181.7114  
25     69241738      1.9007540377053431e+03   7.5403770534299996e-01   10000000      max_evaluations         181.9365  
26     70241775      1.9005360913923278e+03   5.3609139232780001e-01   10000000      max_evaluations         181.0920  
27     71241812      1.9007785923486620e+03   7.7859234866200000e-01   10000000      max_evaluations         180.8831  
28     72241849      1.9007287541829273e+03   7.2875418292729999e-01   10000000      max_evaluations         181.1529  
29     73241886      1.9006820911289878e+03   6.8209112898780000e-01   10000000      max_evaluations         64.1985   
30     74241923      1.9007332169152787e+03   7.3321691527870003e-01   10000000      max_evaluations         62.1150   

----- F5  D20  (30 runs)  optimum=1700  target_error=1e-08 -----
Run    Seed          Best_Fitness             Error                    NFEs          Termination             Runtime_s 
1      46240883      1.7274059958291361e+03   2.7405995829136099e+01   10000000      max_evaluations         201.3065  
2      47240920      1.8282135565739136e+03   1.2821355657391359e+02   10000000      max_evaluations         199.7938  
3      48240957      2.0641326962317321e+03   3.6413269623173198e+02   10000000      max_evaluations         199.4847  
4      49240994      1.9675360426548150e+03   2.6753604265481499e+02   10000000      max_evaluations         201.1737  
5      50241031      1.8317067684816589e+03   1.3170676848165891e+02   10000000      max_evaluations         200.9568  
6      51241068      1.9585913645632997e+03   2.5859136456329969e+02   10000000      max_evaluations         205.9914  
7      52241105      1.8426787739766819e+03   1.4267877397668201e+02   10000000      max_evaluations         203.2763  
8      53241142      1.8228345117883725e+03   1.2283451178837250e+02   10000000      max_evaluations         205.9056  
9      54241179      1.8338382013182713e+03   1.3383820131827130e+02   10000000      max_evaluations         204.2029  
10     55241216      1.8527262055513579e+03   1.5272620555135799e+02   10000000      max_evaluations         205.3142  
11     56241253      1.8399349161293949e+03   1.3993491612939491e+02   10000000      max_evaluations         205.8188  
12     57241290      1.8629230092553018e+03   1.6292300925530179e+02   10000000      max_evaluations         204.3360  
13     58241327      1.8543278966987405e+03   1.5432789669874049e+02   10000000      max_evaluations         198.8675  
14     59241364      1.7331576313144105e+03   3.3157631314410501e+01   10000000      max_evaluations         200.0992  
15     60241401      1.8471177332728764e+03   1.4711773327287639e+02   10000000      max_evaluations         201.1482  
16     61241438      1.8236213003726850e+03   1.2362130037268500e+02   10000000      max_evaluations         200.9148  
17     62241475      1.8253701941250599e+03   1.2537019412506000e+02   10000000      max_evaluations         201.2901  
18     63241512      1.8396446699778626e+03   1.3964466997786261e+02   10000000      max_evaluations         200.9117  
19     64241549      1.8279725372499211e+03   1.2797253724992100e+02   10000000      max_evaluations         203.8785  
20     65241586      1.8495393920643066e+03   1.4953939206430661e+02   10000000      max_evaluations         201.6543  
21     66241623      1.8329473274975685e+03   1.3294732749756849e+02   10000000      max_evaluations         203.2382  
22     67241660      1.9390747578158432e+03   2.3907475781584321e+02   10000000      max_evaluations         203.6292  
23     68241697      1.8267694077200472e+03   1.2676940772004720e+02   10000000      max_evaluations         204.0062  
24     69241734      1.7306593734259391e+03   3.0659373425938998e+01   10000000      max_evaluations         204.4245  
25     70241771      1.7287735405481428e+03   2.8773540548142801e+01   10000000      max_evaluations         202.7686  
26     71241808      1.7201073112666559e+03   2.0107311266655898e+01   10000000      max_evaluations         203.4479  
27     72241845      1.9497408485582032e+03   2.4974084855820320e+02   10000000      max_evaluations         203.3468  
28     73241882      1.8261195532233367e+03   1.2611955322333669e+02   10000000      max_evaluations         202.9590  
29     74241919      1.8308533241469918e+03   1.3085332414699181e+02   10000000      max_evaluations         65.6626   
30     75241956      1.8309574093833817e+03   1.3095740938338170e+02   10000000      max_evaluations         65.1704   

----- F6  D20  (30 runs)  optimum=1600  target_error=1e-08 -----
Run    Seed          Best_Fitness             Error                    NFEs          Termination             Runtime_s 
1      47240916      1.6012093685820926e+03   1.2093685820925999e+00   10000000      max_evaluations         193.8694  
2      48240953      1.6016395604704812e+03   1.6395604704811999e+00   10000000      max_evaluations         195.3204  
3      49240990      1.6002732374410425e+03   2.7323744104249997e-01   10000000      max_evaluations         193.5975  
4      50241027      1.6013651155900789e+03   1.3651155900789000e+00   10000000      max_evaluations         195.6915  
5      51241064      1.6003102157986168e+03   3.1021579861679999e-01   10000000      max_evaluations         194.7452  
6      52241101      1.6016255868549767e+03   1.6255868549767001e+00   10000000      max_evaluations         189.0796  
7      53241138      1.6005300747373049e+03   5.3007473730489996e-01   10000000      max_evaluations         189.0628  
8      54241175      1.6012773981078192e+03   1.2773981078192000e+00   10000000      max_evaluations         189.9854  
9      55241212      1.6003929248713255e+03   3.9292487132550002e-01   10000000      max_evaluations         190.6607  
10     56241249      1.6002805182535196e+03   2.8051825351960002e-01   10000000      max_evaluations         192.2640  
11     57241286      1.6002384554257681e+03   2.3845542576800000e-01   10000000      max_evaluations         191.4593  
12     58241323      1.6002143134032951e+03   2.1431340329510001e-01   10000000      max_evaluations         189.8600  
13     59241360      1.6117228330610358e+03   1.1722833061035800e+01   10000000      max_evaluations         194.8181  
14     60241397      1.6011136879070129e+03   1.1136879070129999e+00   10000000      max_evaluations         193.1382  
15     61241434      1.6003483942553132e+03   3.4839425531320001e-01   10000000      max_evaluations         196.9561  
16     62241471      1.6012011035010880e+03   1.2011035010880000e+00   10000000      max_evaluations         195.9752  
17     63241508      1.6002199077312346e+03   2.1990773123460000e-01   10000000      max_evaluations         197.3350  
18     64241545      1.6002543387629496e+03   2.5433876294960001e-01   10000000      max_evaluations         196.4082  
19     65241582      1.6003475025611804e+03   3.4750256118040002e-01   10000000      max_evaluations         196.5565  
20     66241619      1.6010818907522380e+03   1.0818907522379999e+00   10000000      max_evaluations         196.6451  
21     67241656      1.6002038940792768e+03   2.0389407927680001e-01   10000000      max_evaluations         196.2429  
22     68241693      1.6003510624657308e+03   3.5106246573080002e-01   10000000      max_evaluations         202.0544  
23     69241730      1.6011923673291342e+03   1.1923673291342001e+00   10000000      max_evaluations         202.8251  
24     70241767      1.6018512281217095e+03   1.8512281217094999e+00   10000000      max_evaluations         202.8528  
25     71241804      1.6016745608947092e+03   1.6745608947092001e+00   10000000      max_evaluations         203.5102  
26     72241841      1.6012388430603685e+03   1.2388430603684999e+00   10000000      max_evaluations         202.2328  
27     73241878      1.6016176769940150e+03   1.6176769940150000e+00   10000000      max_evaluations         201.6825  
28     74241915      1.6067529433206066e+03   6.7529433206066001e+00   10000000      max_evaluations         202.3101  
29     75241952      1.6013236020319705e+03   1.3236020319705000e+00   10000000      max_evaluations         115.3543  
30     76241989      1.6012242956949119e+03   1.2242956949120001e+00   10000000      max_evaluations         114.1402  

----- F7  D20  (30 runs)  optimum=2100  target_error=1e-08 -----
Run    Seed          Best_Fitness             Error                    NFEs          Termination             Runtime_s 
1      48240949      2.1085631247482147e+03   8.5631247482146993e+00   10000000      max_evaluations         197.2216  
2      49240986      2.1089357422650510e+03   8.9357422650509992e+00   10000000      max_evaluations         196.5162  
3      50241023      2.2196736406292780e+03   1.1967364062927800e+02   10000000      max_evaluations         198.2942  
4      51241060      2.1084278873104818e+03   8.4278873104818004e+00   10000000      max_evaluations         198.3898  
5      52241097      2.2361940294439237e+03   1.3619402944392371e+02   10000000      max_evaluations         198.4694  
6      53241134      2.1088007612547153e+03   8.8007612547152991e+00   10000000      max_evaluations         215.0160  
7      54241171      2.1007936682750455e+03   7.9366827504549997e-01   10000000      max_evaluations         215.0084  
8      55241208      2.1087982975768041e+03   8.7982975768039999e+00   10000000      max_evaluations         212.7079  
9      56241245      2.2430360830187287e+03   1.4303608301872870e+02   10000000      max_evaluations         216.0552  
10     57241282      2.1291303154248753e+03   2.9130315424875299e+01   10000000      max_evaluations         216.4810  
11     58241319      2.1085958709308347e+03   8.5958709308346997e+00   10000000      max_evaluations         215.5157  
12     59241356      2.2197556669139572e+03   1.1975566691395700e+02   10000000      max_evaluations         216.6647  
13     60241393      2.1000300795851631e+03   3.0079585163000001e-02   10000000      max_evaluations         195.2908  
14     61241430      2.1292082030067600e+03   2.9208203006760002e+01   10000000      max_evaluations         198.0639  
15     62241467      2.1122708282304479e+03   1.2270828230448000e+01   10000000      max_evaluations         208.4010  
16     63241504      2.2653167431267389e+03   1.6531674312673900e+02   10000000      max_evaluations         208.0639  
17     64241541      2.1002368204173554e+03   2.3682041735539999e-01   10000000      max_evaluations         208.0795  
18     65241578      2.1003177186402595e+03   3.1771864025949997e-01   10000000      max_evaluations         205.2985  
19     66241615      2.1040495848971718e+03   4.0495848971720001e+00   10000000      max_evaluations         209.3720  
20     67241652      2.1087266171651709e+03   8.7266171651709996e+00   10000000      max_evaluations         209.7162  
21     68241689      2.1005901465418065e+03   5.9014654180649995e-01   10000000      max_evaluations         209.6298  
22     69241726      2.1120902542745675e+03   1.2090254274567499e+01   10000000      max_evaluations         212.5762  
23     70241763      2.2236244759088181e+03   1.2362447590881800e+02   10000000      max_evaluations         211.6861  
24     71241800      2.2310444304346183e+03   1.3104443043461831e+02   10000000      max_evaluations         211.7037  
25     72241837      2.1085754358261747e+03   8.5754358261747008e+00   10000000      max_evaluations         212.4934  
26     73241874      2.1042130419813075e+03   4.2130419813074997e+00   10000000      max_evaluations         211.0611  
27     74241911      2.1122952338532309e+03   1.2295233853231000e+01   10000000      max_evaluations         211.3670  
28     75241948      2.1003933816865574e+03   3.9338168655740002e-01   10000000      max_evaluations         211.8417  
29     76241985      2.1040385013882315e+03   4.0385013882315004e+00   10000000      max_evaluations         115.2900  
30     77242022      2.2606397223202162e+03   1.6063972232021601e+02   10000000      max_evaluations         115.0519  

----- F8  D20  (30 runs)  optimum=2200  target_error=1e-08 -----
Run    Seed          Best_Fitness             Error                    NFEs          Termination             Runtime_s 
1      49240982      2.3000000000000009e+03   1.0000000000000099e+02   10000000      max_evaluations         204.8560  
2      50241019      2.3015648054496942e+03   1.0156480544969401e+02   10000000      max_evaluations         206.5256  
3      51241056      2.3000000000000005e+03   1.0000000000000050e+02   10000000      max_evaluations         203.7866  
4      52241093      2.3000000000000009e+03   1.0000000000000099e+02   10000000      max_evaluations         203.9649  
5      53241130      2.3017429794089549e+03   1.0174297940895499e+02   10000000      max_evaluations         204.1098  
6      54241167      2.3020227654178748e+03   1.0202276541787499e+02   10000000      max_evaluations         213.5185  
7      55241204      2.3011258072366463e+03   1.0112580723664630e+02   10000000      max_evaluations         211.6446  
8      56241241      2.3017727992105274e+03   1.0177279921052740e+02   10000000      max_evaluations         214.6213  
9      57241278      2.3026014336026119e+03   1.0260143360261200e+02   10000000      max_evaluations         212.3387  
10     58241315      2.3015091661580768e+03   1.0150916615807699e+02   10000000      max_evaluations         213.3401  
11     59241352      2.3000000000000009e+03   1.0000000000000099e+02   10000000      max_evaluations         212.7232  
12     60241389      2.3017644985338670e+03   1.0176449853386700e+02   10000000      max_evaluations         215.2985  
13     61241426      2.3022714201804852e+03   1.0227142018048499e+02   10000000      max_evaluations         204.7003  
14     62241463      2.3012013883194850e+03   1.0120138831948501e+02   10000000      max_evaluations         204.8595  
15     63241500      2.3013234972411883e+03   1.0132349724118831e+02   10000000      max_evaluations         218.1782  
16     64241537      2.3013254486295982e+03   1.0132544862959800e+02   10000000      max_evaluations         218.2174  
17     65241574      2.3013650850830609e+03   1.0136508508306100e+02   10000000      max_evaluations         219.8176  
18     66241611      2.3011244574707089e+03   1.0112445747070900e+02   10000000      max_evaluations         215.8658  
19     67241648      2.3019345056166198e+03   1.0193450561662000e+02   10000000      max_evaluations         217.2947  
20     68241685      2.3000000000000005e+03   1.0000000000000050e+02   10000000      max_evaluations         216.4537  
21     69241722      2.3000000000000005e+03   1.0000000000000050e+02   10000000      max_evaluations         217.4683  
22     70241759      2.3017916813245820e+03   1.0179168132458200e+02   10000000      max_evaluations         222.3353  
23     71241796      2.3000000000000005e+03   1.0000000000000050e+02   10000000      max_evaluations         224.0377  
24     72241833      2.3000000000000009e+03   1.0000000000000099e+02   10000000      max_evaluations         223.7106  
25     73241870      2.3013254486295982e+03   1.0132544862959800e+02   10000000      max_evaluations         222.2979  
26     74241907      2.3011609077763851e+03   1.0116090777638500e+02   10000000      max_evaluations         222.2643  
27     75241944      2.3013780420828375e+03   1.0137804208283750e+02   10000000      max_evaluations         222.4659  
28     76241981      2.3000000000000005e+03   1.0000000000000050e+02   10000000      max_evaluations         222.4240  
29     77242018      2.3000000000000005e+03   1.0000000000000050e+02   10000000      max_evaluations         103.2130  
30     78242055      2.3000000000000009e+03   1.0000000000000099e+02   10000000      max_evaluations         102.6966  

----- F9  D20  (30 runs)  optimum=2400  target_error=1e-08 -----
Run    Seed          Best_Fitness             Error                    NFEs          Termination             Runtime_s 
1      50241015      2.8338109587813624e+03   4.3381095878136239e+02   10000000      max_evaluations         210.5319  
2      51241052      2.8167507392789203e+03   4.1675073927892032e+02   10000000      max_evaluations         210.8060  
3      52241089      2.8039268554762230e+03   4.0392685547622301e+02   10000000      max_evaluations         210.0975  
4      53241126      2.8006994469519268e+03   4.0069944695192697e+02   10000000      max_evaluations         208.4206  
5      54241163      2.8107843082791806e+03   4.1078430827918061e+02   10000000      max_evaluations         210.4753  
6      55241200      2.8149617102947909e+03   4.1496171029479098e+02   10000000      max_evaluations         223.7921  
7      56241237      2.8033736001618781e+03   4.0337360016187802e+02   10000000      max_evaluations         224.1758  
8      57241274      2.8090635037404045e+03   4.0906350374040449e+02   10000000      max_evaluations         226.3508  
9      58241311      2.8046277449444769e+03   4.0462774494447700e+02   10000000      max_evaluations         227.0635  
10     59241348      2.7730283674612106e+03   3.7302836746121062e+02   10000000      max_evaluations         222.6079  
11     60241385      2.8083081092589332e+03   4.0830810925893297e+02   10000000      max_evaluations         224.6792  
12     61241422      2.8125976765669884e+03   4.1259767656698841e+02   10000000      max_evaluations         225.9906  
13     62241459      2.8050426635782460e+03   4.0504266357824599e+02   10000000      max_evaluations         208.7034  
14     63241496      2.7808643110035664e+03   3.8086431100356640e+02   10000000      max_evaluations         206.1643  
15     64241533      2.8147511087206212e+03   4.1475110872062118e+02   10000000      max_evaluations         244.9404  
16     65241570      2.7965016841865190e+03   3.9650168418651901e+02   10000000      max_evaluations         247.8556  
17     66241607      2.8038098991302518e+03   4.0380989913025201e+02   10000000      max_evaluations         248.9159  
18     67241644      2.8055842181193821e+03   4.0558421811938200e+02   10000000      max_evaluations         248.7774  
19     68241681      2.7875164882827926e+03   3.8751648828279258e+02   10000000      max_evaluations         245.0225  
20     69241718      2.7454867917716033e+03   3.4548679177160329e+02   10000000      max_evaluations         244.1232  
21     70241755      2.7918531305663178e+03   3.9185313056631782e+02   10000000      max_evaluations         246.5162  
22     71241792      2.8355525181164503e+03   4.3555251811645030e+02   10000000      max_evaluations         249.7932  
23     72241829      2.7925602159041423e+03   3.9256021590414230e+02   10000000      max_evaluations         248.2209  
24     73241866      2.7872220515462545e+03   3.8722205154625448e+02   10000000      max_evaluations         246.1545  
25     74241903      2.8122515713123803e+03   4.1225157131238029e+02   10000000      max_evaluations         247.0620  
26     75241940      2.8038082507706022e+03   4.0380825077060200e+02   10000000      max_evaluations         246.6347  
27     76241977      2.7980530159070017e+03   3.9805301590700168e+02   10000000      max_evaluations         246.9266  
28     77242014      2.7000000000000005e+03   3.0000000000000051e+02   10000000      max_evaluations         244.7557  
29     78242051      2.8013768243780114e+03   4.0137682437801141e+02   10000000      max_evaluations         95.2358   
30     79242088      2.7981050353877399e+03   3.9810503538773997e+02   10000000      max_evaluations         93.5565   

----- F10  D20  (30 runs)  optimum=2500  target_error=1e-08 -----
Run    Seed          Best_Fitness             Error                    NFEs          Termination             Runtime_s 
1      51241048      2.9101068593069226e+03   4.1010685930692262e+02   10000000      max_evaluations         235.5219  
2      52241085      2.9100522055910142e+03   4.1005220559101400e+02   10000000      max_evaluations         238.3794  
3      53241122      2.9137854816950876e+03   4.1378548169508758e+02   10000000      max_evaluations         237.2423  
4      54241159      2.9477107355547255e+03   4.4771073555472549e+02   10000000      max_evaluations         236.6013  
5      55241196      2.9137099981269639e+03   4.1370999812696402e+02   10000000      max_evaluations         236.9511  
6      56241233      2.9248745459177535e+03   4.2487454591775349e+02   10000000      max_evaluations         237.1362  
7      57241270      2.9138303135167662e+03   4.1383031351676601e+02   10000000      max_evaluations         236.6798  
8      58241307      2.9478112095134857e+03   4.4781120951348572e+02   10000000      max_evaluations         238.7913  
9      59241344      2.9012883192149125e+03   4.0128831921491252e+02   10000000      max_evaluations         238.2543  
10     60241381      2.9136898784514024e+03   4.1368987845140242e+02   10000000      max_evaluations         236.9057  
11     61241418      2.9136755636937078e+03   4.1367556369370777e+02   10000000      max_evaluations         238.0517  
12     62241455      2.9136584387446483e+03   4.1365843874464832e+02   10000000      max_evaluations         236.8557  
13     63241492      2.9923953568248862e+03   4.9239535682488599e+02   10000000      max_evaluations         238.2632  
14     64241529      2.9139245462739154e+03   4.1392454627391538e+02   10000000      max_evaluations         237.0904  
15     65241566      2.9021677854520194e+03   4.0216778545201942e+02   10000000      max_evaluations         222.4585  
16     66241603      2.9138723982525248e+03   4.1387239825252499e+02   10000000      max_evaluations         221.5760  
17     67241640      2.9138302655071911e+03   4.1383026550719097e+02   10000000      max_evaluations         224.3232  
18     68241677      2.9136745231176974e+03   4.1367452311769739e+02   10000000      max_evaluations         223.4959  
19     69241714      2.9137759689800132e+03   4.1377596898001298e+02   10000000      max_evaluations         224.7585  
20     70241751      2.9614492224357564e+03   4.6144922243575638e+02   10000000      max_evaluations         224.1316  
21     71241788      2.9558563291399428e+03   4.5585632913994277e+02   10000000      max_evaluations         224.3554  
22     72241825      2.9137695865639980e+03   4.1376958656399802e+02   10000000      max_evaluations         224.0132  
23     73241862      2.9137487889440154e+03   4.1374878894401542e+02   10000000      max_evaluations         223.6019  
24     74241899      2.9137950548911490e+03   4.1379505489114899e+02   10000000      max_evaluations         224.8672  
25     75241936      2.9136776084170033e+03   4.1367760841700328e+02   10000000      max_evaluations         221.9975  
26     76241973      2.9138080248631677e+03   4.1380802486316770e+02   10000000      max_evaluations         222.7635  
27     77242010      2.9137924256673900e+03   4.1379242566738998e+02   10000000      max_evaluations         222.1364  
28     78242047      2.9137274375341444e+03   4.1372743753414443e+02   10000000      max_evaluations         223.2654  
29     79242084      2.9137572410409521e+03   4.1375724104095201e+02   10000000      max_evaluations         66.9050   
30     80242121      2.9137676318687199e+03   4.1376763186872000e+02   10000000      max_evaluations         66.3718   

