==============================================================================================================
DETAILED PER-RUN LOG   ATMALS-GSK   CEC2013LSGO   D1000
runs per function : 12
functions         : [8 9 10 11 12 15]
statistics basis  : raw objective
generated         : 2026-07-24_07.31.35
==============================================================================================================

----- F8  D1000  (12 runs)  optimum=nan  target_error=nan -----
Run    Seed          Best_Fitness             Error                    NFEs          Termination             Runtime_s 
14     1042244403    3.6227929427134547e+13   nan                      3000000       max_evaluations         2834.4124 
15     1043244440    2.2624714690271363e+13   nan                      3000000       max_evaluations         2793.4268 
16     1044244477    4.0060597634599125e+13   nan                      3000000       max_evaluations         2822.8042 
17     1045244514    3.4374235129025730e+13   nan                      3000000       max_evaluations         2822.6279 
18     1046244551    1.1094385347335731e+14   nan                      3000000       max_evaluations         2803.6729 
19     1047244588    2.5072379819120941e+13   nan                      3000000       max_evaluations         2771.5300 
20     1048244625    4.2847810256987484e+13   nan                      3000000       max_evaluations         2804.4848 
21     1049244662    3.9894760149167883e+13   nan                      3000000       max_evaluations         2840.8995 
22     1050244699    3.7399023487230547e+13   nan                      3000000       max_evaluations         2833.9593 
23     1051244736    4.1318666719202969e+13   nan                      3000000       max_evaluations         2820.4673 
24     1052244773    3.2621687909211598e+13   nan                      3000000       max_evaluations         2818.2486 
25     1053244810    3.8057964350345328e+13   nan                      3000000       max_evaluations         2813.6210 

----- F9  D1000  (25 runs)  optimum=nan  target_error=nan -----
Run    Seed          Best_Fitness             Error                    NFEs          Termination             Runtime_s 
1      1030243955    3.8778519593900293e+08   nan                      3000000       max_evaluations         2958.4875 
2      1031243992    3.6266882703738487e+08   nan                      3000000       max_evaluations         2955.4805 
3      1032244029    4.5818926386868411e+08   nan                      3000000       max_evaluations         2985.2914 
4      1033244066    4.1149051784358674e+08   nan                      3000000       max_evaluations         2987.8506 
5      1034244103    2.3528708177383322e+08   nan                      3000000       max_evaluations         3212.9050 
6      1035244140    2.8382507903886712e+08   nan                      3000000       max_evaluations         3214.8520 
7      1036244177    3.0996241036065042e+08   nan                      3000000       max_evaluations         3245.2089 
8      1037244214    2.7832426883674985e+08   nan                      3000000       max_evaluations         3240.4587 
9      1038244251    3.2764673491722995e+08   nan                      3000000       max_evaluations         2977.4275 
10     1039244288    3.9529170895518821e+08   nan                      3000000       max_evaluations         3270.3648 
11     1040244325    3.4456506230064207e+08   nan                      3000000       max_evaluations         3010.3644 
12     1041244362    5.0168863805624008e+08   nan                      3000000       max_evaluations         3253.9897 
13     1042244399    3.4835185081314880e+08   nan                      3000000       max_evaluations         2947.3994 
14     1043244436    3.0921735872571653e+08   nan                      3000000       max_evaluations         2798.4560 
15     1044244473    2.5478026093048459e+08   nan                      3000000       max_evaluations         2779.5858 
16     1045244510    4.2813335777657884e+08   nan                      3000000       max_evaluations         2791.3366 
17     1046244547    3.3055755018177968e+08   nan                      3000000       max_evaluations         2794.3719 
18     1047244584    3.1988270935083246e+08   nan                      3000000       max_evaluations         2799.2229 
19     1048244621    4.6265623445684415e+08   nan                      3000000       max_evaluations         2792.1347 
20     1049244658    3.4565744339543557e+08   nan                      3000000       max_evaluations         2805.7062 
21     1050244695    3.3019543717376465e+08   nan                      3000000       max_evaluations         2914.1202 
22     1051244732    3.5980068443806922e+08   nan                      3000000       max_evaluations         2912.0765 
23     1052244769    2.9717322971063358e+08   nan                      3000000       max_evaluations         2887.1337 
24     1053244806    3.4982530580614787e+08   nan                      3000000       max_evaluations         2898.6288 
25     1054244843    2.7175197204036021e+08   nan                      3000000       max_evaluations         2899.0242 

----- F10  D1000  (25 runs)  optimum=nan  target_error=nan -----
Run    Seed          Best_Fitness             Error                    NFEs          Termination             Runtime_s 
1      1031243988    9.2944181019317821e+07   nan                      3000000       max_evaluations         2761.3531 
2      1032244025    9.3578801250370339e+07   nan                      3000000       max_evaluations         2452.0933 
3      1033244062    9.3501915236970052e+07   nan                      3000000       max_evaluations         2454.5912 
4      1034244099    9.3972179052717462e+07   nan                      3000000       max_evaluations         2441.5724 
5      1035244136    9.3770731686231568e+07   nan                      3000000       max_evaluations         2460.9327 
6      1036244173    9.3025071519041657e+07   nan                      3000000       max_evaluations         2451.9439 
7      1037244210    9.3314945749016449e+07   nan                      3000000       max_evaluations         2482.1941 
8      1038244247    9.3325448210043803e+07   nan                      3000000       max_evaluations         2488.6981 
9      1039244284    9.3204079262300640e+07   nan                      3000000       max_evaluations         2751.3977 
10     1040244321    9.3697348863563776e+07   nan                      3000000       max_evaluations         2730.0903 
11     1041244358    9.3456049078563154e+07   nan                      3000000       max_evaluations         2738.1399 
12     1042244395    9.3864282543983549e+07   nan                      3000000       max_evaluations         2744.9054 
13     1043244432    9.3656198475182369e+07   nan                      3000000       max_evaluations         2764.1678 
14     1044244469    9.3750090377288997e+07   nan                      3000000       max_evaluations         2351.7271 
15     1045244506    9.3350702943619505e+07   nan                      3000000       max_evaluations         2353.1158 
16     1046244543    9.4030855398897707e+07   nan                      3000000       max_evaluations         2345.1121 
17     1047244580    9.3938137041241899e+07   nan                      3000000       max_evaluations         2357.6261 
18     1048244617    9.3391257041475818e+07   nan                      3000000       max_evaluations         2376.8236 
19     1049244654    9.3605871779638499e+07   nan                      3000000       max_evaluations         2378.5795 
20     1050244691    9.3765773840011925e+07   nan                      3000000       max_evaluations         2383.1828 
21     1051244728    9.3436997939504266e+07   nan                      3000000       max_evaluations         2389.3104 
22     1052244765    9.3039029363012701e+07   nan                      3000000       max_evaluations         2377.3568 
23     1053244802    9.3104095761186093e+07   nan                      3000000       max_evaluations         2387.6358 
24     1054244839    9.3726703206438467e+07   nan                      3000000       max_evaluations         2387.3843 
25     1055244876    9.3704129381033182e+07   nan                      3000000       max_evaluations         2389.1869 

----- F11  D1000  (25 runs)  optimum=nan  target_error=nan -----
Run    Seed          Best_Fitness             Error                    NFEs          Termination             Runtime_s 
1      1032244021    7.6101692027607369e+08   nan                      3000000       max_evaluations         2668.8558 
2      1033244058    1.9044607354533066e+10   nan                      3000000       max_evaluations         2388.4687 
3      1034244095    1.9060279831084189e+09   nan                      3000000       max_evaluations         2408.4069 
4      1035244132    3.3867072995727978e+09   nan                      3000000       max_evaluations         2392.1189 
5      1036244169    2.4321220955497593e+10   nan                      3000000       max_evaluations         2375.8655 
6      1037244206    2.8952714921406403e+09   nan                      3000000       max_evaluations         2378.6332 
7      1038244243    3.2352483662292679e+10   nan                      3000000       max_evaluations         2373.6235 
8      1039244280    1.3852985044798271e+10   nan                      3000000       max_evaluations         2396.1541 
9      1040244317    3.4869921528772740e+09   nan                      3000000       max_evaluations         2666.1557 
10     1041244354    3.9514192093491150e+10   nan                      3000000       max_evaluations         2661.2045 
11     1042244391    2.8663838009005451e+10   nan                      3000000       max_evaluations         2661.4852 
12     1043244428    1.1768674081432869e+09   nan                      3000000       max_evaluations         2648.4887 
13     1044244465    5.7086243652884607e+09   nan                      3000000       max_evaluations         2664.0720 
14     1045244502    2.8772391287481928e+09   nan                      3000000       max_evaluations         2482.9059 
15     1046244539    4.4781698920407410e+09   nan                      3000000       max_evaluations         2464.9338 
16     1047244576    4.4235337708958368e+09   nan                      3000000       max_evaluations         2470.1912 
17     1048244613    3.2649178303160720e+09   nan                      3000000       max_evaluations         2427.9577 
18     1049244650    3.8005959486012340e+09   nan                      3000000       max_evaluations         2474.7891 
19     1050244687    6.8344849296409702e+09   nan                      3000000       max_evaluations         2489.6123 
20     1051244724    1.7020630466784513e+09   nan                      3000000       max_evaluations         2463.7903 
21     1052244761    3.2132160427067268e+10   nan                      3000000       max_evaluations         2525.2610 
22     1053244798    1.5813215472964480e+09   nan                      3000000       max_evaluations         2543.4360 
23     1054244835    2.4718299578852982e+10   nan                      3000000       max_evaluations         2530.3388 
24     1055244872    6.1359625996313024e+08   nan                      3000000       max_evaluations         2547.0021 
25     1056244909    1.1514050423407018e+09   nan                      3000000       max_evaluations         2515.1801 

----- F12  D1000  (25 runs)  optimum=nan  target_error=nan -----
Run    Seed          Best_Fitness             Error                    NFEs          Termination             Runtime_s 
1      1033244054    6.2530642891027401e+03   nan                      3000000       max_evaluations         1798.4419 
2      1034244091    5.4718759305108206e+03   nan                      3000000       max_evaluations         1591.4278 
3      1035244128    6.3476550154315555e+03   nan                      3000000       max_evaluations         1629.4530 
4      1036244165    6.0115594921709771e+03   nan                      3000000       max_evaluations         1617.4556 
5      1037244202    7.3920767946338083e+03   nan                      3000000       max_evaluations         1624.0889 
6      1038244239    1.0017184351971033e+04   nan                      3000000       max_evaluations         1593.8939 
7      1039244276    5.5636709289224946e+03   nan                      3000000       max_evaluations         1611.9703 
8      1040244313    9.8986612635092970e+03   nan                      3000000       max_evaluations         1679.4754 
9      1041244350    6.3293093430627423e+03   nan                      3000000       max_evaluations         1847.9142 
10     1042244387    6.2741872263560745e+03   nan                      3000000       max_evaluations         1841.3907 
11     1043244424    6.3781273900402666e+03   nan                      3000000       max_evaluations         1846.0477 
12     1044244461    1.1101019762551956e+04   nan                      3000000       max_evaluations         1799.2360 
13     1045244498    6.8003114891302266e+03   nan                      3000000       max_evaluations         1864.2484 
14     1046244535    5.3440792144393381e+03   nan                      3000000       max_evaluations         1546.3508 
15     1047244572    1.3128052307489525e+04   nan                      3000000       max_evaluations         1563.3737 
16     1048244609    5.2467367164786683e+03   nan                      3000000       max_evaluations         1573.0868 
17     1049244646    1.4300880666809440e+04   nan                      3000000       max_evaluations         1556.6951 
18     1050244683    6.8519535035664612e+03   nan                      3000000       max_evaluations         1567.2855 
19     1051244720    5.9204019753492539e+03   nan                      3000000       max_evaluations         1555.3142 
20     1052244757    7.0310205742973876e+03   nan                      3000000       max_evaluations         1568.5002 
21     1053244794    5.2060240424100948e+03   nan                      3000000       max_evaluations         1583.5066 
22     1054244831    5.4758682326776116e+03   nan                      3000000       max_evaluations         1561.1356 
23     1055244868    6.1870649471184352e+03   nan                      3000000       max_evaluations         1553.7493 
24     1056244905    7.1880874681195737e+03   nan                      3000000       max_evaluations         1540.5661 
25     1057244942    7.2450338169652705e+03   nan                      3000000       max_evaluations         1553.5949 

----- F15  D1000  (25 runs)  optimum=nan  target_error=nan -----
Run    Seed          Best_Fitness             Error                    NFEs          Termination             Runtime_s 
1      1036244153    1.7503271076414797e+06   nan                      3000000       max_evaluations         1971.3821 
2      1037244190    1.8659965334806587e+06   nan                      3000000       max_evaluations         1689.1767 
3      1038244227    2.2689941251151250e+06   nan                      3000000       max_evaluations         1691.3286 
4      1039244264    2.1845352884746008e+06   nan                      3000000       max_evaluations         1685.4712 
5      1040244301    1.8433833853508236e+06   nan                      3000000       max_evaluations         1708.7857 
6      1041244338    1.9749771694188700e+06   nan                      3000000       max_evaluations         1695.5220 
7      1042244375    2.3766238036977211e+06   nan                      3000000       max_evaluations         1692.6249 
8      1043244412    2.3737446517962869e+06   nan                      3000000       max_evaluations         1719.4955 
9      1044244449    2.7098705774407904e+06   nan                      3000000       max_evaluations         1888.0546 
10     1045244486    2.1352040899346392e+06   nan                      3000000       max_evaluations         1917.1513 
11     1046244523    1.8396447216970420e+06   nan                      3000000       max_evaluations         1912.0113 
12     1047244560    2.1727918581102476e+06   nan                      3000000       max_evaluations         1925.4367 
13     1048244597    1.9597919699982812e+06   nan                      3000000       max_evaluations         1936.8678 
14     1049244634    2.6761839117405973e+06   nan                      3000000       max_evaluations         1636.8904 
15     1050244671    1.9141220829951558e+06   nan                      3000000       max_evaluations         1635.4355 
16     1051244708    2.7471172640433940e+06   nan                      3000000       max_evaluations         1626.0335 
17     1052244745    2.6555825099223205e+06   nan                      3000000       max_evaluations         1641.6009 
18     1053244782    2.1199632321872874e+06   nan                      3000000       max_evaluations         1611.1053 
19     1054244819    2.2326221584991016e+06   nan                      3000000       max_evaluations         1667.6681 
20     1055244856    2.1396829195357156e+06   nan                      3000000       max_evaluations         1655.5739 
21     1056244893    2.7699749033199414e+06   nan                      3000000       max_evaluations         1656.7330 
22     1057244930    2.1114093634266849e+06   nan                      3000000       max_evaluations         1667.6253 
23     1058244967    1.8192232639212278e+06   nan                      3000000       max_evaluations         1661.5429 
24     1059245004    3.2609903454145277e+06   nan                      3000000       max_evaluations         1654.2384 
25     1060245041    2.1456426403719173e+06   nan                      3000000       max_evaluations         1656.0561 

