==============================================================================================================
DETAILED PER-RUN LOG   ATMALS-GSK   CEC2013LSGO   D1000
runs per function : 25
functions         : [1 2 3 4 5 6 7 8]
statistics basis  : raw objective
generated         : 2026-07-23_21.10.43
==============================================================================================================

----- F1  D1000  (25 runs)  optimum=nan  target_error=nan -----
Run    Seed          Best_Fitness             Error                    NFEs          Termination             Runtime_s 
1      1022243691    1.0811935904775051e+04   nan                      3000000       max_evaluations         1869.8938 
2      1023243728    2.3265117110425792e+04   nan                      3000000       max_evaluations         1608.0828 
3      1024243765    2.5389796988425274e+04   nan                      3000000       max_evaluations         1591.5824 
4      1025243802    1.0115968922595284e+04   nan                      3000000       max_evaluations         1611.0852 
5      1026243839    2.5263144220701823e+04   nan                      3000000       max_evaluations         1615.2337 
6      1027243876    1.4951443809005266e+04   nan                      3000000       max_evaluations         1618.7473 
7      1028243913    2.4289466925285615e+04   nan                      3000000       max_evaluations         1625.8827 
8      1029243950    2.7885913171642878e+04   nan                      3000000       max_evaluations         1840.8908 
9      1030243987    2.2702054358688260e+04   nan                      3000000       max_evaluations         1861.5086 
10     1031244024    2.7909226868084697e+04   nan                      3000000       max_evaluations         1830.8445 
11     1032244061    1.3259496133532770e+04   nan                      3000000       max_evaluations         1832.0565 
12     1033244098    2.2696110738329109e+04   nan                      3000000       max_evaluations         1859.4011 
13     1034244135    3.8241915189185238e+04   nan                      3000000       max_evaluations         1854.7256 
14     1035244172    1.1395295019640271e+04   nan                      3000000       max_evaluations         1443.8822 
15     1036244209    2.0156671988916623e+04   nan                      3000000       max_evaluations         1441.9290 
16     1037244246    1.6011004819717942e+04   nan                      3000000       max_evaluations         1442.1839 
17     1038244283    3.0398227044492491e+04   nan                      3000000       max_evaluations         1452.4158 
18     1039244320    2.7334196651260929e+04   nan                      3000000       max_evaluations         1460.1750 
19     1040244357    1.8768440617996552e+04   nan                      3000000       max_evaluations         1462.0008 
20     1041244394    1.2645346308634606e+04   nan                      3000000       max_evaluations         1483.2901 
21     1042244431    1.7495420913858256e+04   nan                      3000000       max_evaluations         1489.0928 
22     1043244468    4.3028618277443697e+04   nan                      3000000       max_evaluations         1498.5167 
23     1044244505    2.1441857275111466e+04   nan                      3000000       max_evaluations         1500.8244 
24     1045244542    1.6670954786099108e+04   nan                      3000000       max_evaluations         1479.8011 
25     1046244579    1.8084881571120608e+04   nan                      3000000       max_evaluations         1491.7142 

----- F2  D1000  (25 runs)  optimum=nan  target_error=nan -----
Run    Seed          Best_Fitness             Error                    NFEs          Termination             Runtime_s 
1      1023243724    4.2684311430529448e+02   nan                      3000000       max_evaluations         1981.1051 
2      1024243761    3.4818267412845080e+02   nan                      3000000       max_evaluations         1672.7193 
3      1025243798    4.0337616739195340e+02   nan                      3000000       max_evaluations         1684.7793 
4      1026243835    4.4082264424132563e+02   nan                      3000000       max_evaluations         1687.0779 
5      1027243872    4.5872563536724255e+02   nan                      3000000       max_evaluations         1701.0116 
6      1028243909    3.9286998395613580e+02   nan                      3000000       max_evaluations         1707.4334 
7      1029243946    3.4804271923302298e+02   nan                      3000000       max_evaluations         1699.8366 
8      1030243983    4.1179229804420373e+02   nan                      3000000       max_evaluations         1952.7423 
9      1031244020    4.4312922218299991e+02   nan                      3000000       max_evaluations         1966.4322 
10     1032244057    4.2661678295814681e+02   nan                      3000000       max_evaluations         1974.9419 
11     1033244094    4.0769019789116527e+02   nan                      3000000       max_evaluations         1965.5187 
12     1034244131    3.9984478760760391e+02   nan                      3000000       max_evaluations         2003.0566 
13     1035244168    3.8733623274457597e+02   nan                      3000000       max_evaluations         2012.3666 
14     1036244205    3.9760017380691767e+02   nan                      3000000       max_evaluations         1719.0589 
15     1037244242    4.1239860625790317e+02   nan                      3000000       max_evaluations         1735.7546 
16     1038244279    3.9339449428577933e+02   nan                      3000000       max_evaluations         1722.3794 
17     1039244316    4.3490050028367511e+02   nan                      3000000       max_evaluations         1744.7930 
18     1040244353    4.4054925232085566e+02   nan                      3000000       max_evaluations         1741.8162 
19     1041244390    4.6139849222867429e+02   nan                      3000000       max_evaluations         1739.1879 
20     1042244427    4.0685218363052746e+02   nan                      3000000       max_evaluations         1799.7468 
21     1043244464    4.4061179308164009e+02   nan                      3000000       max_evaluations         1806.7189 
22     1044244501    3.8354725421622851e+02   nan                      3000000       max_evaluations         1790.1656 
23     1045244538    3.7246108500136472e+02   nan                      3000000       max_evaluations         1792.3957 
24     1046244575    4.4724005688962870e+02   nan                      3000000       max_evaluations         1791.9586 
25     1047244612    3.9511620166652676e+02   nan                      3000000       max_evaluations         1791.7922 

----- F3  D1000  (25 runs)  optimum=nan  target_error=nan -----
Run    Seed          Best_Fitness             Error                    NFEs          Termination             Runtime_s 
1      1024243757    2.0009708286938146e+01   nan                      3000000       max_evaluations         2014.9092 
2      1025243794    2.0007808026319001e+01   nan                      3000000       max_evaluations         1713.8388 
3      1026243831    2.0008207284602349e+01   nan                      3000000       max_evaluations         1723.1889 
4      1027243868    2.0007599512825710e+01   nan                      3000000       max_evaluations         1719.4849 
5      1028243905    2.0009257195444778e+01   nan                      3000000       max_evaluations         1742.0850 
6      1029243942    2.0008058322413405e+01   nan                      3000000       max_evaluations         1761.0413 
7      1030243979    2.0007512600714634e+01   nan                      3000000       max_evaluations         1748.5512 
8      1031244016    2.0007185884499091e+01   nan                      3000000       max_evaluations         1986.6134 
9      1032244053    2.0011384123198962e+01   nan                      3000000       max_evaluations         1974.1983 
10     1033244090    2.0008351598294468e+01   nan                      3000000       max_evaluations         2002.4714 
11     1034244127    2.0008533250302364e+01   nan                      3000000       max_evaluations         2005.0532 
12     1035244164    2.0008897719268930e+01   nan                      3000000       max_evaluations         2008.2527 
13     1036244201    2.0008478122540399e+01   nan                      3000000       max_evaluations         2022.7874 
14     1037244238    2.0009025052413673e+01   nan                      3000000       max_evaluations         1683.4984 
15     1038244275    2.0008793540821287e+01   nan                      3000000       max_evaluations         1685.6535 
16     1039244312    2.0008073780910500e+01   nan                      3000000       max_evaluations         1697.3558 
17     1040244349    2.0008607359090874e+01   nan                      3000000       max_evaluations         1707.5044 
18     1041244386    2.0008423176374226e+01   nan                      3000000       max_evaluations         1706.0999 
19     1042244423    2.0008666939331309e+01   nan                      3000000       max_evaluations         1702.7005 
20     1043244460    2.0009327724278855e+01   nan                      3000000       max_evaluations         1794.1307 
21     1044244497    2.0008010136687918e+01   nan                      3000000       max_evaluations         1789.8932 
22     1045244534    2.0008252417074832e+01   nan                      3000000       max_evaluations         1788.6574 
23     1046244571    2.0007940247324601e+01   nan                      3000000       max_evaluations         1799.7263 
24     1047244608    2.0008401917717624e+01   nan                      3000000       max_evaluations         1780.8259 
25     1048244645    2.0008247245567155e+01   nan                      3000000       max_evaluations         1792.2514 

----- F4  D1000  (25 runs)  optimum=nan  target_error=nan -----
Run    Seed          Best_Fitness             Error                    NFEs          Termination             Runtime_s 
1      1025243790    1.7542960689280720e+10   nan                      3000000       max_evaluations         1860.2427 
2      1026243827    5.5329094840648331e+10   nan                      3000000       max_evaluations         1579.2854 
3      1027243864    3.6659814773690338e+10   nan                      3000000       max_evaluations         1585.3314 
4      1028243901    2.3633615994978153e+10   nan                      3000000       max_evaluations         1599.3982 
5      1029243938    4.9254389344218842e+10   nan                      3000000       max_evaluations         1608.9646 
6      1030243975    3.6834932774226234e+10   nan                      3000000       max_evaluations         1604.6864 
7      1031244012    6.7555847184066864e+10   nan                      3000000       max_evaluations         1607.5760 
8      1032244049    4.9214439617262611e+10   nan                      3000000       max_evaluations         1835.5376 
9      1033244086    4.2775453881829361e+10   nan                      3000000       max_evaluations         1825.5623 
10     1034244123    5.1413834097564789e+10   nan                      3000000       max_evaluations         1867.4185 
11     1035244160    5.4591898863057297e+10   nan                      3000000       max_evaluations         1848.7074 
12     1036244197    3.7419799038769333e+10   nan                      3000000       max_evaluations         1860.7585 
13     1037244234    8.6884691218551971e+10   nan                      3000000       max_evaluations         1884.3132 
14     1038244271    3.2734402412445835e+10   nan                      3000000       max_evaluations         1705.3453 
15     1039244308    2.5172235745027351e+10   nan                      3000000       max_evaluations         1717.1771 
16     1040244345    3.3621103302844906e+10   nan                      3000000       max_evaluations         1725.1889 
17     1041244382    2.3696060990332581e+10   nan                      3000000       max_evaluations         1748.8597 
18     1042244419    2.9428632986483669e+10   nan                      3000000       max_evaluations         1745.6561 
19     1043244456    6.0574193389656364e+10   nan                      3000000       max_evaluations         1736.4591 
20     1044244493    1.4930848314383797e+10   nan                      3000000       max_evaluations         1782.7096 
21     1045244530    1.9067679165444630e+10   nan                      3000000       max_evaluations         1774.3322 
22     1046244567    3.8584046806758751e+10   nan                      3000000       max_evaluations         1778.9394 
23     1047244604    1.4241284632330770e+10   nan                      3000000       max_evaluations         1784.3687 
24     1048244641    3.6400411905604469e+10   nan                      3000000       max_evaluations         1793.6435 
25     1049244678    5.8087661992685425e+10   nan                      3000000       max_evaluations         1775.6330 

----- F5  D1000  (25 runs)  optimum=nan  target_error=nan -----
Run    Seed          Best_Fitness             Error                    NFEs          Termination             Runtime_s 
1      1026243823    3.7289013866953012e+06   nan                      3000000       max_evaluations         2203.1029 
2      1027243860    4.0304773272878709e+06   nan                      3000000       max_evaluations         1915.6716 
3      1028243897    2.9211562488644640e+06   nan                      3000000       max_evaluations         1928.9397 
4      1029243934    2.5280675407065782e+06   nan                      3000000       max_evaluations         1924.7515 
5      1030243971    5.2939818787706243e+06   nan                      3000000       max_evaluations         1935.7589 
6      1031244008    3.3188280733521096e+06   nan                      3000000       max_evaluations         1946.8254 
7      1032244045    2.6591121695936192e+06   nan                      3000000       max_evaluations         1966.3543 
8      1033244082    3.4161508079509675e+06   nan                      3000000       max_evaluations         2162.3546 
9      1034244119    2.8291519212779775e+06   nan                      3000000       max_evaluations         2157.7422 
10     1035244156    4.1434381374809672e+06   nan                      3000000       max_evaluations         2188.2406 
11     1036244193    3.6844391091268808e+06   nan                      3000000       max_evaluations         2174.9902 
12     1037244230    4.4727027685142513e+06   nan                      3000000       max_evaluations         2202.3841 
13     1038244267    3.8612567725528283e+06   nan                      3000000       max_evaluations         2170.5113 
14     1039244304    3.4376898424414797e+06   nan                      3000000       max_evaluations         1885.1778 
15     1040244341    2.5617035229849010e+06   nan                      3000000       max_evaluations         1900.4929 
16     1041244378    4.1365257995964894e+06   nan                      3000000       max_evaluations         1903.1548 
17     1042244415    4.8355546152207749e+06   nan                      3000000       max_evaluations         1902.9983 
18     1043244452    2.9493229073420702e+06   nan                      3000000       max_evaluations         1901.3178 
19     1044244489    3.3338423431009850e+06   nan                      3000000       max_evaluations         1917.0290 
20     1045244526    3.9633203818816426e+06   nan                      3000000       max_evaluations         1964.1818 
21     1046244563    3.3452464141345513e+06   nan                      3000000       max_evaluations         1961.8749 
22     1047244600    3.6201310179455625e+06   nan                      3000000       max_evaluations         1971.6813 
23     1048244637    4.1087009767006584e+06   nan                      3000000       max_evaluations         1959.6360 
24     1049244674    3.8472326666877032e+06   nan                      3000000       max_evaluations         1950.5725 
25     1050244711    3.1818974500352349e+06   nan                      3000000       max_evaluations         1960.1064 

----- F6  D1000  (25 runs)  optimum=nan  target_error=nan -----
Run    Seed          Best_Fitness             Error                    NFEs          Termination             Runtime_s 
1      1027243856    1.0542126008241139e+06   nan                      3000000       max_evaluations         2152.9005 
2      1028243893    1.0512614534495992e+06   nan                      3000000       max_evaluations         1898.6606 
3      1029243930    1.0489164661378379e+06   nan                      3000000       max_evaluations         1916.9261 
4      1030243967    1.0461135210336311e+06   nan                      3000000       max_evaluations         1905.6117 
5      1031244004    1.0527631371469465e+06   nan                      3000000       max_evaluations         1920.0340 
6      1032244041    1.0537013720747367e+06   nan                      3000000       max_evaluations         1927.6951 
7      1033244078    1.0537175264922970e+06   nan                      3000000       max_evaluations         1933.0804 
8      1034244115    1.0535546606319856e+06   nan                      3000000       max_evaluations         2137.8612 
9      1035244152    1.0546283269622421e+06   nan                      3000000       max_evaluations         2132.4642 
10     1036244189    1.0533546786944270e+06   nan                      3000000       max_evaluations         2147.6492 
11     1037244226    1.0488543307753371e+06   nan                      3000000       max_evaluations         2147.8562 
12     1038244263    1.0550050136222118e+06   nan                      3000000       max_evaluations         2159.3299 
13     1039244300    1.0501601591446879e+06   nan                      3000000       max_evaluations         2154.7478 
14     1040244337    1.0469665382669981e+06   nan                      3000000       max_evaluations         1869.6405 
15     1041244374    1.0555039810154962e+06   nan                      3000000       max_evaluations         1877.3771 
16     1042244411    1.0524675130494176e+06   nan                      3000000       max_evaluations         1886.3823 
17     1043244448    1.0473402797182982e+06   nan                      3000000       max_evaluations         1886.5721 
18     1044244485    1.0522433436088432e+06   nan                      3000000       max_evaluations         1889.7550 
19     1045244522    1.0563908563452975e+06   nan                      3000000       max_evaluations         1894.0724 
20     1046244559    1.0484534653969947e+06   nan                      3000000       max_evaluations         1932.6035 
21     1047244596    1.0558486018324893e+06   nan                      3000000       max_evaluations         1928.5479 
22     1048244633    1.0517565302006907e+06   nan                      3000000       max_evaluations         1941.3937 
23     1049244670    1.0541680037759328e+06   nan                      3000000       max_evaluations         1928.9181 
24     1050244707    1.0568086771246386e+06   nan                      3000000       max_evaluations         1953.5177 
25     1051244744    1.0554271904657360e+06   nan                      3000000       max_evaluations         1930.5035 

----- F7  D1000  (25 runs)  optimum=nan  target_error=nan -----
Run    Seed          Best_Fitness             Error                    NFEs          Termination             Runtime_s 
1      1028243889    8.1966942343603149e+07   nan                      3000000       max_evaluations         1788.2124 
2      1029243926    3.2798384488533214e+07   nan                      3000000       max_evaluations         1533.1219 
3      1030243963    3.3783951804857671e+07   nan                      3000000       max_evaluations         1536.7799 
4      1031244000    2.7316144994355612e+07   nan                      3000000       max_evaluations         1551.0861 
5      1032244037    4.8321372697282910e+07   nan                      3000000       max_evaluations         1556.9884 
6      1033244074    5.9517813663928449e+07   nan                      3000000       max_evaluations         1598.0805 
7      1034244111    7.1073514052854806e+07   nan                      3000000       max_evaluations         1577.9233 
8      1035244148    2.4385872088903755e+07   nan                      3000000       max_evaluations         1745.1676 
9      1036244185    5.0374108841209225e+07   nan                      3000000       max_evaluations         1748.2925 
10     1037244222    4.8841030039418817e+07   nan                      3000000       max_evaluations         1754.3054 
11     1038244259    5.5085055792802051e+07   nan                      3000000       max_evaluations         1781.6105 
12     1039244296    4.4014051297241695e+07   nan                      3000000       max_evaluations         1779.2170 
13     1040244333    5.1420083263449252e+07   nan                      3000000       max_evaluations         1782.4047 
14     1041244370    7.5138181715804338e+07   nan                      3000000       max_evaluations         1493.9353 
15     1042244407    4.4451188819461912e+07   nan                      3000000       max_evaluations         1500.0206 
16     1043244444    2.8389635813120369e+07   nan                      3000000       max_evaluations         1501.8326 
17     1044244481    3.9650940616807044e+07   nan                      3000000       max_evaluations         1516.0774 
18     1045244518    3.7559669884271488e+07   nan                      3000000       max_evaluations         1505.9683 
19     1046244555    4.9324766953597091e+07   nan                      3000000       max_evaluations         1498.7663 
20     1047244592    5.3993104618610211e+07   nan                      3000000       max_evaluations         1555.1970 
21     1048244629    3.5565396467359267e+07   nan                      3000000       max_evaluations         1548.7177 
22     1049244666    6.4973514739291169e+07   nan                      3000000       max_evaluations         1558.3857 
23     1050244703    6.1907300169249050e+07   nan                      3000000       max_evaluations         1551.1787 
24     1051244740    8.7388035581928939e+07   nan                      3000000       max_evaluations         1557.7604 
25     1052244777    4.1542035494389340e+07   nan                      3000000       max_evaluations         1561.4587 

----- F8  D1000  (13 runs)  optimum=nan  target_error=nan -----
Run    Seed          Best_Fitness             Error                    NFEs          Termination             Runtime_s 
1      1029243922    1.0772014062154652e+14   nan                      3000000       max_evaluations         2721.1554 
2      1030243959    8.0699252850869609e+13   nan                      3000000       max_evaluations         2483.5126 
3      1031243996    4.4053540665716031e+13   nan                      3000000       max_evaluations         2478.6622 
4      1032244033    5.5500777629622977e+13   nan                      3000000       max_evaluations         2502.5581 
5      1033244070    5.2801993470098320e+13   nan                      3000000       max_evaluations         2519.8531 
6      1034244107    3.8950449838244922e+13   nan                      3000000       max_evaluations         2522.4734 
7      1035244144    4.3956548292436508e+13   nan                      3000000       max_evaluations         2505.0121 
8      1036244181    4.7958914547120438e+13   nan                      3000000       max_evaluations         2701.7802 
9      1037244218    2.2010589276371965e+13   nan                      3000000       max_evaluations         2707.7093 
10     1038244255    1.9905004949105449e+13   nan                      3000000       max_evaluations         2718.0032 
11     1039244292    2.4629882637683459e+14   nan                      3000000       max_evaluations         2727.3409 
12     1040244329    5.3773078401434938e+13   nan                      3000000       max_evaluations         2742.3989 
13     1041244366    3.8652855055763508e+13   nan                      3000000       max_evaluations         2762.3592 

