==============================================================================================================
DETAILED PER-RUN LOG   DECC-G   CEC2013LSGO   D1000
runs per function : 25
functions         : [2 3 4 5 6 7 8 9 10 11 12 15]
statistics basis  : raw objective
generated         : 2026-07-27_09.36.20
==============================================================================================================

----- F2  D1000  (25 runs)  optimum=nan  target_error=nan -----
Run    Seed          Best_Fitness             Error                    NFEs          Termination             Runtime_s 
1      1023243724    1.7616561493032168e-01   nan                      3000000       max_evaluations         601.5477  
2      1024243761    1.3576032711168273e-01   nan                      3000000       max_evaluations         598.0283  
3      1025243798    1.3773247898305874e-01   nan                      3000000       max_evaluations         597.3235  
4      1026243835    1.8353986645502052e-01   nan                      3000000       max_evaluations         597.0863  
5      1027243872    1.4308723012726143e-01   nan                      3000000       max_evaluations         598.5183  
6      1028243909    1.4267184705897873e-01   nan                      3000000       max_evaluations         599.2482  
7      1029243946    1.5460729895988368e-01   nan                      3000000       max_evaluations         597.7701  
8      1030243983    1.3060975432608135e-01   nan                      3000000       max_evaluations         598.3844  
9      1031244020    1.4253262829088120e-01   nan                      3000000       max_evaluations         603.9050  
10     1032244057    1.2543260459930172e-01   nan                      3000000       max_evaluations         603.3662  
11     1033244094    1.5601634639184825e-01   nan                      3000000       max_evaluations         601.4992  
12     1034244131    1.4949869061667598e-01   nan                      3000000       max_evaluations         603.1299  
13     1035244168    1.3851620443533141e-01   nan                      3000000       max_evaluations         600.0763  
14     1036244205    1.2061311066077389e+00   nan                      3000000       max_evaluations         566.6799  
15     1037244242    1.5513860940085755e-01   nan                      3000000       max_evaluations         568.1961  
16     1038244279    1.1681133965841128e+00   nan                      3000000       max_evaluations         568.8627  
17     1039244316    1.1642238601430661e+00   nan                      3000000       max_evaluations         566.0728  
18     1040244353    1.6188511040593978e-01   nan                      3000000       max_evaluations         566.9426  
19     1041244390    1.3553966063452183e-01   nan                      3000000       max_evaluations         567.7650  
20     1042244427    2.0848383699179545e+00   nan                      3000000       max_evaluations         568.2701  
21     1043244464    1.1723193328152792e-01   nan                      3000000       max_evaluations         567.7367  
22     1044244501    1.1689715487880199e+00   nan                      3000000       max_evaluations         566.7703  
23     1045244538    1.4913502060312989e-01   nan                      3000000       max_evaluations         567.7152  
24     1046244575    1.4463035421186632e-01   nan                      3000000       max_evaluations         567.7072  
25     1047244612    1.5290060534938910e-01   nan                      3000000       max_evaluations         566.6246  

----- F3  D1000  (25 runs)  optimum=nan  target_error=nan -----
Run    Seed          Best_Fitness             Error                    NFEs          Termination             Runtime_s 
1      1024243757    2.0075761322058593e+01   nan                      3000000       max_evaluations         626.5528  
2      1025243794    2.0074900504205395e+01   nan                      3000000       max_evaluations         624.8265  
3      1026243831    2.0075824108508382e+01   nan                      3000000       max_evaluations         624.2336  
4      1027243868    2.0074064811038486e+01   nan                      3000000       max_evaluations         622.7181  
5      1028243905    2.0074756097472285e+01   nan                      3000000       max_evaluations         622.5384  
6      1029243942    2.0072128356209717e+01   nan                      3000000       max_evaluations         624.6862  
7      1030243979    2.0071044078829786e+01   nan                      3000000       max_evaluations         623.5787  
8      1031244016    2.0070152717228424e+01   nan                      3000000       max_evaluations         644.3015  
9      1032244053    2.0073277451168352e+01   nan                      3000000       max_evaluations         624.4698  
10     1033244090    2.0072287229909644e+01   nan                      3000000       max_evaluations         622.5797  
11     1034244127    2.0075395405729481e+01   nan                      3000000       max_evaluations         622.8213  
12     1035244164    2.0073155847657539e+01   nan                      3000000       max_evaluations         624.4005  
13     1036244201    2.0071514195787344e+01   nan                      3000000       max_evaluations         625.9571  
14     1037244238    2.0073104747430317e+01   nan                      3000000       max_evaluations         605.8645  
15     1038244275    2.0072689491806511e+01   nan                      3000000       max_evaluations         607.5984  
16     1039244312    2.0071513370466516e+01   nan                      3000000       max_evaluations         607.2581  
17     1040244349    2.0075072051260232e+01   nan                      3000000       max_evaluations         606.8287  
18     1041244386    2.0073218075130583e+01   nan                      3000000       max_evaluations         605.1882  
19     1042244423    2.0073578727498450e+01   nan                      3000000       max_evaluations         604.5502  
20     1043244460    2.0074955089489006e+01   nan                      3000000       max_evaluations         607.0945  
21     1044244497    2.0076342263763653e+01   nan                      3000000       max_evaluations         606.2071  
22     1045244534    2.0071762785746017e+01   nan                      3000000       max_evaluations         605.6934  
23     1046244571    2.0077147046463676e+01   nan                      3000000       max_evaluations         604.1441  
24     1047244608    2.0076258337105472e+01   nan                      3000000       max_evaluations         606.7733  
25     1048244645    2.0074329412204690e+01   nan                      3000000       max_evaluations         605.5202  

----- F4  D1000  (25 runs)  optimum=nan  target_error=nan -----
Run    Seed          Best_Fitness             Error                    NFEs          Termination             Runtime_s 
1      1025243790    2.7679956477927490e+11   nan                      3000000       max_evaluations         565.5751  
2      1026243827    4.4994403227475653e+11   nan                      3000000       max_evaluations         562.8447  
3      1027243864    5.0208355506666016e+11   nan                      3000000       max_evaluations         561.9733  
4      1028243901    2.3828098038994690e+11   nan                      3000000       max_evaluations         563.9974  
5      1029243938    2.1763117731869672e+11   nan                      3000000       max_evaluations         563.6748  
6      1030243975    5.5071625196825818e+11   nan                      3000000       max_evaluations         563.5586  
7      1031244012    4.5769821285333582e+11   nan                      3000000       max_evaluations         562.8603  
8      1032244049    2.0350708974023007e+11   nan                      3000000       max_evaluations         565.1201  
9      1033244086    2.1328103758319707e+12   nan                      3000000       max_evaluations         565.0978  
10     1034244123    2.9769273249803088e+11   nan                      3000000       max_evaluations         563.4329  
11     1035244160    3.1590128981470380e+11   nan                      3000000       max_evaluations         565.7164  
12     1036244197    5.9014399128742297e+11   nan                      3000000       max_evaluations         565.1642  
13     1037244234    2.4082922029597690e+11   nan                      3000000       max_evaluations         565.2716  
14     1038244271    4.3973259431358826e+11   nan                      3000000       max_evaluations         541.1966  
15     1039244308    6.9139171211770218e+10   nan                      3000000       max_evaluations         542.5682  
16     1040244345    3.3018968632813721e+11   nan                      3000000       max_evaluations         541.7489  
17     1041244382    1.4664378578850519e+11   nan                      3000000       max_evaluations         541.3195  
18     1042244419    3.8279197957334076e+11   nan                      3000000       max_evaluations         541.8574  
19     1043244456    6.8383828308664331e+11   nan                      3000000       max_evaluations         541.7407  
20     1044244493    8.2287533799971375e+11   nan                      3000000       max_evaluations         541.4684  
21     1045244530    5.7728565294462097e+11   nan                      3000000       max_evaluations         543.3884  
22     1046244567    3.1632859410504797e+11   nan                      3000000       max_evaluations         542.1834  
23     1047244604    2.0527103019629370e+12   nan                      3000000       max_evaluations         542.5911  
24     1048244641    4.9322654092409888e+11   nan                      3000000       max_evaluations         542.7658  
25     1049244678    4.2295600183431207e+11   nan                      3000000       max_evaluations         541.5213  

----- F5  D1000  (25 runs)  optimum=nan  target_error=nan -----
Run    Seed          Best_Fitness             Error                    NFEs          Termination             Runtime_s 
1      1026243823    1.0718965463416532e+07   nan                      3000000       max_evaluations         757.8805  
2      1027243860    1.0826587420379423e+07   nan                      3000000       max_evaluations         754.4509  
3      1028243897    9.6464849588292576e+06   nan                      3000000       max_evaluations         753.9611  
4      1029243934    1.0751944763209764e+07   nan                      3000000       max_evaluations         754.6249  
5      1030243971    1.0165419037337881e+07   nan                      3000000       max_evaluations         754.5563  
6      1031244008    1.0892997740716066e+07   nan                      3000000       max_evaluations         751.2387  
7      1032244045    1.0525534343920745e+07   nan                      3000000       max_evaluations         754.7801  
8      1033244082    1.0909735033708612e+07   nan                      3000000       max_evaluations         752.8770  
9      1034244119    1.0791059051597742e+07   nan                      3000000       max_evaluations         756.8676  
10     1035244156    1.0365831634322874e+07   nan                      3000000       max_evaluations         758.1652  
11     1036244193    1.0976308078821192e+07   nan                      3000000       max_evaluations         756.7428  
12     1037244230    1.0342739387383282e+07   nan                      3000000       max_evaluations         757.6926  
13     1038244267    1.0352048700427372e+07   nan                      3000000       max_evaluations         754.5551  
14     1039244304    1.0153043299584519e+07   nan                      3000000       max_evaluations         726.8471  
15     1040244341    9.9401329304454420e+06   nan                      3000000       max_evaluations         725.2033  
16     1041244378    1.0709721700762041e+07   nan                      3000000       max_evaluations         726.6112  
17     1042244415    1.0356234908903418e+07   nan                      3000000       max_evaluations         723.4372  
18     1043244452    1.0501359859227074e+07   nan                      3000000       max_evaluations         725.1432  
19     1044244489    1.0209123075378614e+07   nan                      3000000       max_evaluations         726.9179  
20     1045244526    1.0472888667887313e+07   nan                      3000000       max_evaluations         728.1738  
21     1046244563    1.0798035675664566e+07   nan                      3000000       max_evaluations         726.5187  
22     1047244600    1.0370929779601490e+07   nan                      3000000       max_evaluations         727.5872  
23     1048244637    1.0186654333779903e+07   nan                      3000000       max_evaluations         726.3175  
24     1049244674    1.0291392631100906e+07   nan                      3000000       max_evaluations         727.7104  
25     1050244711    1.0918492671094181e+07   nan                      3000000       max_evaluations         725.4755  

----- F6  D1000  (25 runs)  optimum=nan  target_error=nan -----
Run    Seed          Best_Fitness             Error                    NFEs          Termination             Runtime_s 
1      1027243856    1.0602237650950113e+06   nan                      3000000       max_evaluations         766.4911  
2      1028243893    1.0581801803478366e+06   nan                      3000000       max_evaluations         765.4837  
3      1029243930    1.0614991807156655e+06   nan                      3000000       max_evaluations         764.4654  
4      1030243967    1.0615088122135610e+06   nan                      3000000       max_evaluations         767.7750  
5      1031244004    1.0619410374456495e+06   nan                      3000000       max_evaluations         763.0010  
6      1032244041    1.0622938281425221e+06   nan                      3000000       max_evaluations         764.7223  
7      1033244078    1.0603106637813528e+06   nan                      3000000       max_evaluations         764.0723  
8      1034244115    1.0614158873578911e+06   nan                      3000000       max_evaluations         766.0861  
9      1035244152    1.0600066495164279e+06   nan                      3000000       max_evaluations         763.4709  
10     1036244189    1.0620557451221724e+06   nan                      3000000       max_evaluations         765.3424  
11     1037244226    1.0608162299230308e+06   nan                      3000000       max_evaluations         765.6657  
12     1038244263    1.0627111480537395e+06   nan                      3000000       max_evaluations         767.8902  
13     1039244300    1.0618964521279749e+06   nan                      3000000       max_evaluations         766.2958  
14     1040244337    1.0615538802038752e+06   nan                      3000000       max_evaluations         725.4098  
15     1041244374    1.0616137939946856e+06   nan                      3000000       max_evaluations         728.0905  
16     1042244411    1.0588057382715193e+06   nan                      3000000       max_evaluations         728.0104  
17     1043244448    1.0632892962379467e+06   nan                      3000000       max_evaluations         725.5005  
18     1044244485    1.0608844974192728e+06   nan                      3000000       max_evaluations         727.4664  
19     1045244522    1.0596297350589049e+06   nan                      3000000       max_evaluations         721.7070  
20     1046244559    1.0589894606706363e+06   nan                      3000000       max_evaluations         718.4461  
21     1047244596    1.0617013510431980e+06   nan                      3000000       max_evaluations         727.8134  
22     1048244633    1.0615244681978391e+06   nan                      3000000       max_evaluations         726.6835  
23     1049244670    1.0590755031356078e+06   nan                      3000000       max_evaluations         725.5767  
24     1050244707    1.0616789386673763e+06   nan                      3000000       max_evaluations         726.4371  
25     1051244744    1.0602671159620814e+06   nan                      3000000       max_evaluations         725.0607  

----- F7  D1000  (25 runs)  optimum=nan  target_error=nan -----
Run    Seed          Best_Fitness             Error                    NFEs          Termination             Runtime_s 
1      1028243889    1.5335875651827513e+10   nan                      3000000       max_evaluations         397.9463  
2      1029243926    2.1987247509299107e+10   nan                      3000000       max_evaluations         395.4007  
3      1030243963    1.9906089157501015e+10   nan                      3000000       max_evaluations         398.0102  
4      1031244000    2.4859517576897800e+10   nan                      3000000       max_evaluations         394.4204  
5      1032244037    1.3523264261737118e+10   nan                      3000000       max_evaluations         394.4086  
6      1033244074    2.3242825030059322e+10   nan                      3000000       max_evaluations         396.1894  
7      1034244111    1.7227774997105179e+10   nan                      3000000       max_evaluations         400.8119  
8      1035244148    1.8438532310973537e+10   nan                      3000000       max_evaluations         394.3068  
9      1036244185    2.3009595842053802e+10   nan                      3000000       max_evaluations         396.3699  
10     1037244222    1.7650381623891380e+10   nan                      3000000       max_evaluations         397.7772  
11     1038244259    2.1631686507487888e+10   nan                      3000000       max_evaluations         395.9187  
12     1039244296    1.8835586287396713e+10   nan                      3000000       max_evaluations         396.2977  
13     1040244333    1.7859252876619469e+10   nan                      3000000       max_evaluations         398.9569  
14     1041244370    1.8504112225424282e+10   nan                      3000000       max_evaluations         373.0470  
15     1042244407    2.0859032650048260e+10   nan                      3000000       max_evaluations         370.7823  
16     1043244444    2.0528597394539276e+10   nan                      3000000       max_evaluations         370.0273  
17     1044244481    1.1998955206600649e+10   nan                      3000000       max_evaluations         371.0844  
18     1045244518    2.4250838485857052e+10   nan                      3000000       max_evaluations         369.3774  
19     1046244555    2.1749153430619225e+10   nan                      3000000       max_evaluations         371.3187  
20     1047244592    1.9910923532753246e+10   nan                      3000000       max_evaluations         370.5811  
21     1048244629    1.9558600735664639e+10   nan                      3000000       max_evaluations         369.2042  
22     1049244666    1.5286964911067284e+10   nan                      3000000       max_evaluations         370.3205  
23     1050244703    1.6421946798857267e+10   nan                      3000000       max_evaluations         370.7899  
24     1051244740    1.8411894522884644e+10   nan                      3000000       max_evaluations         369.7437  
25     1052244777    1.7012857171374516e+10   nan                      3000000       max_evaluations         369.7326  

----- F8  D1000  (25 runs)  optimum=nan  target_error=nan -----
Run    Seed          Best_Fitness             Error                    NFEs          Termination             Runtime_s 
1      1029243922    2.1424312688949768e+16   nan                      3000000       max_evaluations         856.5477  
2      1030243959    2.1922942154781456e+17   nan                      3000000       max_evaluations         851.5521  
3      1031243996    1.2767582563871468e+16   nan                      3000000       max_evaluations         853.7868  
4      1032244033    8.2166558060278608e+16   nan                      3000000       max_evaluations         856.4893  
5      1033244070    9.2115650480635232e+16   nan                      3000000       max_evaluations         855.6977  
6      1034244107    8.7259946623666688e+16   nan                      3000000       max_evaluations         855.6055  
7      1035244144    1.3799851491719077e+17   nan                      3000000       max_evaluations         853.8359  
8      1036244181    1.6683919943097926e+16   nan                      3000000       max_evaluations         854.8756  
9      1037244218    3.7880357126253152e+16   nan                      3000000       max_evaluations         854.9667  
10     1038244255    1.2699275157870578e+16   nan                      3000000       max_evaluations         855.5368  
11     1039244292    3.7078448126858195e+17   nan                      3000000       max_evaluations         854.4495  
12     1040244329    1.1115009064207125e+17   nan                      3000000       max_evaluations         857.3077  
13     1041244366    5.0425874984706816e+16   nan                      3000000       max_evaluations         858.1111  
14     1042244403    1.1133282308450884e+16   nan                      3000000       max_evaluations         838.7641  
15     1043244440    1.5163202382586858e+17   nan                      3000000       max_evaluations         838.8757  
16     1044244477    9.5066796058280880e+16   nan                      3000000       max_evaluations         840.4097  
17     1045244514    2.6983510568813124e+16   nan                      3000000       max_evaluations         841.7839  
18     1046244551    5.5578676290413016e+16   nan                      3000000       max_evaluations         840.3840  
19     1047244588    5.5753390614131820e+15   nan                      3000000       max_evaluations         841.8878  
20     1048244625    1.4821068597289418e+16   nan                      3000000       max_evaluations         841.5998  
21     1049244662    3.9590508571335936e+16   nan                      3000000       max_evaluations         839.5553  
22     1050244699    1.2764801017010140e+16   nan                      3000000       max_evaluations         840.8676  
23     1051244736    1.1542368081961166e+16   nan                      3000000       max_evaluations         840.2325  
24     1052244773    1.8183348087964456e+16   nan                      3000000       max_evaluations         840.7632  
25     1053244810    2.5064386553885256e+16   nan                      3000000       max_evaluations         840.7033  

----- F9  D1000  (25 runs)  optimum=nan  target_error=nan -----
Run    Seed          Best_Fitness             Error                    NFEs          Termination             Runtime_s 
1      1030243955    7.8358463586367941e+08   nan                      3000000       max_evaluations         1074.1507 
2      1031243992    7.4575934178932786e+08   nan                      3000000       max_evaluations         1069.3945 
3      1032244029    7.7475469552503026e+08   nan                      3000000       max_evaluations         1071.7533 
4      1033244066    7.7701581019901013e+08   nan                      3000000       max_evaluations         1072.9889 
5      1034244103    7.8019727116515636e+08   nan                      3000000       max_evaluations         1071.8105 
6      1035244140    7.5373199575100422e+08   nan                      3000000       max_evaluations         1072.6989 
7      1036244177    7.5593463921340990e+08   nan                      3000000       max_evaluations         1070.7235 
8      1037244214    7.4319049089249682e+08   nan                      3000000       max_evaluations         1071.4200 
9      1038244251    8.1318624407952881e+08   nan                      3000000       max_evaluations         1070.6596 
10     1039244288    7.3787996453149271e+08   nan                      3000000       max_evaluations         1071.5849 
11     1040244325    7.9223054401177847e+08   nan                      3000000       max_evaluations         1071.4632 
12     1041244362    7.5245228490431607e+08   nan                      3000000       max_evaluations         1074.7208 
13     1042244399    7.8965194689880991e+08   nan                      3000000       max_evaluations         1073.7305 
14     1043244436    7.6194984463603282e+08   nan                      3000000       max_evaluations         1020.2910 
15     1044244473    8.0677421037467313e+08   nan                      3000000       max_evaluations         1022.6659 
16     1045244510    7.7704948618344188e+08   nan                      3000000       max_evaluations         1022.5082 
17     1046244547    7.5060920689224613e+08   nan                      3000000       max_evaluations         1022.4778 
18     1047244584    7.3808209624878466e+08   nan                      3000000       max_evaluations         1023.1783 
19     1048244621    7.4921562803011596e+08   nan                      3000000       max_evaluations         1023.7582 
20     1049244658    7.4154996452567041e+08   nan                      3000000       max_evaluations         1020.2107 
21     1050244695    8.1277628246283436e+08   nan                      3000000       max_evaluations         1020.4200 
22     1051244732    7.2628276016073298e+08   nan                      3000000       max_evaluations         1023.4536 
23     1052244769    7.6032468011748803e+08   nan                      3000000       max_evaluations         1023.7784 
24     1053244806    8.0961009672855103e+08   nan                      3000000       max_evaluations         1023.1751 
25     1054244843    7.7646596050210536e+08   nan                      3000000       max_evaluations         1022.3380 

----- F10  D1000  (25 runs)  optimum=nan  target_error=nan -----
Run    Seed          Best_Fitness             Error                    NFEs          Termination             Runtime_s 
1      1031243988    9.4502669991772175e+07   nan                      3000000       max_evaluations         1079.6698 
2      1032244025    9.4666559363905877e+07   nan                      3000000       max_evaluations         1075.5906 
3      1033244062    9.3837384069787994e+07   nan                      3000000       max_evaluations         1075.6703 
4      1034244099    9.4282243595211565e+07   nan                      3000000       max_evaluations         1075.7869 
5      1035244136    9.4345781272156954e+07   nan                      3000000       max_evaluations         1079.3490 
6      1036244173    9.4508135315465614e+07   nan                      3000000       max_evaluations         1075.8974 
7      1037244210    9.3792057252012938e+07   nan                      3000000       max_evaluations         1077.0623 
8      1038244247    9.4305502462923467e+07   nan                      3000000       max_evaluations         1077.9666 
9      1039244284    9.4369970997616529e+07   nan                      3000000       max_evaluations         1077.9570 
10     1040244321    9.4290382067224905e+07   nan                      3000000       max_evaluations         1079.5999 
11     1041244358    9.4631939500897199e+07   nan                      3000000       max_evaluations         1078.9791 
12     1042244395    9.4233420815529138e+07   nan                      3000000       max_evaluations         1077.6460 
13     1043244432    9.4223008188610658e+07   nan                      3000000       max_evaluations         1079.7476 
14     1044244469    9.4800278702403888e+07   nan                      3000000       max_evaluations         1024.9614 
15     1045244506    9.4514971304611623e+07   nan                      3000000       max_evaluations         1023.1823 
16     1046244543    9.4060342324978307e+07   nan                      3000000       max_evaluations         1024.7679 
17     1047244580    9.4306152392272756e+07   nan                      3000000       max_evaluations         1026.1410 
18     1048244617    9.4623346456064180e+07   nan                      3000000       max_evaluations         1027.4485 
19     1049244654    9.4378466195052117e+07   nan                      3000000       max_evaluations         1025.8938 
20     1050244691    9.4201989528917059e+07   nan                      3000000       max_evaluations         1026.9548 
21     1051244728    9.4470583710396126e+07   nan                      3000000       max_evaluations         1025.0469 
22     1052244765    9.4453342475439265e+07   nan                      3000000       max_evaluations         1027.2682 
23     1053244802    9.4366169083413526e+07   nan                      3000000       max_evaluations         1025.2540 
24     1054244839    9.4017069322490409e+07   nan                      3000000       max_evaluations         1026.5429 
25     1055244876    9.3697823748236209e+07   nan                      3000000       max_evaluations         1025.5946 

----- F11  D1000  (25 runs)  optimum=nan  target_error=nan -----
Run    Seed          Best_Fitness             Error                    NFEs          Termination             Runtime_s 
1      1032244021    7.8714635722589521e+12   nan                      3000000       max_evaluations         919.1236  
2      1033244058    8.8634147342179434e+12   nan                      3000000       max_evaluations         916.1143  
3      1034244095    1.0292576562669072e+13   nan                      3000000       max_evaluations         919.3441  
4      1035244132    2.1229768308648297e+13   nan                      3000000       max_evaluations         919.5091  
5      1036244169    1.8195059889795398e+13   nan                      3000000       max_evaluations         919.7162  
6      1037244206    1.7167522694790605e+13   nan                      3000000       max_evaluations         919.2764  
7      1038244243    1.4178904644893188e+13   nan                      3000000       max_evaluations         921.7104  
8      1039244280    1.4202246923336576e+13   nan                      3000000       max_evaluations         918.5820  
9      1040244317    6.8050717836315010e+12   nan                      3000000       max_evaluations         920.4862  
10     1041244354    1.5495966760481973e+13   nan                      3000000       max_evaluations         919.7680  
11     1042244391    1.2488183910140096e+13   nan                      3000000       max_evaluations         920.9715  
12     1043244428    1.0346870406170256e+13   nan                      3000000       max_evaluations         918.6730  
13     1044244465    1.0122675148326195e+13   nan                      3000000       max_evaluations         922.6023  
14     1045244502    1.9718540832324312e+13   nan                      3000000       max_evaluations         874.1319  
15     1046244539    2.1380823428242605e+13   nan                      3000000       max_evaluations         876.5787  
16     1047244576    1.3867068680959713e+13   nan                      3000000       max_evaluations         876.7004  
17     1048244613    1.7221892628859271e+13   nan                      3000000       max_evaluations         877.1614  
18     1049244650    8.1969620230789082e+12   nan                      3000000       max_evaluations         873.8860  
19     1050244687    8.3347585872225859e+12   nan                      3000000       max_evaluations         873.7507  
20     1051244724    1.3958077971860467e+13   nan                      3000000       max_evaluations         875.7348  
21     1052244761    1.6527258552954783e+13   nan                      3000000       max_evaluations         875.7104  
22     1053244798    1.1057063091464701e+13   nan                      3000000       max_evaluations         876.5192  
23     1054244835    1.8499134516993539e+13   nan                      3000000       max_evaluations         876.3659  
24     1055244872    1.6731504052656793e+13   nan                      3000000       max_evaluations         876.1299  
25     1056244909    2.5220080751076961e+13   nan                      3000000       max_evaluations         874.5986  

----- F12  D1000  (25 runs)  optimum=nan  target_error=nan -----
Run    Seed          Best_Fitness             Error                    NFEs          Termination             Runtime_s 
1      1033244054    2.5761502660298361e+03   nan                      3000000       max_evaluations         217.9437  
2      1034244091    2.3529986694471663e+03   nan                      3000000       max_evaluations         214.0311  
3      1035244128    2.7118987099497772e+03   nan                      3000000       max_evaluations         213.6212  
4      1036244165    2.3262810851763570e+03   nan                      3000000       max_evaluations         215.2295  
5      1037244202    2.4401597185637502e+03   nan                      3000000       max_evaluations         211.3177  
6      1038244239    2.9124934060696428e+03   nan                      3000000       max_evaluations         213.9261  
7      1039244276    2.2424757591791322e+03   nan                      3000000       max_evaluations         214.3779  
8      1040244313    2.4101054038755901e+03   nan                      3000000       max_evaluations         214.6400  
9      1041244350    2.4667759421438732e+03   nan                      3000000       max_evaluations         218.0982  
10     1042244387    2.1310630328709517e+03   nan                      3000000       max_evaluations         214.4651  
11     1043244424    2.4144743400681664e+03   nan                      3000000       max_evaluations         215.0299  
12     1044244461    2.3995460454681597e+03   nan                      3000000       max_evaluations         216.5190  
13     1045244498    2.1841850910344651e+03   nan                      3000000       max_evaluations         215.9333  
14     1046244535    2.4014031139851072e+03   nan                      3000000       max_evaluations         197.5489  
15     1047244572    2.2424605448424099e+03   nan                      3000000       max_evaluations         194.7301  
16     1048244609    2.0942008129888309e+03   nan                      3000000       max_evaluations         195.9163  
17     1049244646    2.2469727949994453e+03   nan                      3000000       max_evaluations         195.1084  
18     1050244683    2.5160881843581578e+03   nan                      3000000       max_evaluations         195.9310  
19     1051244720    2.1546445119873938e+03   nan                      3000000       max_evaluations         196.9241  
20     1052244757    2.5797028449822542e+03   nan                      3000000       max_evaluations         195.8997  
21     1053244794    2.1952141458718720e+03   nan                      3000000       max_evaluations         196.5159  
22     1054244831    2.1660993007266811e+03   nan                      3000000       max_evaluations         196.7641  
23     1055244868    2.4843177350875599e+03   nan                      3000000       max_evaluations         196.7149  
24     1056244905    2.2309817372220905e+03   nan                      3000000       max_evaluations         195.9842  
25     1057244942    2.3469144065716951e+03   nan                      3000000       max_evaluations         195.4082  

----- F15  D1000  (25 runs)  optimum=nan  target_error=nan -----
Run    Seed          Best_Fitness             Error                    NFEs          Termination             Runtime_s 
1      1036244153    9.6264200568500316e+08   nan                      3000000       max_evaluations         482.5611  
2      1037244190    8.2425239341466117e+08   nan                      3000000       max_evaluations         479.9280  
3      1038244227    8.0866757649127388e+08   nan                      3000000       max_evaluations         478.7668  
4      1039244264    1.0883600651813335e+09   nan                      3000000       max_evaluations         480.2798  
5      1040244301    8.3616895761444235e+08   nan                      3000000       max_evaluations         479.1452  
6      1041244338    8.0138087623816860e+08   nan                      3000000       max_evaluations         482.8287  
7      1042244375    7.5668563280385709e+08   nan                      3000000       max_evaluations         483.6375  
8      1043244412    8.3989213103258228e+08   nan                      3000000       max_evaluations         480.6767  
9      1044244449    1.0455853471496583e+09   nan                      3000000       max_evaluations         481.5517  
10     1045244486    5.8118151300602639e+08   nan                      3000000       max_evaluations         480.1364  
11     1046244523    7.6491652025531495e+08   nan                      3000000       max_evaluations         481.0595  
12     1047244560    8.0937581228661847e+08   nan                      3000000       max_evaluations         482.9130  
13     1048244597    1.0097456659587779e+09   nan                      3000000       max_evaluations         483.3151  
14     1049244634    8.9731731321206832e+08   nan                      3000000       max_evaluations         446.0883  
15     1050244671    6.3479116419106865e+08   nan                      3000000       max_evaluations         446.9475  
16     1051244708    6.4095591800171506e+08   nan                      3000000       max_evaluations         445.3079  
17     1052244745    7.8533945044556344e+08   nan                      3000000       max_evaluations         446.9494  
18     1053244782    6.0442718142666936e+08   nan                      3000000       max_evaluations         446.2965  
19     1054244819    7.2191667295658565e+08   nan                      3000000       max_evaluations         445.7240  
20     1055244856    8.4783696814708138e+08   nan                      3000000       max_evaluations         446.7951  
21     1056244893    7.7507052465621519e+08   nan                      3000000       max_evaluations         446.5398  
22     1057244930    7.9309238017059827e+08   nan                      3000000       max_evaluations         446.8493  
23     1058244967    9.3792806077150118e+08   nan                      3000000       max_evaluations         445.8347  
24     1059245004    1.0830052082038488e+09   nan                      3000000       max_evaluations         446.0109  
25     1060245041    9.1623579179268682e+08   nan                      3000000       max_evaluations         446.7458  

