==============================================================================================================
DETAILED PER-RUN LOG   FDB-AGSK   CEC2020   D15
runs per function : 30
functions         : [1 2 3 4 5 6 7 8 9 10]
statistics basis  : error vs known optimum
generated         : 2026-07-28_11.54.06
==============================================================================================================

----- F1  D15  (30 runs)  optimum=100  target_error=1e-08 -----
Run    Seed          Best_Fitness             Error                    NFEs          Termination             Runtime_s 
1      37240736      1.0000000000000000e+02   0.0000000000000000e+00   3000000       max_evaluations         84.4877   
2      38240773      1.0000000000000000e+02   0.0000000000000000e+00   3000000       max_evaluations         83.7013   
3      39240810      1.0000000000000000e+02   0.0000000000000000e+00   3000000       max_evaluations         84.8897   
4      40240847      1.0000000000000000e+02   0.0000000000000000e+00   3000000       max_evaluations         85.0802   
5      41240884      1.0000000000000000e+02   0.0000000000000000e+00   3000000       max_evaluations         83.8406   
6      42240921      1.0000000000000000e+02   0.0000000000000000e+00   3000000       max_evaluations         84.8246   
7      43240958      1.0000000000000000e+02   0.0000000000000000e+00   3000000       max_evaluations         85.4755   
8      44240995      1.0000000000000000e+02   0.0000000000000000e+00   3000000       max_evaluations         85.5676   
9      45241032      1.0000000000000000e+02   0.0000000000000000e+00   3000000       max_evaluations         85.2911   
10     46241069      1.0000000000000000e+02   0.0000000000000000e+00   3000000       max_evaluations         86.4756   
11     47241106      1.0000000000000000e+02   0.0000000000000000e+00   3000000       max_evaluations         86.5744   
12     48241143      1.0000000000000000e+02   0.0000000000000000e+00   3000000       max_evaluations         84.9377   
13     49241180      1.0000000000000000e+02   0.0000000000000000e+00   3000000       max_evaluations         84.8061   
14     50241217      1.0000000000000000e+02   0.0000000000000000e+00   3000000       max_evaluations         84.2598   
15     51241254      1.0000000000000000e+02   0.0000000000000000e+00   3000000       max_evaluations         86.3344   
16     52241291      1.0000000000000000e+02   0.0000000000000000e+00   3000000       max_evaluations         86.3626   
17     53241328      1.0000000000000000e+02   0.0000000000000000e+00   3000000       max_evaluations         85.9654   
18     54241365      1.0000000000000000e+02   0.0000000000000000e+00   3000000       max_evaluations         86.2791   
19     55241402      1.0000000000000000e+02   0.0000000000000000e+00   3000000       max_evaluations         85.4704   
20     56241439      1.0000000000000000e+02   0.0000000000000000e+00   3000000       max_evaluations         86.9168   
21     57241476      1.0000000000000000e+02   0.0000000000000000e+00   3000000       max_evaluations         85.3026   
22     58241513      1.0000000000000000e+02   0.0000000000000000e+00   3000000       max_evaluations         87.4609   
23     59241550      1.0000000000000000e+02   0.0000000000000000e+00   3000000       max_evaluations         86.0653   
24     60241587      1.0000000000000000e+02   0.0000000000000000e+00   3000000       max_evaluations         87.1414   
25     61241624      1.0000000000000000e+02   0.0000000000000000e+00   3000000       max_evaluations         86.4758   
26     62241661      1.0000000000000000e+02   0.0000000000000000e+00   3000000       max_evaluations         86.5024   
27     63241698      1.0000000000000000e+02   0.0000000000000000e+00   3000000       max_evaluations         86.8493   
28     64241735      1.0000000000000000e+02   0.0000000000000000e+00   3000000       max_evaluations         86.7289   
29     65241772      1.0000000000000000e+02   0.0000000000000000e+00   3000000       max_evaluations         27.7632   
30     66241809      1.0000000000000000e+02   0.0000000000000000e+00   3000000       max_evaluations         27.8225   

----- F2  D15  (30 runs)  optimum=1100  target_error=1e-08 -----
Run    Seed          Best_Fitness             Error                    NFEs          Termination             Runtime_s 
1      38240769      1.1055575644719120e+03   5.5575644719120003e+00   3000000       max_evaluations         88.9159   
2      39240806      1.2303903201488301e+03   1.3039032014883011e+02   3000000       max_evaluations         87.2506   
3      40240843      1.1050824109739369e+03   5.0824109739369998e+00   3000000       max_evaluations         86.6545   
4      41240880      1.2261375883361688e+03   1.2613758833616880e+02   3000000       max_evaluations         87.5053   
5      42240917      1.1228716432373622e+03   2.2871643237362200e+01   3000000       max_evaluations         88.0385   
6      43240954      1.1190555606207445e+03   1.9055560620744501e+01   3000000       max_evaluations         91.8509   
7      44240991      1.1526035070888429e+03   5.2603507088843003e+01   3000000       max_evaluations         91.9891   
8      45241028      1.1123150474350787e+03   1.2315047435078700e+01   3000000       max_evaluations         88.8777   
9      46241065      1.1102485115641111e+03   1.0248511564111100e+01   3000000       max_evaluations         91.8538   
10     47241102      1.1241973230827807e+03   2.4197323082780699e+01   3000000       max_evaluations         91.8333   
11     48241139      1.2454949094113754e+03   1.4549490941137540e+02   3000000       max_evaluations         92.0823   
12     49241176      1.1113263254948106e+03   1.1326325494810600e+01   3000000       max_evaluations         91.6994   
13     50241213      1.1024043504549982e+03   2.4043504549982000e+00   3000000       max_evaluations         88.1485   
14     51241250      1.1262447277127358e+03   2.6244727712735799e+01   3000000       max_evaluations         87.6023   
15     52241287      1.1170629533710207e+03   1.7062953371020701e+01   3000000       max_evaluations         88.6052   
16     53241324      1.1079869860475528e+03   7.9869860475527998e+00   3000000       max_evaluations         88.1716   
17     54241361      1.1013147865719220e+03   1.3147865719220000e+00   3000000       max_evaluations         87.6593   
18     55241398      1.1149380109017011e+03   1.4938010901701000e+01   3000000       max_evaluations         89.0444   
19     56241435      1.1462844244883927e+03   4.6284424488392702e+01   3000000       max_evaluations         88.1773   
20     57241472      1.1189813619172810e+03   1.8981361917280999e+01   3000000       max_evaluations         86.9185   
21     58241509      1.1323112286025553e+03   3.2311228602555303e+01   3000000       max_evaluations         89.3892   
22     59241546      1.1217420876803526e+03   2.1742087680352601e+01   3000000       max_evaluations         87.9489   
23     60241583      1.1122704256004690e+03   1.2270425600469000e+01   3000000       max_evaluations         89.6106   
24     61241620      1.2215979957393629e+03   1.2159799573936300e+02   3000000       max_evaluations         88.4513   
25     62241657      1.1222748576234171e+03   2.2274857623417098e+01   3000000       max_evaluations         88.6798   
26     63241694      1.2331956441630491e+03   1.3319564416304900e+02   3000000       max_evaluations         89.1265   
27     64241731      1.1289780713639902e+03   2.8978071363990200e+01   3000000       max_evaluations         88.6345   
28     65241768      1.1070315524364487e+03   7.0315524364486999e+00   3000000       max_evaluations         88.5179   
29     66241805      1.1333347988163578e+03   3.3334798816357797e+01   3000000       max_evaluations         33.1906   
30     67241842      1.1129860451869909e+03   1.2986045186990900e+01   3000000       max_evaluations         32.8566   

----- F3  D15  (30 runs)  optimum=700  target_error=1e-08 -----
Run    Seed          Best_Fitness             Error                    NFEs          Termination             Runtime_s 
1      39240802      7.1660826878584032e+02   1.6608268785840298e+01   3000000       max_evaluations         90.4080   
2      40240839      7.1679478545282689e+02   1.6794785452826900e+01   3000000       max_evaluations         91.3287   
3      41240876      7.0000000000000000e+02   0.0000000000000000e+00   3000000       max_evaluations         91.6560   
4      42240913      7.0060642580747538e+02   6.0642580747539998e-01   3000000       max_evaluations         92.2293   
5      43240950      7.1556697651303898e+02   1.5566976513039000e+01   3000000       max_evaluations         91.7045   
6      44240987      7.1594213196731084e+02   1.5942131967310800e+01   3000000       max_evaluations         93.0387   
7      45241024      7.0198991811418659e+02   1.9899181141866000e+00   3000000       max_evaluations         93.3795   
8      46241061      7.1564629821271501e+02   1.5646298212714999e+01   3000000       max_evaluations         94.3078   
9      47241098      7.1556697651303898e+02   1.5566976513039000e+01   3000000       max_evaluations         94.2143   
10     48241135      7.1556697651303898e+02   1.5566976513039000e+01   3000000       max_evaluations         92.9962   
11     49241172      7.1651103680623419e+02   1.6511036806234198e+01   3000000       max_evaluations         93.3720   
12     50241209      7.1578381918834089e+02   1.5783819188340900e+01   3000000       max_evaluations         94.5072   
13     51241246      7.1609432587122160e+02   1.6094325871221599e+01   3000000       max_evaluations         91.9598   
14     52241283      7.1619532694509894e+02   1.6195326945098898e+01   3000000       max_evaluations         90.0790   
15     53241320      7.1626819914933367e+02   1.6268199149333700e+01   3000000       max_evaluations         90.1185   
16     54241357      7.1594213196731084e+02   1.5942131967310800e+01   3000000       max_evaluations         91.2819   
17     55241394      7.1574084979115105e+02   1.5740849791151000e+01   3000000       max_evaluations         91.8598   
18     56241431      7.0315455939136234e+02   3.1545593913622998e+00   3000000       max_evaluations         91.9131   
19     57241468      7.1556697651303898e+02   1.5566976513039000e+01   3000000       max_evaluations         91.6912   
20     58241505      7.1619532694509894e+02   1.6195326945098898e+01   3000000       max_evaluations         91.7161   
21     59241542      7.1597852256649685e+02   1.5978522566496800e+01   3000000       max_evaluations         91.4619   
22     60241579      7.1564629821271501e+02   1.5646298212714999e+01   3000000       max_evaluations         92.2113   
23     61241616      7.1556697651303898e+02   1.5566976513039000e+01   3000000       max_evaluations         92.9850   
24     62241653      7.1556697651303898e+02   1.5566976513039000e+01   3000000       max_evaluations         93.0733   
25     63241690      7.1556697651303898e+02   1.5566976513039000e+01   3000000       max_evaluations         93.6453   
26     64241727      7.1556697651303898e+02   1.5566976513039000e+01   3000000       max_evaluations         93.1835   
27     65241764      7.1556697651303898e+02   1.5566976513039000e+01   3000000       max_evaluations         92.4422   
28     66241801      7.1556697651303898e+02   1.5566976513039000e+01   3000000       max_evaluations         92.7615   
29     67241838      7.1677340356381285e+02   1.6773403563812799e+01   3000000       max_evaluations         33.3488   
30     68241875      7.1556697651303898e+02   1.5566976513039000e+01   3000000       max_evaluations         32.1095   

----- F4  D15  (30 runs)  optimum=1900  target_error=1e-08 -----
Run    Seed          Best_Fitness             Error                    NFEs          Termination             Runtime_s 
1      40240835      1.9002796755421200e+03   2.7967554212000001e-01   3000000       max_evaluations         84.2089   
2      41240872      1.9001609263541516e+03   1.6092635415160000e-01   3000000       max_evaluations         84.4815   
3      42240909      1.9001464253485997e+03   1.4642534859969999e-01   3000000       max_evaluations         85.2408   
4      43240946      1.9003777413547750e+03   3.7774135477499998e-01   3000000       max_evaluations         84.3949   
5      44240983      1.9002313041858986e+03   2.3130418589860000e-01   3000000       max_evaluations         84.9222   
6      45241020      1.9001633132976363e+03   1.6331329763630001e-01   3000000       max_evaluations         83.9969   
7      46241057      1.9003129365499519e+03   3.1293654995199999e-01   3000000       max_evaluations         83.9808   
8      47241094      1.9002057027097924e+03   2.0570270979239999e-01   3000000       max_evaluations         84.2690   
9      48241131      1.9001299156334965e+03   1.2991563349650001e-01   3000000       max_evaluations         85.1611   
10     49241168      1.9003246771933948e+03   3.2467719339480000e-01   3000000       max_evaluations         83.2160   
11     50241205      1.9001482538391724e+03   1.4825383917240001e-01   3000000       max_evaluations         82.9142   
12     51241242      1.9000739400205869e+03   7.3940020586899996e-02   3000000       max_evaluations         85.1625   
13     52241279      1.9000227653439711e+03   2.2765343971000000e-02   3000000       max_evaluations         86.0219   
14     53241316      1.9003507436540335e+03   3.5074365403350000e-01   3000000       max_evaluations         84.1572   
15     54241353      1.9000888798633673e+03   8.8879863367299999e-02   3000000       max_evaluations         86.9669   
16     55241390      1.9002190386333243e+03   2.1903863332430001e-01   3000000       max_evaluations         85.7638   
17     56241427      1.9002756377788771e+03   2.7563777887710000e-01   3000000       max_evaluations         86.7393   
18     57241464      1.9002744614151356e+03   2.7446141513560002e-01   3000000       max_evaluations         85.7592   
19     58241501      1.9004197745112790e+03   4.1977451127900001e-01   3000000       max_evaluations         87.0543   
20     59241538      1.9003548254567675e+03   3.5482545676749999e-01   3000000       max_evaluations         86.9253   
21     60241575      1.9001119126132703e+03   1.1191261327030000e-01   3000000       max_evaluations         85.4449   
22     61241612      1.9002146274069175e+03   2.1462740691750001e-01   3000000       max_evaluations         87.1516   
23     62241649      1.9002471094988432e+03   2.4710949884319999e-01   3000000       max_evaluations         86.0531   
24     63241686      1.9001661882211240e+03   1.6618822112400000e-01   3000000       max_evaluations         86.7630   
25     64241723      1.9001216053261069e+03   1.2160532610690000e-01   3000000       max_evaluations         85.7600   
26     65241760      1.9003542018296582e+03   3.5420182965820002e-01   3000000       max_evaluations         86.2433   
27     66241797      1.9000858042015311e+03   8.5804201531099994e-02   3000000       max_evaluations         86.7392   
28     67241834      1.9003003679880840e+03   3.0036798808400000e-01   3000000       max_evaluations         85.0060   
29     68241871      1.9003617035178088e+03   3.6170351780880000e-01   3000000       max_evaluations         29.2130   
30     69241908      1.9003475515481848e+03   3.4755154818480000e-01   3000000       max_evaluations         28.6516   

----- F5  D15  (30 runs)  optimum=1700  target_error=1e-08 -----
Run    Seed          Best_Fitness             Error                    NFEs          Termination             Runtime_s 
1      41240868      1.7145455404521615e+03   1.4545540452161500e+01   3000000       max_evaluations         98.9038   
2      42240905      1.7057187299658581e+03   5.7187299658580004e+00   3000000       max_evaluations         100.9306  
3      43240942      1.7019899571529693e+03   1.9899571529693001e+00   3000000       max_evaluations         98.3936   
4      44240979      1.7032971122629476e+03   3.2971122629476000e+00   3000000       max_evaluations         98.0669   
5      45241016      1.7344541314328844e+03   3.4454131432884402e+01   3000000       max_evaluations         99.1706   
6      46241053      1.7032979001775216e+03   3.2979001775215999e+00   3000000       max_evaluations         96.6629   
7      47241090      1.7015908627468214e+03   1.5908627468214001e+00   3000000       max_evaluations         96.5252   
8      48241127      1.7101134738252217e+03   1.0113473825221700e+01   3000000       max_evaluations         96.7474   
9      49241164      1.7049348562803873e+03   4.9348562803873000e+00   3000000       max_evaluations         101.2052  
10     50241201      1.7146500827154007e+03   1.4650082715400700e+01   3000000       max_evaluations         97.6346   
11     51241238      1.7112766351299579e+03   1.1276635129957899e+01   3000000       max_evaluations         96.9329   
12     52241275      1.7061258668505748e+03   6.1258668505748002e+00   3000000       max_evaluations         97.4433   
13     53241312      1.7078199209306877e+03   7.8199209306877000e+00   3000000       max_evaluations         100.0702  
14     54241349      1.7077332874530739e+03   7.7332874530740003e+00   3000000       max_evaluations         100.4993  
15     55241386      1.7032956934746655e+03   3.2956934746654998e+00   3000000       max_evaluations         102.0835  
16     56241423      1.7065942194880759e+03   6.5942194880759004e+00   3000000       max_evaluations         100.7775  
17     57241460      1.7038589319790849e+03   3.8589319790849999e+00   3000000       max_evaluations         102.3941  
18     58241497      1.7154686633862909e+03   1.5468663386291000e+01   3000000       max_evaluations         102.1863  
19     59241534      1.7023828121955823e+03   2.3828121955823001e+00   3000000       max_evaluations         102.8848  
20     60241571      1.7034177488559615e+03   3.4177488559614999e+00   3000000       max_evaluations         103.3742  
21     61241608      1.7081200768741403e+03   8.1200768741403007e+00   3000000       max_evaluations         104.1442  
22     62241645      1.7145140398255296e+03   1.4514039825529601e+01   3000000       max_evaluations         102.5841  
23     63241682      1.7056727782481889e+03   5.6727782481890001e+00   3000000       max_evaluations         103.6059  
24     64241719      1.7080267266445494e+03   8.0267266445494005e+00   3000000       max_evaluations         104.0920  
25     65241756      1.7053212442229230e+03   5.3212442229230001e+00   3000000       max_evaluations         103.8067  
26     66241793      1.7132806214287878e+03   1.3280621428787800e+01   3000000       max_evaluations         103.5184  
27     67241830      1.7094241101559869e+03   9.4241101559870000e+00   3000000       max_evaluations         103.6697  
28     68241867      1.7077924392047844e+03   7.7924392047844000e+00   3000000       max_evaluations         103.3785  
29     69241904      1.7142416265808019e+03   1.4241626580802000e+01   3000000       max_evaluations         36.3229   
30     70241941      1.7223541624691268e+03   2.2354162469126798e+01   3000000       max_evaluations         35.7723   

----- F6  D15  (30 runs)  optimum=1600  target_error=1e-08 -----
Run    Seed          Best_Fitness             Error                    NFEs          Termination             Runtime_s 
1      42240901      1.6006413708425748e+03   6.4137084257480004e-01   3000000       max_evaluations         104.0428  
2      43240938      1.6002393058402947e+03   2.3930584029470001e-01   3000000       max_evaluations         104.2364  
3      44240975      1.6009769772602394e+03   9.7697726023940001e-01   3000000       max_evaluations         105.3392  
4      45241012      1.6004907754567826e+03   4.9077545678259998e-01   3000000       max_evaluations         106.3494  
5      46241049      1.6008350744422166e+03   8.3507444221659999e-01   3000000       max_evaluations         105.3278  
6      47241086      1.6006553352537660e+03   6.5533525376599999e-01   3000000       max_evaluations         108.0719  
7      48241123      1.6013089990589635e+03   1.3089990589635001e+00   3000000       max_evaluations         107.7111  
8      49241160      1.6004996765577218e+03   4.9967655772179997e-01   3000000       max_evaluations         107.3142  
9      50241197      1.6011010435583883e+03   1.1010435583883000e+00   3000000       max_evaluations         107.0029  
10     51241234      1.6006409634395905e+03   6.4096343959049995e-01   3000000       max_evaluations         107.4968  
11     52241271      1.6007943765576613e+03   7.9437655766130000e-01   3000000       max_evaluations         107.7858  
12     53241308      1.6005916011797985e+03   5.9160117979850002e-01   3000000       max_evaluations         107.5735  
13     54241345      1.6007652195294997e+03   7.6521952949969996e-01   3000000       max_evaluations         104.1205  
14     55241382      1.6015329423057469e+03   1.5329423057470000e+00   3000000       max_evaluations         104.7034  
15     56241419      1.6003931868069947e+03   3.9318680699469999e-01   3000000       max_evaluations         104.9839  
16     57241456      1.6003371621555957e+03   3.3716215559570001e-01   3000000       max_evaluations         103.8963  
17     58241493      1.6007984135021895e+03   7.9841350218950002e-01   3000000       max_evaluations         104.2309  
18     59241530      1.6001990715580960e+03   1.9907155809600000e-01   3000000       max_evaluations         103.9366  
19     60241567      1.6004291382110478e+03   4.2913821104779998e-01   3000000       max_evaluations         105.5308  
20     61241604      1.6003579044227711e+03   3.5790442277099999e-01   3000000       max_evaluations         104.7054  
21     62241641      1.6002892103075678e+03   2.8921030756779997e-01   3000000       max_evaluations         105.3727  
22     63241678      1.6007667393420400e+03   7.6673934204000005e-01   3000000       max_evaluations         106.0826  
23     64241715      1.6007656900417473e+03   7.6569004174730004e-01   3000000       max_evaluations         106.0765  
24     65241752      1.6000812181313943e+03   8.1218131394299994e-02   3000000       max_evaluations         106.3338  
25     66241789      1.6005764844287223e+03   5.7648442872229999e-01   3000000       max_evaluations         105.4804  
26     67241826      1.6002488362624551e+03   2.4883626245509999e-01   3000000       max_evaluations         105.8105  
27     68241863      1.6007750260676810e+03   7.7502606768100002e-01   3000000       max_evaluations         106.1441  
28     69241900      1.6008681269193560e+03   8.6812691935599995e-01   3000000       max_evaluations         105.3371  
29     70241937      1.6006112434708514e+03   6.1124347085139996e-01   3000000       max_evaluations         36.1536   
30     71241974      1.6005971229132003e+03   5.9712291320029998e-01   3000000       max_evaluations         35.6615   

----- F7  D15  (30 runs)  optimum=2100  target_error=1e-08 -----
Run    Seed          Best_Fitness             Error                    NFEs          Termination             Runtime_s 
1      43240934      2.1000981322167067e+03   9.8132216706699998e-02   3000000       max_evaluations         106.7355  
2      44240971      2.1001496081907039e+03   1.4960819070400000e-01   3000000       max_evaluations         108.5771  
3      45241008      2.1001750954023532e+03   1.7509540235320001e-01   3000000       max_evaluations         108.0420  
4      46241045      2.1002562925784150e+03   2.5629257841500003e-01   3000000       max_evaluations         107.1089  
5      47241082      2.1003767266818331e+03   3.7672668183300001e-01   3000000       max_evaluations         108.8013  
6      48241119      2.1001927538217974e+03   1.9275382179740000e-01   3000000       max_evaluations         111.4239  
7      49241156      2.1005808802772331e+03   5.8088027723299995e-01   3000000       max_evaluations         111.1840  
8      50241193      2.1001295461456957e+03   1.2954614569570000e-01   3000000       max_evaluations         111.2815  
9      51241230      2.1001871826488941e+03   1.8718264889399999e-01   3000000       max_evaluations         110.3552  
10     52241267      2.1002911188297739e+03   2.9111882977400000e-01   3000000       max_evaluations         110.5828  
11     53241304      2.1001634105222051e+03   1.6341052220499999e-01   3000000       max_evaluations         111.7386  
12     54241341      2.1000329312734361e+03   3.2931273435999997e-02   3000000       max_evaluations         111.7613  
13     55241378      2.1003244316366217e+03   3.2443163662169999e-01   3000000       max_evaluations         107.8015  
14     56241415      2.1003673625922856e+03   3.6736259228559998e-01   3000000       max_evaluations         107.7077  
15     57241452      2.1003040570834446e+03   3.0405708344459997e-01   3000000       max_evaluations         108.9171  
16     58241489      2.1001769822086217e+03   1.7698220862170000e-01   3000000       max_evaluations         108.6405  
17     59241526      2.1000847578769412e+03   8.4757876941200003e-02   3000000       max_evaluations         108.5175  
18     60241563      2.1003801749026534e+03   3.8017490265339998e-01   3000000       max_evaluations         106.7114  
19     61241600      2.1006239221334854e+03   6.2392213348540004e-01   3000000       max_evaluations         109.5449  
20     62241637      2.1002769966400983e+03   2.7699664009830000e-01   3000000       max_evaluations         108.6134  
21     63241674      2.1003877094244426e+03   3.8770942444259998e-01   3000000       max_evaluations         108.2800  
22     64241711      2.1001637055261622e+03   1.6370552616199999e-01   3000000       max_evaluations         110.0412  
23     65241748      2.1000481793569634e+03   4.8179356963399998e-02   3000000       max_evaluations         110.0622  
24     66241785      2.1003989079865150e+03   3.9890798651499998e-01   3000000       max_evaluations         110.2797  
25     67241822      2.1003435700538048e+03   3.4357005380500000e-01   3000000       max_evaluations         110.0447  
26     68241859      2.1000740006108144e+03   7.4000610814400000e-02   3000000       max_evaluations         110.0202  
27     69241896      2.1000564347876793e+03   5.6434787679299998e-02   3000000       max_evaluations         110.2695  
28     70241933      2.1004366404848702e+03   4.3664048487000001e-01   3000000       max_evaluations         110.2054  
29     71241970      2.1002948112972758e+03   2.9481129727599997e-01   3000000       max_evaluations         37.7250   
30     72242007      2.1002421330893617e+03   2.4213308936170000e-01   3000000       max_evaluations         36.9158   

----- F8  D15  (30 runs)  optimum=2200  target_error=1e-08 -----
Run    Seed          Best_Fitness             Error                    NFEs          Termination             Runtime_s 
1      44240967      2.3000000000000005e+03   1.0000000000000050e+02   3000000       max_evaluations         113.4583  
2      45241004      2.3000000000000005e+03   1.0000000000000050e+02   3000000       max_evaluations         112.9943  
3      46241041      2.3000000000000005e+03   1.0000000000000050e+02   3000000       max_evaluations         113.0353  
4      47241078      2.3000000000000005e+03   1.0000000000000050e+02   3000000       max_evaluations         112.2854  
5      48241115      2.3000000000000005e+03   1.0000000000000050e+02   3000000       max_evaluations         112.0154  
6      49241152      2.3000000000000005e+03   1.0000000000000050e+02   3000000       max_evaluations         109.8684  
7      50241189      2.3000000000000005e+03   1.0000000000000050e+02   3000000       max_evaluations         111.3665  
8      51241226      2.3000000000000005e+03   1.0000000000000050e+02   3000000       max_evaluations         110.3503  
9      52241263      2.2336829254623667e+03   3.3682925462366697e+01   3000000       max_evaluations         111.0655  
10     53241300      2.2493484437289585e+03   4.9348443728958500e+01   3000000       max_evaluations         112.0595  
11     54241337      2.3000000000000005e+03   1.0000000000000050e+02   3000000       max_evaluations         111.5252  
12     55241374      2.2413944732134755e+03   4.1394473213475500e+01   3000000       max_evaluations         111.2096  
13     56241411      2.2363814154756374e+03   3.6381415475637397e+01   3000000       max_evaluations         110.8994  
14     57241448      2.3000000000000005e+03   1.0000000000000050e+02   3000000       max_evaluations         111.8351  
15     58241485      2.3000000000000005e+03   1.0000000000000050e+02   3000000       max_evaluations         111.7361  
16     59241522      2.3000000000000005e+03   1.0000000000000050e+02   3000000       max_evaluations         111.7840  
17     60241559      2.2000000000000005e+03   0.0000000000000000e+00   3000000       max_evaluations         111.6272  
18     61241596      2.3000000000000005e+03   1.0000000000000050e+02   3000000       max_evaluations         112.9173  
19     62241633      2.3000000000000005e+03   1.0000000000000050e+02   3000000       max_evaluations         112.8643  
20     63241670      2.2267270325557211e+03   2.6727032555720999e+01   3000000       max_evaluations         112.3999  
21     64241707      2.3000000000000005e+03   1.0000000000000050e+02   3000000       max_evaluations         112.9839  
22     65241744      2.2158362765150400e+03   1.5836276515040000e+01   3000000       max_evaluations         114.0250  
23     66241781      2.3000000000000005e+03   1.0000000000000050e+02   3000000       max_evaluations         114.0635  
24     67241818      2.3000000000000005e+03   1.0000000000000050e+02   3000000       max_evaluations         112.3112  
25     68241855      2.2517690397513966e+03   5.1769039751396598e+01   3000000       max_evaluations         113.3444  
26     69241892      2.3000000000000005e+03   1.0000000000000050e+02   3000000       max_evaluations         112.5894  
27     70241929      2.2298118751010816e+03   2.9811875101081601e+01   3000000       max_evaluations         112.8683  
28     71241966      2.3000000000000005e+03   1.0000000000000050e+02   3000000       max_evaluations         113.3272  
29     72242003      2.3000000000000005e+03   1.0000000000000050e+02   3000000       max_evaluations         37.2196   
30     73242040      2.2215002411168680e+03   2.1500241116868001e+01   3000000       max_evaluations         36.9215   

----- F9  D15  (30 runs)  optimum=2400  target_error=1e-08 -----
Run    Seed          Best_Fitness             Error                    NFEs          Termination             Runtime_s 
1      45241000      2.5000000000000005e+03   1.0000000000000050e+02   3000000       max_evaluations         114.8579  
2      46241037      2.5000000000000005e+03   1.0000000000000050e+02   3000000       max_evaluations         121.6431  
3      47241074      2.5000000000000005e+03   1.0000000000000050e+02   3000000       max_evaluations         124.2457  
4      48241111      2.5000000000000005e+03   1.0000000000000050e+02   3000000       max_evaluations         120.7659  
5      49241148      2.5000000000000005e+03   1.0000000000000050e+02   3000000       max_evaluations         121.7687  
6      50241185      2.5000000000000005e+03   1.0000000000000050e+02   3000000       max_evaluations         123.4105  
7      51241222      2.5000000000000005e+03   1.0000000000000050e+02   3000000       max_evaluations         116.0982  
8      52241259      2.5000000000000005e+03   1.0000000000000050e+02   3000000       max_evaluations         117.2364  
9      53241296      2.5000000000000005e+03   1.0000000000000050e+02   3000000       max_evaluations         114.9314  
10     54241333      2.5000000000000000e+03   1.0000000000000000e+02   3000000       max_evaluations         120.8278  
11     55241370      2.5000000000000005e+03   1.0000000000000050e+02   3000000       max_evaluations         117.1884  
12     56241407      2.5000000000000005e+03   1.0000000000000050e+02   3000000       max_evaluations         117.8105  
13     57241444      2.5000000000000005e+03   1.0000000000000050e+02   3000000       max_evaluations         121.4472  
14     58241481      2.5000000000000005e+03   1.0000000000000050e+02   3000000       max_evaluations         121.1197  
15     59241518      2.5000000000000005e+03   1.0000000000000050e+02   3000000       max_evaluations         122.8548  
16     60241555      2.5000000000000005e+03   1.0000000000000050e+02   3000000       max_evaluations         122.8629  
17     61241592      2.5000000000000005e+03   1.0000000000000050e+02   3000000       max_evaluations         123.9949  
18     62241629      2.5000000000000005e+03   1.0000000000000050e+02   3000000       max_evaluations         123.8020  
19     63241666      2.4000000000000005e+03   0.0000000000000000e+00   3000000       max_evaluations         122.9105  
20     64241703      2.5000000000000005e+03   1.0000000000000050e+02   3000000       max_evaluations         122.4896  
21     65241740      2.5000000000000005e+03   1.0000000000000050e+02   3000000       max_evaluations         126.1210  
22     66241777      2.5000000000000005e+03   1.0000000000000050e+02   3000000       max_evaluations         121.5429  
23     67241814      2.5000000000000005e+03   1.0000000000000050e+02   3000000       max_evaluations         125.9806  
24     68241851      2.5000000000000005e+03   1.0000000000000050e+02   3000000       max_evaluations         126.0328  
25     69241888      2.5000000000000005e+03   1.0000000000000050e+02   3000000       max_evaluations         124.8210  
26     70241925      2.5000000000000005e+03   1.0000000000000050e+02   3000000       max_evaluations         125.4656  
27     71241962      2.5000000000000005e+03   1.0000000000000050e+02   3000000       max_evaluations         124.3556  
28     72241999      2.5000000000000005e+03   1.0000000000000050e+02   3000000       max_evaluations         124.5274  
29     73242036      2.5000000000000005e+03   1.0000000000000050e+02   3000000       max_evaluations         43.0015   
30     74242073      2.5000000000000005e+03   1.0000000000000050e+02   3000000       max_evaluations         43.1469   

----- F10  D15  (30 runs)  optimum=2500  target_error=1e-08 -----
Run    Seed          Best_Fitness             Error                    NFEs          Termination             Runtime_s 
1      46241033      2.9000000000000000e+03   4.0000000000000000e+02   3000000       max_evaluations         119.8268  
2      47241070      2.9000000000000005e+03   4.0000000000000051e+02   3000000       max_evaluations         119.6866  
3      48241107      2.9000000000000000e+03   4.0000000000000000e+02   3000000       max_evaluations         118.9936  
4      49241144      2.9000000000000005e+03   4.0000000000000051e+02   3000000       max_evaluations         119.6805  
5      50241181      2.9000000000000005e+03   4.0000000000000051e+02   3000000       max_evaluations         120.0093  
6      51241218      2.9000000000000000e+03   4.0000000000000000e+02   3000000       max_evaluations         126.3998  
7      52241255      2.9000000000000005e+03   4.0000000000000051e+02   3000000       max_evaluations         124.0196  
8      53241292      2.9000000000000005e+03   4.0000000000000051e+02   3000000       max_evaluations         124.1141  
9      54241329      2.9000000000000000e+03   4.0000000000000000e+02   3000000       max_evaluations         124.3286  
10     55241366      2.9000000000000000e+03   4.0000000000000000e+02   3000000       max_evaluations         123.5101  
11     56241403      2.9000000000000000e+03   4.0000000000000000e+02   3000000       max_evaluations         123.8607  
12     57241440      2.9000000000000000e+03   4.0000000000000000e+02   3000000       max_evaluations         124.7040  
13     58241477      2.9000000000000000e+03   4.0000000000000000e+02   3000000       max_evaluations         118.4438  
14     59241514      2.9000000000000005e+03   4.0000000000000051e+02   3000000       max_evaluations         118.4165  
15     60241551      2.9000000000000005e+03   4.0000000000000051e+02   3000000       max_evaluations         117.6466  
16     61241588      2.9000000000000000e+03   4.0000000000000000e+02   3000000       max_evaluations         117.6151  
17     62241625      2.9000000000000000e+03   4.0000000000000000e+02   3000000       max_evaluations         117.7922  
18     63241662      2.9000000000000005e+03   4.0000000000000051e+02   3000000       max_evaluations         117.2310  
19     64241699      2.9000000000000000e+03   4.0000000000000000e+02   3000000       max_evaluations         118.5972  
20     65241736      2.9000000000000005e+03   4.0000000000000051e+02   3000000       max_evaluations         117.8534  
21     66241773      2.9000000000000000e+03   4.0000000000000000e+02   3000000       max_evaluations         120.5053  
22     67241810      2.9000000000000000e+03   4.0000000000000000e+02   3000000       max_evaluations         121.2681  
23     68241847      2.9000000000000000e+03   4.0000000000000000e+02   3000000       max_evaluations         120.3525  
24     69241884      2.9000000000000005e+03   4.0000000000000051e+02   3000000       max_evaluations         119.9732  
25     70241921      2.9000000000000005e+03   4.0000000000000051e+02   3000000       max_evaluations         120.1215  
26     71241958      2.9000000000000000e+03   4.0000000000000000e+02   3000000       max_evaluations         120.6057  
27     72241995      2.9000000000000000e+03   4.0000000000000000e+02   3000000       max_evaluations         120.5550  
28     73242032      2.9000000000000000e+03   4.0000000000000000e+02   3000000       max_evaluations         118.7387  
29     74242069      2.9000000000000000e+03   4.0000000000000000e+02   3000000       max_evaluations         40.9708   
30     75242106      2.9000000000000000e+03   4.0000000000000000e+02   3000000       max_evaluations         41.3927   

