==============================================================================================================
DETAILED PER-RUN LOG   FDB-AGSK   CEC2020   D5
runs per function : 30
functions         : [1 2 3 4 5 8 9 10]
statistics basis  : error vs known optimum
generated         : 2026-07-28_11.54.06
==============================================================================================================

----- F1  D5  (30 runs)  optimum=100  target_error=1e-08 -----
Run    Seed          Best_Fitness             Error                    NFEs          Termination             Runtime_s 
1      27240706      1.0000000000000000e+02   0.0000000000000000e+00   50000         max_evaluations         0.7332    
2      28240743      1.0000000000000000e+02   0.0000000000000000e+00   50000         max_evaluations         0.7519    
3      29240780      1.0000000000000000e+02   0.0000000000000000e+00   50000         max_evaluations         0.7578    
4      30240817      1.0000000000000000e+02   0.0000000000000000e+00   50000         max_evaluations         0.7378    
5      31240854      1.0000000000000000e+02   0.0000000000000000e+00   50000         max_evaluations         0.7100    
6      32240891      1.0000000000000000e+02   0.0000000000000000e+00   50000         max_evaluations         0.6904    
7      33240928      1.0000000000000000e+02   0.0000000000000000e+00   50000         max_evaluations         0.7382    
8      34240965      1.0000000000000000e+02   0.0000000000000000e+00   50000         max_evaluations         0.7640    
9      35241002      1.0000000000000000e+02   0.0000000000000000e+00   50000         max_evaluations         0.7539    
10     36241039      1.0000000000000000e+02   0.0000000000000000e+00   50000         max_evaluations         0.7795    
11     37241076      1.0000000000000000e+02   0.0000000000000000e+00   50000         max_evaluations         0.7071    
12     38241113      1.0000000000000000e+02   0.0000000000000000e+00   50000         max_evaluations         0.7684    
13     39241150      1.0000000000000000e+02   0.0000000000000000e+00   50000         max_evaluations         0.7356    
14     40241187      1.0000000000000000e+02   0.0000000000000000e+00   50000         max_evaluations         0.7105    
15     41241224      1.0000000000000000e+02   0.0000000000000000e+00   50000         max_evaluations         0.7335    
16     42241261      1.0000000000000000e+02   0.0000000000000000e+00   50000         max_evaluations         0.7226    
17     43241298      1.0000000000000000e+02   0.0000000000000000e+00   50000         max_evaluations         0.7354    
18     44241335      1.0000000000000000e+02   0.0000000000000000e+00   50000         max_evaluations         0.7712    
19     45241372      1.0000000000000000e+02   0.0000000000000000e+00   50000         max_evaluations         0.7268    
20     46241409      1.0000000000000000e+02   0.0000000000000000e+00   50000         max_evaluations         0.7180    
21     47241446      1.0000000000000000e+02   0.0000000000000000e+00   50000         max_evaluations         0.7319    
22     48241483      1.0000000000000000e+02   0.0000000000000000e+00   50000         max_evaluations         0.7533    
23     49241520      1.0000000000000000e+02   0.0000000000000000e+00   50000         max_evaluations         0.7322    
24     50241557      1.0000000000000000e+02   0.0000000000000000e+00   50000         max_evaluations         0.7329    
25     51241594      1.0000000000000000e+02   0.0000000000000000e+00   50000         max_evaluations         0.7496    
26     52241631      1.0000000000000000e+02   0.0000000000000000e+00   50000         max_evaluations         0.7337    
27     53241668      1.0000000000000000e+02   0.0000000000000000e+00   50000         max_evaluations         0.7091    
28     54241705      1.0000000000000000e+02   0.0000000000000000e+00   50000         max_evaluations         0.7320    
29     55241742      1.0000000000000000e+02   0.0000000000000000e+00   50000         max_evaluations         0.7831    
30     56241779      1.0000000000000000e+02   0.0000000000000000e+00   50000         max_evaluations         0.7919    

----- F2  D5  (30 runs)  optimum=1100  target_error=1e-08 -----
Run    Seed          Best_Fitness             Error                    NFEs          Termination             Runtime_s 
1      28240739      1.1540805819232178e+03   5.4080581923217800e+01   50000         max_evaluations         0.7902    
2      29240776      1.1045778024896745e+03   4.5778024896745002e+00   50000         max_evaluations         0.8019    
3      30240813      1.1120362877937350e+03   1.2036287793734999e+01   50000         max_evaluations         0.7714    
4      31240850      1.1084303315350771e+03   8.4303315350770998e+00   50000         max_evaluations         0.8092    
5      32240887      1.1019741978151096e+03   1.9741978151096000e+00   50000         max_evaluations         0.7918    
6      33240924      1.1110082995174753e+03   1.1008299517475299e+01   50000         max_evaluations         0.8226    
7      34240961      1.1186854696669784e+03   1.8685469666978399e+01   50000         max_evaluations         0.7813    
8      35240998      1.1082043305706052e+03   8.2043305706051992e+00   50000         max_evaluations         0.7936    
9      36241035      1.1884332750110405e+03   8.8433275011040493e+01   50000         max_evaluations         0.7598    
10     37241072      1.1219576163000038e+03   2.1957616300003799e+01   50000         max_evaluations         0.7796    
11     38241109      1.1193386829427964e+03   1.9338682942796400e+01   50000         max_evaluations         0.8036    
12     39241146      1.1168095021693521e+03   1.6809502169352001e+01   50000         max_evaluations         0.7748    
13     40241183      1.1188950958538753e+03   1.8895095853875301e+01   50000         max_evaluations         0.7991    
14     41241220      1.1865832520040801e+03   8.6583252004080094e+01   50000         max_evaluations         0.7621    
15     42241257      1.1107262728302585e+03   1.0726272830258500e+01   50000         max_evaluations         0.7791    
16     43241294      1.1044004534248334e+03   4.4004534248334002e+00   50000         max_evaluations         0.7653    
17     44241331      1.1154665766600410e+03   1.5466576660041000e+01   50000         max_evaluations         0.7821    
18     45241368      1.1023517930800708e+03   2.3517930800708000e+00   50000         max_evaluations         0.7700    
19     46241405      1.1171823562972777e+03   1.7182356297277700e+01   50000         max_evaluations         0.7551    
20     47241442      1.1072337275968384e+03   7.2337275968384001e+00   50000         max_evaluations         0.7531    
21     48241479      1.1075077629703483e+03   7.5077629703483000e+00   50000         max_evaluations         0.7669    
22     49241516      1.1039815302672378e+03   3.9815302672378001e+00   50000         max_evaluations         0.7812    
23     50241553      1.1119584117393138e+03   1.1958411739313799e+01   50000         max_evaluations         0.7785    
24     51241590      1.1081927775595627e+03   8.1927775595626997e+00   50000         max_evaluations         0.7480    
25     52241627      1.1192457823519590e+03   1.9245782351959001e+01   50000         max_evaluations         0.7382    
26     53241664      1.1044674319701867e+03   4.4674319701867002e+00   50000         max_evaluations         0.7712    
27     54241701      1.1099042399510272e+03   9.9042399510272006e+00   50000         max_evaluations         0.7700    
28     55241738      1.1009753314977797e+03   9.7533149777969996e-01   50000         max_evaluations         0.7535    
29     56241775      1.1052323005840863e+03   5.2323005840862997e+00   50000         max_evaluations         0.8042    
30     57241812      1.1027506439969411e+03   2.7506439969410001e+00   50000         max_evaluations         0.7260    

----- F3  D5  (30 runs)  optimum=700  target_error=1e-08 -----
Run    Seed          Best_Fitness             Error                    NFEs          Termination             Runtime_s 
1      29240772      7.0000000017466789e+02   1.7466789999999999e-07   50000         max_evaluations         0.8651    
2      30240809      7.0223309413000277e+02   2.2330941300028000e+00   50000         max_evaluations         0.8387    
3      31240846      7.0173093690820042e+02   1.7309369082004000e+00   50000         max_evaluations         0.8438    
4      32240883      7.0005021158011721e+02   5.0211580117199998e-02   50000         max_evaluations         0.8476    
5      33240920      7.0045935575201815e+02   4.5935575201820000e-01   50000         max_evaluations         0.8417    
6      34240957      7.0527422889021636e+02   5.2742288902164001e+00   50000         max_evaluations         0.8631    
7      35240994      7.0182550899709906e+02   1.8255089970991001e+00   50000         max_evaluations         0.8577    
8      36241031      7.0136989635160126e+02   1.3698963516013001e+00   50000         max_evaluations         0.8802    
9      37241068      7.0099891908003474e+02   9.9891908003469998e-01   50000         max_evaluations         0.8389    
10     38241105      7.0200495719762671e+02   2.0049571976267000e+00   50000         max_evaluations         0.8185    
11     39241142      7.0080760514038820e+02   8.0760514038819997e-01   50000         max_evaluations         0.8733    
12     40241179      7.0128073900983509e+02   1.2807390098350999e+00   50000         max_evaluations         0.8699    
13     41241216      7.0101180983111647e+02   1.0118098311165000e+00   50000         max_evaluations         0.8290    
14     42241253      7.0005824611986338e+02   5.8246119863400003e-02   50000         max_evaluations         0.8360    
15     43241290      7.0204128114136211e+02   2.0412811413620999e+00   50000         max_evaluations         0.8529    
16     44241327      7.0301572294646894e+02   3.0157229464688999e+00   50000         max_evaluations         0.7991    
17     45241364      7.0070742991387806e+02   7.0742991387809995e-01   50000         max_evaluations         0.8204    
18     46241401      7.0014545119732577e+02   1.4545119732580000e-01   50000         max_evaluations         0.8425    
19     47241438      7.0078269263886898e+02   7.8269263886899998e-01   50000         max_evaluations         0.7958    
20     48241475      7.0148831040631455e+02   1.4883104063146000e+00   50000         max_evaluations         0.8049    
21     49241512      7.0287138234942540e+02   2.8713823494253998e+00   50000         max_evaluations         0.8296    
22     50241549      7.0233138914160520e+02   2.3313891416052002e+00   50000         max_evaluations         0.8405    
23     51241586      7.0096941496112993e+02   9.6941496112990000e-01   50000         max_evaluations         0.8682    
24     52241623      7.0247386975280915e+02   2.4738697528092000e+00   50000         max_evaluations         0.7968    
25     53241660      7.0174367073067128e+02   1.7436707306713000e+00   50000         max_evaluations         0.8240    
26     54241697      7.0000053493603878e+02   5.3493603879999996e-04   50000         max_evaluations         0.8228    
27     55241734      7.0450171437119332e+02   4.5017143711932999e+00   50000         max_evaluations         0.8153    
28     56241771      7.0304649770632170e+02   3.0464977063216998e+00   50000         max_evaluations         0.7975    
29     57241808      7.0006497113149760e+02   6.4971131497600004e-02   50000         max_evaluations         0.8283    
30     58241845      7.0429065176211759e+02   4.2906517621175997e+00   50000         max_evaluations         0.8237    

----- F4  D5  (30 runs)  optimum=1900  target_error=1e-08 -----
Run    Seed          Best_Fitness             Error                    NFEs          Termination             Runtime_s 
1      30240805      1.9001003080317473e+03   1.0030803174730001e-01   50000         max_evaluations         0.8116    
2      31240842      1.9000421919961559e+03   4.2191996156000000e-02   50000         max_evaluations         0.8283    
3      32240879      1.9000637160831429e+03   6.3716083142999994e-02   50000         max_evaluations         0.8065    
4      33240916      1.9000651950899646e+03   6.5195089964599995e-02   50000         max_evaluations         0.7960    
5      34240953      1.9001012363688926e+03   1.0123636889260000e-01   50000         max_evaluations         0.7782    
6      35240990      1.9001900556635997e+03   1.9005566359970000e-01   50000         max_evaluations         0.7778    
7      36241027      1.9000570094858590e+03   5.7009485859000002e-02   50000         max_evaluations         0.7882    
8      37241064      1.9002112756562810e+03   2.1127565628100001e-01   50000         max_evaluations         0.7878    
9      38241101      1.9000154158275989e+03   1.5415827598900001e-02   50000         max_evaluations         0.7902    
10     39241138      1.9000217869691776e+03   2.1786969177600000e-02   50000         max_evaluations         0.7727    
11     40241175      1.9001048293535434e+03   1.0482935354340001e-01   50000         max_evaluations         0.8322    
12     41241212      1.9002012588878558e+03   2.0125888785580001e-01   50000         max_evaluations         0.7873    
13     42241249      1.9001142858071455e+03   1.1428580714550000e-01   50000         max_evaluations         0.8147    
14     43241286      1.9001052102398278e+03   1.0521023982780001e-01   50000         max_evaluations         0.8031    
15     44241323      1.9000100765276497e+03   1.0076527649700000e-02   50000         max_evaluations         0.7312    
16     45241360      1.9000106250225774e+03   1.0625022577400001e-02   50000         max_evaluations         0.7838    
17     46241397      1.9000660515113445e+03   6.6051511344500005e-02   50000         max_evaluations         0.7429    
18     47241434      1.9001651440770358e+03   1.6514407703580000e-01   50000         max_evaluations         0.7495    
19     48241471      1.9001916468285365e+03   1.9164682853650000e-01   50000         max_evaluations         0.7386    
20     49241508      1.9001545644639357e+03   1.5456446393570000e-01   50000         max_evaluations         0.7541    
21     50241545      1.9000111185021185e+03   1.1118502118500000e-02   50000         max_evaluations         0.7853    
22     51241582      1.9001345615611453e+03   1.3456156114529999e-01   50000         max_evaluations         0.7466    
23     52241619      1.9000233174844909e+03   2.3317484491000001e-02   50000         max_evaluations         0.7271    
24     53241656      1.9001109560617556e+03   1.1095606175559999e-01   50000         max_evaluations         0.7068    
25     54241693      1.9002052755743875e+03   2.0527557438749999e-01   50000         max_evaluations         0.7638    
26     55241730      1.9001883690222637e+03   1.8836902226370000e-01   50000         max_evaluations         0.7304    
27     56241767      1.9001227285011364e+03   1.2272850113640001e-01   50000         max_evaluations         0.7551    
28     57241804      1.9001591477343081e+03   1.5914773430810000e-01   50000         max_evaluations         0.7425    
29     58241841      1.9002196313011684e+03   2.1963130116839999e-01   50000         max_evaluations         0.6597    
30     59241878      1.9000191453316841e+03   1.9145331684000001e-02   50000         max_evaluations         0.7529    

----- F5  D5  (30 runs)  optimum=1700  target_error=1e-08 -----
Run    Seed          Best_Fitness             Error                    NFEs          Termination             Runtime_s 
1      31240838      1.7000000000000000e+03   0.0000000000000000e+00   50000         max_evaluations         0.9427    
2      32240875      1.7000000000000000e+03   0.0000000000000000e+00   50000         max_evaluations         0.9371    
3      33240912      1.7000000000000000e+03   0.0000000000000000e+00   50000         max_evaluations         0.9475    
4      34240949      1.7000000000000000e+03   0.0000000000000000e+00   50000         max_evaluations         0.9360    
5      35240986      1.7000000000000000e+03   0.0000000000000000e+00   50000         max_evaluations         0.8984    
6      36241023      1.7000000000000000e+03   0.0000000000000000e+00   50000         max_evaluations         0.9078    
7      37241060      1.7000000000000000e+03   0.0000000000000000e+00   50000         max_evaluations         0.9426    
8      38241097      1.7000000000000000e+03   0.0000000000000000e+00   50000         max_evaluations         0.9007    
9      39241134      1.7000000000000000e+03   0.0000000000000000e+00   50000         max_evaluations         0.9071    
10     40241171      1.7000000000000000e+03   0.0000000000000000e+00   50000         max_evaluations         0.8902    
11     41241208      1.7000000000000000e+03   0.0000000000000000e+00   50000         max_evaluations         0.9415    
12     42241245      1.7000000000000000e+03   0.0000000000000000e+00   50000         max_evaluations         0.9162    
13     43241282      1.7000000000000000e+03   0.0000000000000000e+00   50000         max_evaluations         0.8890    
14     44241319      1.7000000000000000e+03   0.0000000000000000e+00   50000         max_evaluations         0.9216    
15     45241356      1.7000000000000000e+03   0.0000000000000000e+00   50000         max_evaluations         0.8933    
16     46241393      1.7000000000000000e+03   0.0000000000000000e+00   50000         max_evaluations         0.8781    
17     47241430      1.7000000000000000e+03   0.0000000000000000e+00   50000         max_evaluations         0.9037    
18     48241467      1.7000000000000000e+03   0.0000000000000000e+00   50000         max_evaluations         0.8962    
19     49241504      1.7000000000000000e+03   0.0000000000000000e+00   50000         max_evaluations         0.8649    
20     50241541      1.7000000000000000e+03   0.0000000000000000e+00   50000         max_evaluations         0.9148    
21     51241578      1.7000000000000000e+03   0.0000000000000000e+00   50000         max_evaluations         0.9217    
22     52241615      1.7000000000000000e+03   0.0000000000000000e+00   50000         max_evaluations         0.9034    
23     53241652      1.7000000000000000e+03   0.0000000000000000e+00   50000         max_evaluations         0.8218    
24     54241689      1.7000000000000000e+03   0.0000000000000000e+00   50000         max_evaluations         0.8547    
25     55241726      1.7000000000000000e+03   0.0000000000000000e+00   50000         max_evaluations         0.8593    
26     56241763      1.7000000000000000e+03   0.0000000000000000e+00   50000         max_evaluations         0.8492    
27     57241800      1.7000000000000000e+03   0.0000000000000000e+00   50000         max_evaluations         0.8713    
28     58241837      1.7000000000000000e+03   0.0000000000000000e+00   50000         max_evaluations         0.8546    
29     59241874      1.7000000000000000e+03   0.0000000000000000e+00   50000         max_evaluations         0.8706    
30     60241911      1.7000000000000000e+03   0.0000000000000000e+00   50000         max_evaluations         0.7961    

----- F8  D5  (30 runs)  optimum=2200  target_error=1e-08 -----
Run    Seed          Best_Fitness             Error                    NFEs          Termination             Runtime_s 
1      34240937      2.2000000000000000e+03   0.0000000000000000e+00   50000         max_evaluations         0.9943    
2      35240974      2.2000000000000000e+03   0.0000000000000000e+00   50000         max_evaluations         0.9819    
3      36241011      2.2000000000000000e+03   0.0000000000000000e+00   50000         max_evaluations         0.9842    
4      37241048      2.2000000000000000e+03   0.0000000000000000e+00   50000         max_evaluations         0.9808    
5      38241085      2.2000000000000000e+03   0.0000000000000000e+00   50000         max_evaluations         1.0427    
6      39241122      2.2000000000000000e+03   0.0000000000000000e+00   50000         max_evaluations         0.9884    
7      40241159      2.2000000000000000e+03   0.0000000000000000e+00   50000         max_evaluations         0.9785    
8      41241196      2.2000000000000005e+03   0.0000000000000000e+00   50000         max_evaluations         0.9908    
9      42241233      2.2000000000000000e+03   0.0000000000000000e+00   50000         max_evaluations         0.9982    
10     43241270      2.2000000000000000e+03   0.0000000000000000e+00   50000         max_evaluations         1.0339    
11     44241307      2.2000000000000000e+03   0.0000000000000000e+00   50000         max_evaluations         0.9733    
12     45241344      2.2000000000000000e+03   0.0000000000000000e+00   50000         max_evaluations         0.9831    
13     46241381      2.2000000000000000e+03   0.0000000000000000e+00   50000         max_evaluations         0.9891    
14     47241418      2.2000000000000000e+03   0.0000000000000000e+00   50000         max_evaluations         0.9239    
15     48241455      2.2000000000000000e+03   0.0000000000000000e+00   50000         max_evaluations         0.9458    
16     49241492      2.2000000000000000e+03   0.0000000000000000e+00   50000         max_evaluations         0.9767    
17     50241529      2.2000000000000000e+03   0.0000000000000000e+00   50000         max_evaluations         0.9468    
18     51241566      2.2000000000000000e+03   0.0000000000000000e+00   50000         max_evaluations         0.9694    
19     52241603      2.2000000000000000e+03   0.0000000000000000e+00   50000         max_evaluations         0.9808    
20     53241640      2.2000000000000000e+03   0.0000000000000000e+00   50000         max_evaluations         0.9464    
21     54241677      2.2000000000000000e+03   0.0000000000000000e+00   50000         max_evaluations         0.9574    
22     55241714      2.2000000000000000e+03   0.0000000000000000e+00   50000         max_evaluations         1.0034    
23     56241751      2.2000000000000000e+03   0.0000000000000000e+00   50000         max_evaluations         0.9662    
24     57241788      2.2000000000000000e+03   0.0000000000000000e+00   50000         max_evaluations         0.9202    
25     58241825      2.2000000000000000e+03   0.0000000000000000e+00   50000         max_evaluations         0.9237    
26     59241862      2.2000000000000000e+03   0.0000000000000000e+00   50000         max_evaluations         0.9474    
27     60241899      2.2000000000000000e+03   0.0000000000000000e+00   50000         max_evaluations         1.0177    
28     61241936      2.2000000000000000e+03   0.0000000000000000e+00   50000         max_evaluations         0.9348    
29     62241973      2.2000000000000000e+03   0.0000000000000000e+00   50000         max_evaluations         1.0639    
30     63242010      2.2000000000000000e+03   0.0000000000000000e+00   50000         max_evaluations         1.0245    

----- F9  D5  (30 runs)  optimum=2400  target_error=1e-08 -----
Run    Seed          Best_Fitness             Error                    NFEs          Termination             Runtime_s 
1      35240970      2.4000000000000000e+03   0.0000000000000000e+00   50000         max_evaluations         1.0506    
2      36241007      2.4000000000000000e+03   0.0000000000000000e+00   50000         max_evaluations         1.1014    
3      37241044      2.4000000000000000e+03   0.0000000000000000e+00   50000         max_evaluations         1.0309    
4      38241081      2.4000000000000000e+03   0.0000000000000000e+00   50000         max_evaluations         1.0492    
5      39241118      2.4000000000000000e+03   0.0000000000000000e+00   50000         max_evaluations         0.9950    
6      40241155      2.5000000000000000e+03   1.0000000000000000e+02   50000         max_evaluations         1.0863    
7      41241192      2.4000000000000000e+03   0.0000000000000000e+00   50000         max_evaluations         1.0764    
8      42241229      2.4000000000000000e+03   0.0000000000000000e+00   50000         max_evaluations         1.0956    
9      43241266      2.4000000000000000e+03   0.0000000000000000e+00   50000         max_evaluations         1.0287    
10     44241303      2.4000000000000000e+03   0.0000000000000000e+00   50000         max_evaluations         1.0402    
11     45241340      2.4000000000000000e+03   0.0000000000000000e+00   50000         max_evaluations         1.0354    
12     46241377      2.4000000000000000e+03   0.0000000000000000e+00   50000         max_evaluations         1.0444    
13     47241414      2.4000000000000000e+03   0.0000000000000000e+00   50000         max_evaluations         1.0476    
14     48241451      2.4000000000000000e+03   0.0000000000000000e+00   50000         max_evaluations         1.0365    
15     49241488      2.4000000000000000e+03   0.0000000000000000e+00   50000         max_evaluations         1.0165    
16     50241525      2.4000000000000000e+03   0.0000000000000000e+00   50000         max_evaluations         1.0079    
17     51241562      2.4000000000000000e+03   0.0000000000000000e+00   50000         max_evaluations         0.9985    
18     52241599      2.4000000000000000e+03   0.0000000000000000e+00   50000         max_evaluations         1.0251    
19     53241636      2.4000000000000000e+03   0.0000000000000000e+00   50000         max_evaluations         0.9970    
20     54241673      2.4000000000000000e+03   0.0000000000000000e+00   50000         max_evaluations         1.0699    
21     55241710      2.4000000000000000e+03   0.0000000000000000e+00   50000         max_evaluations         1.0351    
22     56241747      2.4000000000000000e+03   0.0000000000000000e+00   50000         max_evaluations         1.0321    
23     57241784      2.4000000000000000e+03   0.0000000000000000e+00   50000         max_evaluations         1.0345    
24     58241821      2.4000000000000000e+03   0.0000000000000000e+00   50000         max_evaluations         1.0243    
25     59241858      2.4000000000000000e+03   0.0000000000000000e+00   50000         max_evaluations         1.0198    
26     60241895      2.4000000000000000e+03   0.0000000000000000e+00   50000         max_evaluations         1.0577    
27     61241932      2.4000000000000000e+03   0.0000000000000000e+00   50000         max_evaluations         1.0398    
28     62241969      2.4000000000000000e+03   0.0000000000000000e+00   50000         max_evaluations         1.0319    
29     63242006      2.5000000000000000e+03   1.0000000000000000e+02   50000         max_evaluations         1.0005    
30     64242043      2.4000000000000000e+03   0.0000000000000000e+00   50000         max_evaluations         1.0945    

----- F10  D5  (30 runs)  optimum=2500  target_error=1e-08 -----
Run    Seed          Best_Fitness             Error                    NFEs          Termination             Runtime_s 
1      36241003      2.8000000000000000e+03   3.0000000000000000e+02   50000         max_evaluations         1.0848    
2      37241040      2.6000001808073839e+03   1.0000018080738400e+02   50000         max_evaluations         1.1532    
3      38241077      2.8473669159351875e+03   3.4736691593518748e+02   50000         max_evaluations         1.1409    
4      39241114      2.8473669159351875e+03   3.4736691593518748e+02   50000         max_evaluations         1.0565    
5      40241151      2.8473669159351875e+03   3.4736691593518748e+02   50000         max_evaluations         1.1023    
6      41241188      2.8473669159351875e+03   3.4736691593518748e+02   50000         max_evaluations         1.1030    
7      42241225      2.8473669159351875e+03   3.4736691593518748e+02   50000         max_evaluations         1.1175    
8      43241262      2.8473669159351875e+03   3.4736691593518748e+02   50000         max_evaluations         1.1205    
9      44241299      2.6000011921315163e+03   1.0000119213151631e+02   50000         max_evaluations         1.2211    
10     45241336      2.8000000000000000e+03   3.0000000000000000e+02   50000         max_evaluations         1.0820    
11     46241373      2.8473669159351875e+03   3.4736691593518748e+02   50000         max_evaluations         1.1356    
12     47241410      2.8000000000000000e+03   3.0000000000000000e+02   50000         max_evaluations         1.0417    
13     48241447      2.8000000000000000e+03   3.0000000000000000e+02   50000         max_evaluations         1.0943    
14     49241484      2.8000000000000000e+03   3.0000000000000000e+02   50000         max_evaluations         1.0452    
15     50241521      2.8000000000000000e+03   3.0000000000000000e+02   50000         max_evaluations         1.0611    
16     51241558      2.8000000000000000e+03   3.0000000000000000e+02   50000         max_evaluations         1.0398    
17     52241595      2.8000000000000000e+03   3.0000000000000000e+02   50000         max_evaluations         1.0140    
18     53241632      2.8000000000000000e+03   3.0000000000000000e+02   50000         max_evaluations         1.0438    
19     54241669      2.8000000000000000e+03   3.0000000000000000e+02   50000         max_evaluations         1.0379    
20     55241706      2.8000000000000000e+03   3.0000000000000000e+02   50000         max_evaluations         1.0570    
21     56241743      2.8000000000000000e+03   3.0000000000000000e+02   50000         max_evaluations         1.0291    
22     57241780      2.6000005074025657e+03   1.0000050740256570e+02   50000         max_evaluations         1.1251    
23     58241817      2.8000000000000000e+03   3.0000000000000000e+02   50000         max_evaluations         1.0416    
24     59241854      2.5000000000000000e+03   0.0000000000000000e+00   50000         max_evaluations         1.0892    
25     60241891      2.6000000405164260e+03   1.0000004051642600e+02   50000         max_evaluations         1.1523    
26     61241928      2.8000000000000000e+03   3.0000000000000000e+02   50000         max_evaluations         1.0650    
27     62241965      2.8000000000000000e+03   3.0000000000000000e+02   50000         max_evaluations         1.0256    
28     63242002      2.6000003718806365e+03   1.0000037188063649e+02   50000         max_evaluations         1.1146    
29     64242039      2.8000000000000000e+03   3.0000000000000000e+02   50000         max_evaluations         1.0687    
30     65242076      2.6000002391879043e+03   1.0000023918790430e+02   50000         max_evaluations         1.1148    

