==============================================================================================================
DETAILED PER-RUN LOG   GSK   CEC2013LSGO   D1000
runs per function : 25
functions         : [1 2 3 4 5 6 7 8 9 10 11 12 15]
statistics basis  : raw objective
generated         : 2026-07-22_10.31.34
==============================================================================================================

----- F1  D1000  (25 runs)  optimum=nan  target_error=nan -----
Run    Seed          Best_Fitness             Error                    NFEs          Termination             Runtime_s 
1      1022243691    1.2830049344170121e+06   nan                      3000000       max_evaluations         574.0693  
2      1023243728    6.6961684406274150e+05   nan                      3000000       max_evaluations         583.4023  
3      1024243765    1.9183920315301970e+06   nan                      3000000       max_evaluations         571.8470  
4      1025243802    1.6195241707162845e+06   nan                      3000000       max_evaluations         595.4732  
5      1026243839    2.6470917098401925e+06   nan                      3000000       max_evaluations         587.1816  
6      1027243876    7.5899745068382728e+05   nan                      3000000       max_evaluations         577.1267  
7      1028243913    4.2030406729178531e+06   nan                      3000000       max_evaluations         594.1791  
8      1029243950    6.0164497420970285e+06   nan                      3000000       max_evaluations         581.3031  
9      1030243987    3.4568771877711333e+07   nan                      3000000       max_evaluations         589.3228  
10     1031244024    5.0924455971851656e+06   nan                      3000000       max_evaluations         577.9109  
11     1032244061    1.9032489470544332e+06   nan                      3000000       max_evaluations         560.9385  
12     1033244098    1.1816845587610325e+06   nan                      3000000       max_evaluations         571.6457  
13     1034244135    9.2072388396553462e+05   nan                      3000000       max_evaluations         559.6491  
14     1035244172    1.6551009918072011e+07   nan                      3000000       max_evaluations         613.6489  
15     1036244209    1.6820894937111365e+06   nan                      3000000       max_evaluations         633.6304  
16     1037244246    1.2626082343594660e+06   nan                      3000000       max_evaluations         625.7979  
17     1038244283    2.1230693844613787e+06   nan                      3000000       max_evaluations         617.9008  
18     1039244320    2.3766826743593956e+06   nan                      3000000       max_evaluations         623.1334  
19     1040244357    1.6641390268561358e+06   nan                      3000000       max_evaluations         625.9892  
20     1041244394    1.7426367186710869e+06   nan                      3000000       max_evaluations         634.5619  
21     1042244431    7.9198605498850357e+05   nan                      3000000       max_evaluations         618.9497  
22     1043244468    1.0044807326519297e+07   nan                      3000000       max_evaluations         622.4344  
23     1044244505    2.3848284809129164e+06   nan                      3000000       max_evaluations         611.9214  
24     1045244542    1.5551902130571047e+06   nan                      3000000       max_evaluations         621.1225  
25     1046244579    9.6945466191305418e+05   nan                      3000000       max_evaluations         623.0986  

----- F2  D1000  (25 runs)  optimum=nan  target_error=nan -----
Run    Seed          Best_Fitness             Error                    NFEs          Termination             Runtime_s 
1      1023243724    2.1882023416327353e+04   nan                      3000000       max_evaluations         1003.5324 
2      1024243761    2.1403015313390762e+04   nan                      3000000       max_evaluations         951.2547  
3      1025243798    2.1407110434359794e+04   nan                      3000000       max_evaluations         951.4769  
4      1026243835    2.3145227925995983e+04   nan                      3000000       max_evaluations         963.7442  
5      1027243872    2.1190141841638364e+04   nan                      3000000       max_evaluations         948.1346  
6      1028243909    2.1032821012361328e+04   nan                      3000000       max_evaluations         981.7525  
7      1029243946    2.0746950917474602e+04   nan                      3000000       max_evaluations         976.2777  
8      1030243983    2.1881712079788340e+04   nan                      3000000       max_evaluations         934.9140  
9      1031244020    2.2562257451991612e+04   nan                      3000000       max_evaluations         948.3559  
10     1032244057    2.2760282771391325e+04   nan                      3000000       max_evaluations         976.8259  
11     1033244094    2.1717123314699991e+04   nan                      3000000       max_evaluations         950.5376  
12     1034244131    2.1402660002927900e+04   nan                      3000000       max_evaluations         999.6206  
13     1035244168    2.0522565382141838e+04   nan                      3000000       max_evaluations         973.1027  
14     1036244205    2.0929058267306165e+04   nan                      3000000       max_evaluations         997.8018  
15     1037244242    2.1448513206707667e+04   nan                      3000000       max_evaluations         997.3724  
16     1038244279    2.1809696317055459e+04   nan                      3000000       max_evaluations         999.3651  
17     1039244316    2.1518627120315541e+04   nan                      3000000       max_evaluations         1000.9962 
18     1040244353    2.1831374617238482e+04   nan                      3000000       max_evaluations         1004.2287 
19     1041244390    2.1770005353837274e+04   nan                      3000000       max_evaluations         1003.2674 
20     1042244427    2.1397325902947076e+04   nan                      3000000       max_evaluations         1008.5852 
21     1043244464    2.0052059424870742e+04   nan                      3000000       max_evaluations         970.7174  
22     1044244501    2.1179027329777608e+04   nan                      3000000       max_evaluations         963.4610  
23     1045244538    2.1685075006350849e+04   nan                      3000000       max_evaluations         953.1699  
24     1046244575    2.2819143626192828e+04   nan                      3000000       max_evaluations         975.5691  
25     1047244612    2.2464042266460870e+04   nan                      3000000       max_evaluations         983.2519  

----- F3  D1000  (25 runs)  optimum=nan  target_error=nan -----
Run    Seed          Best_Fitness             Error                    NFEs          Termination             Runtime_s 
1      1024243757    2.1597493633348428e+01   nan                      3000000       max_evaluations         1080.2310 
2      1025243794    2.1596470520017306e+01   nan                      3000000       max_evaluations         1067.2759 
3      1026243831    2.1590452425998059e+01   nan                      3000000       max_evaluations         1193.3566 
4      1027243868    2.1598726466557434e+01   nan                      3000000       max_evaluations         1076.2508 
5      1028243905    2.1576056498660677e+01   nan                      3000000       max_evaluations         1076.8459 
6      1029243942    2.1591616819106413e+01   nan                      3000000       max_evaluations         1197.7906 
7      1030243979    2.1589956799634127e+01   nan                      3000000       max_evaluations         1202.0209 
8      1031244016    2.1589156655533387e+01   nan                      3000000       max_evaluations         1201.7069 
9      1032244053    2.1589783710156759e+01   nan                      3000000       max_evaluations         1198.4076 
10     1033244090    2.1595613241550989e+01   nan                      3000000       max_evaluations         1207.8804 
11     1034244127    2.1594639427125927e+01   nan                      3000000       max_evaluations         1081.0759 
12     1035244164    2.1591945180902833e+01   nan                      3000000       max_evaluations         1222.7147 
13     1036244201    2.1594870437253640e+01   nan                      3000000       max_evaluations         1089.0788 
14     1037244238    2.1589160353515936e+01   nan                      3000000       max_evaluations         928.1442  
15     1038244275    2.1595809503440606e+01   nan                      3000000       max_evaluations         936.5839  
16     1039244312    2.1580534179214364e+01   nan                      3000000       max_evaluations         933.8074  
17     1040244349    2.1596048776955186e+01   nan                      3000000       max_evaluations         940.5294  
18     1041244386    2.1576289778210850e+01   nan                      3000000       max_evaluations         934.3127  
19     1042244423    2.1590799939608679e+01   nan                      3000000       max_evaluations         944.3659  
20     1043244460    2.1584451242729180e+01   nan                      3000000       max_evaluations         1022.3465 
21     1044244497    2.1575367522929529e+01   nan                      3000000       max_evaluations         1019.3354 
22     1045244534    2.1584294998665825e+01   nan                      3000000       max_evaluations         1019.2174 
23     1046244571    2.1589568082613102e+01   nan                      3000000       max_evaluations         1013.8891 
24     1047244608    2.1598142745964957e+01   nan                      3000000       max_evaluations         1015.3526 
25     1048244645    2.1569111691611724e+01   nan                      3000000       max_evaluations         1017.8860 

----- F4  D1000  (25 runs)  optimum=nan  target_error=nan -----
Run    Seed          Best_Fitness             Error                    NFEs          Termination             Runtime_s 
1      1025243790    2.9002860087918419e+10   nan                      3000000       max_evaluations         902.6005  
2      1026243827    2.0859209116524826e+10   nan                      3000000       max_evaluations         790.5102  
3      1027243864    2.6446981887670967e+10   nan                      3000000       max_evaluations         774.7749  
4      1028243901    1.2950723999638502e+10   nan                      3000000       max_evaluations         779.0743  
5      1029243938    2.8829373272599026e+10   nan                      3000000       max_evaluations         789.0905  
6      1030243975    5.9295263085845879e+10   nan                      3000000       max_evaluations         794.4941  
7      1031244012    2.6795933802779850e+10   nan                      3000000       max_evaluations         820.8628  
8      1032244049    2.8381592149169491e+10   nan                      3000000       max_evaluations         883.1206  
9      1033244086    3.2063500652802231e+10   nan                      3000000       max_evaluations         899.4631  
10     1034244123    4.8348346107326370e+10   nan                      3000000       max_evaluations         892.3537  
11     1035244160    3.7533663461310944e+10   nan                      3000000       max_evaluations         894.8888  
12     1036244197    3.5837024524693344e+10   nan                      3000000       max_evaluations         894.1001  
13     1037244234    2.4391329063512222e+10   nan                      3000000       max_evaluations         896.5794  
14     1038244271    2.9321564298357395e+10   nan                      3000000       max_evaluations         739.9773  
15     1039244308    4.9869781573480309e+10   nan                      3000000       max_evaluations         740.2035  
16     1040244345    3.1061507334499748e+10   nan                      3000000       max_evaluations         728.4924  
17     1041244382    1.4030139660507277e+10   nan                      3000000       max_evaluations         746.3054  
18     1042244419    5.1102681703814972e+10   nan                      3000000       max_evaluations         755.8743  
19     1043244456    5.0791343340650360e+10   nan                      3000000       max_evaluations         745.8157  
20     1044244493    2.5179695443574326e+10   nan                      3000000       max_evaluations         782.1363  
21     1045244530    2.2493081905444016e+10   nan                      3000000       max_evaluations         780.1284  
22     1046244567    2.5863233058083172e+10   nan                      3000000       max_evaluations         782.3895  
23     1047244604    1.8818340319042946e+10   nan                      3000000       max_evaluations         770.3165  
24     1048244641    7.7673411368474487e+10   nan                      3000000       max_evaluations         784.8099  
25     1049244678    2.8776203302716896e+10   nan                      3000000       max_evaluations         781.3259  

----- F5  D1000  (25 runs)  optimum=nan  target_error=nan -----
Run    Seed          Best_Fitness             Error                    NFEs          Termination             Runtime_s 
1      1026243823    2.0682149389532891e+06   nan                      3000000       max_evaluations         1147.2348 
2      1027243860    2.0814244196188555e+06   nan                      3000000       max_evaluations         984.3767  
3      1028243897    1.3236164246051079e+06   nan                      3000000       max_evaluations         977.1297  
4      1029243934    1.7913824218707227e+06   nan                      3000000       max_evaluations         1034.4076 
5      1030243971    2.1209089583207848e+06   nan                      3000000       max_evaluations         1000.3303 
6      1031244008    2.1143395571632404e+06   nan                      3000000       max_evaluations         1017.5427 
7      1032244045    1.5274099921667082e+06   nan                      3000000       max_evaluations         1018.7275 
8      1033244082    1.5332514256775111e+06   nan                      3000000       max_evaluations         1158.3313 
9      1034244119    1.9467911580670895e+06   nan                      3000000       max_evaluations         1133.7008 
10     1035244156    1.4581278007637833e+06   nan                      3000000       max_evaluations         1133.2378 
11     1036244193    1.8774526808855508e+06   nan                      3000000       max_evaluations         1127.5573 
12     1037244230    1.8829526553241464e+06   nan                      3000000       max_evaluations         1128.5088 
13     1038244267    2.0010853623452547e+06   nan                      3000000       max_evaluations         1136.6524 
14     1039244304    2.2422033262166530e+06   nan                      3000000       max_evaluations         976.1329  
15     1040244341    1.4000858799093263e+06   nan                      3000000       max_evaluations         968.1030  
16     1041244378    1.6328597628711488e+06   nan                      3000000       max_evaluations         996.5751  
17     1042244415    1.8072965944450053e+06   nan                      3000000       max_evaluations         987.5339  
18     1043244452    1.7441304837514446e+06   nan                      3000000       max_evaluations         990.1503  
19     1044244489    1.5210944269316362e+06   nan                      3000000       max_evaluations         990.5734  
20     1045244526    1.8228173184633721e+06   nan                      3000000       max_evaluations         1033.0851 
21     1046244563    2.1524122044318183e+06   nan                      3000000       max_evaluations         1052.7089 
22     1047244600    2.0328877984711903e+06   nan                      3000000       max_evaluations         1039.2988 
23     1048244637    1.6312405246492443e+06   nan                      3000000       max_evaluations         1041.4067 
24     1049244674    1.6003165606936307e+06   nan                      3000000       max_evaluations         1055.1039 
25     1050244711    2.0710330382039505e+06   nan                      3000000       max_evaluations         1047.4339 

----- F6  D1000  (25 runs)  optimum=nan  target_error=nan -----
Run    Seed          Best_Fitness             Error                    NFEs          Termination             Runtime_s 
1      1027243856    1.0605464879989512e+06   nan                      3000000       max_evaluations         1193.0976 
2      1028243893    1.0608936723832111e+06   nan                      3000000       max_evaluations         1052.7147 
3      1029243930    1.0603639009597762e+06   nan                      3000000       max_evaluations         1052.8049 
4      1030243967    1.0626899630823364e+06   nan                      3000000       max_evaluations         1057.8589 
5      1031244004    1.0596160462246544e+06   nan                      3000000       max_evaluations         1059.8801 
6      1032244041    1.0622264824699445e+06   nan                      3000000       max_evaluations         1061.7261 
7      1033244078    1.0611869650954709e+06   nan                      3000000       max_evaluations         1060.6620 
8      1034244115    1.0592131776728739e+06   nan                      3000000       max_evaluations         1210.3495 
9      1035244152    1.0608157485335434e+06   nan                      3000000       max_evaluations         1198.5264 
10     1036244189    1.0601601011973838e+06   nan                      3000000       max_evaluations         1196.2162 
11     1037244226    1.0619179218551060e+06   nan                      3000000       max_evaluations         1196.8089 
12     1038244263    1.0606794583107824e+06   nan                      3000000       max_evaluations         1185.1091 
13     1039244300    1.0602383221543799e+06   nan                      3000000       max_evaluations         1196.6297 
14     1040244337    1.0622132470918666e+06   nan                      3000000       max_evaluations         1033.9914 
15     1041244374    1.0587377137540719e+06   nan                      3000000       max_evaluations         1024.4454 
16     1042244411    1.0601934377520534e+06   nan                      3000000       max_evaluations         1020.0526 
17     1043244448    1.0595882507942114e+06   nan                      3000000       max_evaluations         1034.5851 
18     1044244485    1.0613774861691110e+06   nan                      3000000       max_evaluations         1033.3202 
19     1045244522    1.0595645117107297e+06   nan                      3000000       max_evaluations         1027.2984 
20     1046244559    1.0601112058244559e+06   nan                      3000000       max_evaluations         1088.2702 
21     1047244596    1.0603285631903908e+06   nan                      3000000       max_evaluations         1095.7366 
22     1048244633    1.0603599774855045e+06   nan                      3000000       max_evaluations         1098.8012 
23     1049244670    1.0616041827913395e+06   nan                      3000000       max_evaluations         1096.5923 
24     1050244707    1.0561045632846137e+06   nan                      3000000       max_evaluations         1099.3318 
25     1051244744    1.0615581173676532e+06   nan                      3000000       max_evaluations         1092.7570 

----- F7  D1000  (25 runs)  optimum=nan  target_error=nan -----
Run    Seed          Best_Fitness             Error                    NFEs          Termination             Runtime_s 
1      1028243889    2.4648755304055795e+07   nan                      3000000       max_evaluations         615.0563  
2      1029243926    2.3076583384995002e+07   nan                      3000000       max_evaluations         553.6671  
3      1030243963    3.1071266482250512e+07   nan                      3000000       max_evaluations         557.1707  
4      1031244000    3.5163683188877821e+07   nan                      3000000       max_evaluations         535.3102  
5      1032244037    3.9317825833093747e+07   nan                      3000000       max_evaluations         553.6069  
6      1033244074    1.2581839607134651e+07   nan                      3000000       max_evaluations         558.7613  
7      1034244111    3.9161152356183067e+07   nan                      3000000       max_evaluations         560.9353  
8      1035244148    3.6520774105994850e+07   nan                      3000000       max_evaluations         607.9145  
9      1036244185    2.9754999533954062e+07   nan                      3000000       max_evaluations         611.9576  
10     1037244222    3.0112569570218522e+07   nan                      3000000       max_evaluations         611.1180  
11     1038244259    2.8117703692730855e+07   nan                      3000000       max_evaluations         613.9611  
12     1039244296    5.2438491906674035e+07   nan                      3000000       max_evaluations         612.1175  
13     1040244333    1.0256217851409528e+07   nan                      3000000       max_evaluations         613.4736  
14     1041244370    2.7678972806521021e+07   nan                      3000000       max_evaluations         527.3449  
15     1042244407    2.3271360119573668e+07   nan                      3000000       max_evaluations         548.7727  
16     1043244444    9.8602873231437638e+07   nan                      3000000       max_evaluations         542.6722  
17     1044244481    2.5457682972555578e+07   nan                      3000000       max_evaluations         533.7606  
18     1045244518    1.5847542460729182e+07   nan                      3000000       max_evaluations         545.8755  
19     1046244555    1.4703145107164318e+07   nan                      3000000       max_evaluations         547.6866  
20     1047244592    2.0278135508044694e+07   nan                      3000000       max_evaluations         572.8681  
21     1048244629    4.0519300725494206e+07   nan                      3000000       max_evaluations         545.1640  
22     1049244666    9.4212429052706510e+06   nan                      3000000       max_evaluations         572.1179  
23     1050244703    1.1016988278442293e+07   nan                      3000000       max_evaluations         574.2128  
24     1051244740    3.0278033532709651e+07   nan                      3000000       max_evaluations         568.7869  
25     1052244777    5.2287515744131662e+07   nan                      3000000       max_evaluations         572.0552  

----- F8  D1000  (25 runs)  optimum=nan  target_error=nan -----
Run    Seed          Best_Fitness             Error                    NFEs          Termination             Runtime_s 
1      1029243922    9.6065381472454297e+11   nan                      3000000       max_evaluations         1190.4170 
2      1030243959    3.4820154422683999e+12   nan                      3000000       max_evaluations         1071.2915 
3      1031243996    6.9788682297623828e+12   nan                      3000000       max_evaluations         1084.5427 
4      1032244033    5.5400481071749048e+11   nan                      3000000       max_evaluations         1081.8724 
5      1033244070    4.1486674985650116e+11   nan                      3000000       max_evaluations         1085.2280 
6      1034244107    7.2243704549690518e+12   nan                      3000000       max_evaluations         1085.5378 
7      1035244144    3.3502318188951359e+13   nan                      3000000       max_evaluations         1087.0783 
8      1036244181    2.2503323065239059e+13   nan                      3000000       max_evaluations         1218.0935 
9      1037244218    6.4326275038899180e+12   nan                      3000000       max_evaluations         1202.1843 
10     1038244255    6.9233501762728662e+12   nan                      3000000       max_evaluations         1210.7149 
11     1039244292    2.6105697705687750e+13   nan                      3000000       max_evaluations         1211.0448 
12     1040244329    3.3807598877706001e+12   nan                      3000000       max_evaluations         1209.4993 
13     1041244366    5.3787501584325791e+12   nan                      3000000       max_evaluations         1206.6362 
14     1042244403    1.2173397450972879e+13   nan                      3000000       max_evaluations         1019.8294 
15     1043244440    2.7129781391908707e+11   nan                      3000000       max_evaluations         1027.1646 
16     1044244477    2.0364836933823492e+13   nan                      3000000       max_evaluations         1020.8200 
17     1045244514    1.7326543356598518e+12   nan                      3000000       max_evaluations         1020.1079 
18     1046244551    1.8431890000990328e+13   nan                      3000000       max_evaluations         1026.1527 
19     1047244588    1.1465111087767957e+12   nan                      3000000       max_evaluations         1027.5801 
20     1048244625    7.6453806478631074e+12   nan                      3000000       max_evaluations         1078.7594 
21     1049244662    1.0128374187597234e+13   nan                      3000000       max_evaluations         1079.7342 
22     1050244699    1.3311850093781355e+13   nan                      3000000       max_evaluations         1084.2916 
23     1051244736    1.1106732081815838e+13   nan                      3000000       max_evaluations         1084.3013 
24     1052244773    4.7740421721288691e+12   nan                      3000000       max_evaluations         1084.1103 
25     1053244810    1.7397915482872189e+13   nan                      3000000       max_evaluations         1085.5931 

----- F9  D1000  (25 runs)  optimum=nan  target_error=nan -----
Run    Seed          Best_Fitness             Error                    NFEs          Termination             Runtime_s 
1      1030243955    2.0394356766569895e+08   nan                      3000000       max_evaluations         1512.3549 
2      1031243992    2.1795037774853677e+08   nan                      3000000       max_evaluations         1342.8481 
3      1032244029    1.8808746683021301e+08   nan                      3000000       max_evaluations         1337.0432 
4      1033244066    1.7206608756642091e+08   nan                      3000000       max_evaluations         1327.9129 
5      1034244103    2.2416262629289576e+08   nan                      3000000       max_evaluations         1331.0269 
6      1035244140    1.8591922766979662e+08   nan                      3000000       max_evaluations         1344.3159 
7      1036244177    1.8038459952769804e+08   nan                      3000000       max_evaluations         1331.4939 
8      1037244214    1.7196529797386533e+08   nan                      3000000       max_evaluations         1497.0356 
9      1038244251    1.9085151547663602e+08   nan                      3000000       max_evaluations         1505.5849 
10     1039244288    2.0998409201981023e+08   nan                      3000000       max_evaluations         1508.5519 
11     1040244325    1.7733983032384345e+08   nan                      3000000       max_evaluations         1500.8362 
12     1041244362    2.1758523953540695e+08   nan                      3000000       max_evaluations         1482.9908 
13     1042244399    2.1853300104494387e+08   nan                      3000000       max_evaluations         1497.8978 
14     1043244436    1.7718909118238613e+08   nan                      3000000       max_evaluations         1279.5790 
15     1044244473    1.5575363302200821e+08   nan                      3000000       max_evaluations         1271.4879 
16     1045244510    1.8624517623890612e+08   nan                      3000000       max_evaluations         1283.5751 
17     1046244547    2.0169354698474130e+08   nan                      3000000       max_evaluations         1285.5737 
18     1047244584    2.3518928600856695e+08   nan                      3000000       max_evaluations         1271.4731 
19     1048244621    2.5289132994268015e+08   nan                      3000000       max_evaluations         1285.1666 
20     1049244658    2.1279099070771757e+08   nan                      3000000       max_evaluations         1362.2910 
21     1050244695    1.8894584197230425e+08   nan                      3000000       max_evaluations         1362.6725 
22     1051244732    1.7229574696769536e+08   nan                      3000000       max_evaluations         1363.8939 
23     1052244769    2.0072539339073309e+08   nan                      3000000       max_evaluations         1357.5922 
24     1053244806    1.9010665326690552e+08   nan                      3000000       max_evaluations         1362.1637 
25     1054244843    2.1193015400302067e+08   nan                      3000000       max_evaluations         1365.1937 

----- F10  D1000  (25 runs)  optimum=nan  target_error=nan -----
Run    Seed          Best_Fitness             Error                    NFEs          Termination             Runtime_s 
1      1031243988    9.4168230680013895e+07   nan                      3000000       max_evaluations         1512.8063 
2      1032244025    9.4385696674914017e+07   nan                      3000000       max_evaluations         1360.9924 
3      1033244062    9.3350962604384497e+07   nan                      3000000       max_evaluations         1360.5101 
4      1034244099    9.4045003344743446e+07   nan                      3000000       max_evaluations         1360.2404 
5      1035244136    9.4280082581750572e+07   nan                      3000000       max_evaluations         1363.8915 
6      1036244173    9.4083483640766650e+07   nan                      3000000       max_evaluations         1359.9161 
7      1037244210    9.3959956265855700e+07   nan                      3000000       max_evaluations         1363.3931 
8      1038244247    9.3888798121078551e+07   nan                      3000000       max_evaluations         1495.4677 
9      1039244284    9.3918948782165900e+07   nan                      3000000       max_evaluations         1504.7581 
10     1040244321    9.4065122914244175e+07   nan                      3000000       max_evaluations         1475.7432 
11     1041244358    9.3550130188440070e+07   nan                      3000000       max_evaluations         1507.2542 
12     1042244395    9.4052249393882945e+07   nan                      3000000       max_evaluations         1511.6632 
13     1043244432    9.3565391435441613e+07   nan                      3000000       max_evaluations         1500.3654 
14     1044244469    9.4364769868593574e+07   nan                      3000000       max_evaluations         1331.3011 
15     1045244506    9.4412473042101949e+07   nan                      3000000       max_evaluations         1322.8310 
16     1046244543    9.4042368462001443e+07   nan                      3000000       max_evaluations         1336.7770 
17     1047244580    9.3817216775924072e+07   nan                      3000000       max_evaluations         1308.1471 
18     1048244617    9.3942528082503200e+07   nan                      3000000       max_evaluations         1334.1020 
19     1049244654    9.4305396628720433e+07   nan                      3000000       max_evaluations         1333.1297 
20     1050244691    9.4214782427198634e+07   nan                      3000000       max_evaluations         1392.9854 
21     1051244728    9.3683064319665104e+07   nan                      3000000       max_evaluations         1377.8340 
22     1052244765    9.4117225246931642e+07   nan                      3000000       max_evaluations         1390.8644 
23     1053244802    9.4426462148120180e+07   nan                      3000000       max_evaluations         1381.4846 
24     1054244839    9.3810173416528195e+07   nan                      3000000       max_evaluations         1371.2443 
25     1055244876    9.3841777717165396e+07   nan                      3000000       max_evaluations         1376.9082 

----- F11  D1000  (25 runs)  optimum=nan  target_error=nan -----
Run    Seed          Best_Fitness             Error                    NFEs          Termination             Runtime_s 
1      1032244021    4.4623757597979176e+08   nan                      3000000       max_evaluations         1253.3391 
2      1033244058    5.5268644100442183e+08   nan                      3000000       max_evaluations         1102.3937 
3      1034244095    6.9460682699970889e+08   nan                      3000000       max_evaluations         1095.3757 
4      1035244132    5.5495022073638415e+08   nan                      3000000       max_evaluations         1124.9736 
5      1036244169    4.7175001541510999e+08   nan                      3000000       max_evaluations         1121.3054 
6      1037244206    3.2371427059135550e+08   nan                      3000000       max_evaluations         1124.8274 
7      1038244243    3.6192571926010799e+08   nan                      3000000       max_evaluations         1122.6449 
8      1039244280    4.0598657211941957e+08   nan                      3000000       max_evaluations         1227.5130 
9      1040244317    7.1985734689594102e+08   nan                      3000000       max_evaluations         1222.8408 
10     1041244354    4.3676666804303426e+08   nan                      3000000       max_evaluations         1243.4592 
11     1042244391    2.8252696543339819e+08   nan                      3000000       max_evaluations         1243.3048 
12     1043244428    4.2451767921873450e+08   nan                      3000000       max_evaluations         1245.5377 
13     1044244465    2.9372609869832158e+08   nan                      3000000       max_evaluations         1247.9492 
14     1045244502    7.6714864733018029e+08   nan                      3000000       max_evaluations         1110.2711 
15     1046244539    4.9249804203336835e+08   nan                      3000000       max_evaluations         1109.7219 
16     1047244576    4.0236433201554424e+08   nan                      3000000       max_evaluations         1133.7013 
17     1048244613    3.0694823081026983e+08   nan                      3000000       max_evaluations         1135.8318 
18     1049244650    2.7246373060550374e+08   nan                      3000000       max_evaluations         1133.6773 
19     1050244687    3.5619085580124855e+08   nan                      3000000       max_evaluations         1132.3435 
20     1051244724    4.3387728463692391e+08   nan                      3000000       max_evaluations         1129.0748 
21     1052244761    6.6061440442599094e+08   nan                      3000000       max_evaluations         1132.8125 
22     1053244798    3.1663918825722176e+08   nan                      3000000       max_evaluations         1148.8606 
23     1054244835    6.1955343139693654e+08   nan                      3000000       max_evaluations         1136.2516 
24     1055244872    3.4442285028467119e+08   nan                      3000000       max_evaluations         1146.9141 
25     1056244909    3.2924766960186154e+08   nan                      3000000       max_evaluations         1145.0734 

----- F12  D1000  (25 runs)  optimum=nan  target_error=nan -----
Run    Seed          Best_Fitness             Error                    NFEs          Termination             Runtime_s 
1      1033244054    1.3828640878377743e+09   nan                      3000000       max_evaluations         345.7617  
2      1034244091    8.9927210856872725e+08   nan                      3000000       max_evaluations         283.2491  
3      1035244128    1.2696674095395019e+09   nan                      3000000       max_evaluations         285.1470  
4      1036244165    8.9998521577183831e+08   nan                      3000000       max_evaluations         313.2709  
5      1037244202    4.4198890560104680e+08   nan                      3000000       max_evaluations         312.0220  
6      1038244239    2.4889927776546574e+09   nan                      3000000       max_evaluations         312.6756  
7      1039244276    1.7861623004046161e+09   nan                      3000000       max_evaluations         310.2371  
8      1040244313    1.2516438756354713e+09   nan                      3000000       max_evaluations         308.5742  
9      1041244350    7.9845625905942755e+09   nan                      3000000       max_evaluations         317.3839  
10     1042244387    2.2327811908856602e+09   nan                      3000000       max_evaluations         343.0453  
11     1043244424    1.4821904255581331e+09   nan                      3000000       max_evaluations         343.0808  
12     1044244461    2.0764553825642371e+09   nan                      3000000       max_evaluations         334.9754  
13     1045244498    4.4817287243210745e+09   nan                      3000000       max_evaluations         344.6695  
14     1046244535    1.7023806209842618e+09   nan                      3000000       max_evaluations         279.1998  
15     1047244572    5.8728121885924959e+09   nan                      3000000       max_evaluations         286.1289  
16     1048244609    1.9513690645203769e+09   nan                      3000000       max_evaluations         291.2845  
17     1049244646    3.1821716637485280e+09   nan                      3000000       max_evaluations         294.0025  
18     1050244683    4.0975239625230360e+08   nan                      3000000       max_evaluations         295.2312  
19     1051244720    2.7065309537204919e+09   nan                      3000000       max_evaluations         299.2258  
20     1052244757    9.2758414829010630e+08   nan                      3000000       max_evaluations         299.3090  
21     1053244794    5.7497554245032816e+09   nan                      3000000       max_evaluations         315.3605  
22     1054244831    1.6205510767928984e+09   nan                      3000000       max_evaluations         296.3813  
23     1055244868    2.8987558624381673e+08   nan                      3000000       max_evaluations         301.0956  
24     1056244905    2.0051347592843137e+09   nan                      3000000       max_evaluations         301.7459  
25     1057244942    3.2589243602997029e+08   nan                      3000000       max_evaluations         300.8155  

----- F15  D1000  (25 runs)  optimum=nan  target_error=nan -----
Run    Seed          Best_Fitness             Error                    NFEs          Termination             Runtime_s 
1      1036244153    4.1363449610512587e+06   nan                      3000000       max_evaluations         692.7940  
2      1037244190    5.3817321401500572e+06   nan                      3000000       max_evaluations         711.8854  
3      1038244227    9.2592789879463967e+06   nan                      3000000       max_evaluations         714.0185  
4      1039244264    4.1934029582800479e+06   nan                      3000000       max_evaluations         708.9560  
5      1040244301    3.7977400130600845e+06   nan                      3000000       max_evaluations         712.3841  
6      1041244338    4.1411166949711493e+06   nan                      3000000       max_evaluations         727.2517  
7      1042244375    5.1596434531790158e+06   nan                      3000000       max_evaluations         705.6733  
8      1043244412    3.9321352454478485e+06   nan                      3000000       max_evaluations         698.9150  
9      1044244449    4.5465938240226926e+06   nan                      3000000       max_evaluations         693.7244  
10     1045244486    6.2974461835198002e+06   nan                      3000000       max_evaluations         704.5142  
11     1046244523    3.9340533043103120e+06   nan                      3000000       max_evaluations         681.7214  
12     1047244560    4.5952402762837652e+06   nan                      3000000       max_evaluations         700.4786  
13     1048244597    4.2318996331078270e+06   nan                      3000000       max_evaluations         698.3927  
14     1049244634    4.9620278740075417e+06   nan                      3000000       max_evaluations         647.6331  
15     1050244671    3.9974908083067969e+06   nan                      3000000       max_evaluations         663.1036  
16     1051244708    4.4389545397159541e+06   nan                      3000000       max_evaluations         659.8045  
17     1052244745    4.4736333823596155e+06   nan                      3000000       max_evaluations         661.9823  
18     1053244782    4.1507552612780035e+06   nan                      3000000       max_evaluations         663.3268  
19     1054244819    3.8675577954097860e+06   nan                      3000000       max_evaluations         677.2443  
20     1055244856    4.4875374431599695e+06   nan                      3000000       max_evaluations         649.9771  
21     1056244893    3.5406578972704853e+06   nan                      3000000       max_evaluations         667.8391  
22     1057244930    4.1908843717517671e+06   nan                      3000000       max_evaluations         665.3606  
23     1058244967    4.1128799334241841e+06   nan                      3000000       max_evaluations         662.8718  
24     1059245004    5.8308410871296115e+06   nan                      3000000       max_evaluations         657.2325  
25     1060245041    3.7972060287762997e+06   nan                      3000000       max_evaluations         662.6693  

