==============================================================================================================
DETAILED PER-RUN LOG   GSK   CEC2020   D20
runs per function : 30
functions         : [1 2 3 4 5 6 7 8 9 10]
statistics basis  : error vs known optimum
generated         : 2026-07-28_02.20.02
==============================================================================================================

----- F1  D20  (30 runs)  optimum=100  target_error=1e-08 -----
Run    Seed          Best_Fitness             Error                    NFEs          Termination             Runtime_s 
1      42240751      1.0000000000000000e+02   0.0000000000000000e+00   10000000      max_evaluations         58.8713   
2      43240788      1.0000000000000000e+02   0.0000000000000000e+00   10000000      max_evaluations         61.9786   
3      44240825      1.0000000000000000e+02   0.0000000000000000e+00   10000000      max_evaluations         58.4789   
4      45240862      1.0000000000000001e+02   0.0000000000000000e+00   10000000      max_evaluations         61.3658   
5      46240899      1.0000000000000000e+02   0.0000000000000000e+00   10000000      max_evaluations         62.1009   
6      47240936      1.0000000000000000e+02   0.0000000000000000e+00   10000000      max_evaluations         60.0109   
7      48240973      1.0000000000000000e+02   0.0000000000000000e+00   10000000      max_evaluations         59.1867   
8      49241010      1.0000000000000000e+02   0.0000000000000000e+00   10000000      max_evaluations         59.4261   
9      50241047      1.0000000000000000e+02   0.0000000000000000e+00   10000000      max_evaluations         59.4232   
10     51241084      1.0000000000000001e+02   0.0000000000000000e+00   10000000      max_evaluations         62.2732   
11     52241121      1.0000000000000000e+02   0.0000000000000000e+00   10000000      max_evaluations         62.6318   
12     53241158      1.0000000000000000e+02   0.0000000000000000e+00   10000000      max_evaluations         62.0794   
13     54241195      1.0000000000000000e+02   0.0000000000000000e+00   10000000      max_evaluations         59.6775   
14     55241232      1.0000000000000000e+02   0.0000000000000000e+00   10000000      max_evaluations         62.6149   
15     56241269      1.0000000000000000e+02   0.0000000000000000e+00   10000000      max_evaluations         59.0407   
16     57241306      1.0000000000000000e+02   0.0000000000000000e+00   10000000      max_evaluations         58.7951   
17     58241343      1.0000000000000000e+02   0.0000000000000000e+00   10000000      max_evaluations         59.2277   
18     59241380      1.0000000000000000e+02   0.0000000000000000e+00   10000000      max_evaluations         59.3103   
19     60241417      1.0000000000000000e+02   0.0000000000000000e+00   10000000      max_evaluations         58.8563   
20     61241454      1.0000000000000001e+02   0.0000000000000000e+00   10000000      max_evaluations         59.3310   
21     62241491      1.0000000000000000e+02   0.0000000000000000e+00   10000000      max_evaluations         59.2594   
22     63241528      1.0000000000000000e+02   0.0000000000000000e+00   10000000      max_evaluations         60.5181   
23     64241565      1.0000000000000000e+02   0.0000000000000000e+00   10000000      max_evaluations         60.3501   
24     65241602      1.0000000000000000e+02   0.0000000000000000e+00   10000000      max_evaluations         60.7245   
25     66241639      1.0000000000000000e+02   0.0000000000000000e+00   10000000      max_evaluations         60.9839   
26     67241676      1.0000000000000000e+02   0.0000000000000000e+00   10000000      max_evaluations         60.5849   
27     68241713      1.0000000000000000e+02   0.0000000000000000e+00   10000000      max_evaluations         60.6078   
28     69241750      1.0000000000000000e+02   0.0000000000000000e+00   10000000      max_evaluations         60.2345   
29     70241787      1.0000000000000000e+02   0.0000000000000000e+00   10000000      max_evaluations         24.8053   
30     71241824      1.0000000000000000e+02   0.0000000000000000e+00   10000000      max_evaluations         24.6470   

----- F2  D20  (30 runs)  optimum=1100  target_error=1e-08 -----
Run    Seed          Best_Fitness             Error                    NFEs          Termination             Runtime_s 
1      43240784      1.1154012321662613e+03   1.5401232166261300e+01   10000000      max_evaluations         67.7971   
2      44240821      1.1069863342812714e+03   6.9863342812714002e+00   10000000      max_evaluations         69.8773   
3      45240858      1.1111625547659278e+03   1.1162554765927799e+01   10000000      max_evaluations         67.9594   
4      46240895      1.1144527369306106e+03   1.4452736930610600e+01   10000000      max_evaluations         68.3382   
5      47240932      3.6111219035847671e+03   2.5111219035847671e+03   10000000      max_evaluations         72.9032   
6      48240969      1.1185352720417486e+03   1.8535272041748598e+01   10000000      max_evaluations         70.6425   
7      49241006      1.5242854692786495e+03   4.2428546927864949e+02   10000000      max_evaluations         69.7825   
8      50241043      1.4732442508625336e+03   3.7324425086253359e+02   10000000      max_evaluations         70.9199   
9      51241080      1.1095486921414249e+03   9.5486921414250006e+00   10000000      max_evaluations         73.9472   
10     52241117      1.3356124845166432e+03   2.3561248451664321e+02   10000000      max_evaluations         71.3303   
11     53241154      1.1177741475531311e+03   1.7774147553131101e+01   10000000      max_evaluations         70.9983   
12     54241191      1.3261472506141090e+03   2.2614725061410900e+02   10000000      max_evaluations         71.6470   
13     55241228      1.1186601858731028e+03   1.8660185873102801e+01   10000000      max_evaluations         67.5264   
14     56241265      1.3336136532634482e+03   2.3361365326344821e+02   10000000      max_evaluations         68.6929   
15     57241302      1.2369736066561854e+03   1.3697360665618541e+02   10000000      max_evaluations         66.8526   
16     58241339      1.1160665995551135e+03   1.6066599555113498e+01   10000000      max_evaluations         67.5943   
17     59241376      1.1235350739329242e+03   2.3535073932924199e+01   10000000      max_evaluations         67.8239   
18     60241413      1.1227427209842426e+03   2.2742720984242599e+01   10000000      max_evaluations         67.5893   
19     61241450      1.3457826473163841e+03   2.4578264731638399e+02   10000000      max_evaluations         68.6254   
20     62241487      3.2362476984974146e+03   2.1362476984974146e+03   10000000      max_evaluations         71.6409   
21     63241524      1.1185665004995863e+03   1.8566500499586301e+01   10000000      max_evaluations         66.3433   
22     64241561      1.2341455242069042e+03   1.3414552420690421e+02   10000000      max_evaluations         68.1394   
23     65241598      3.5669854206483351e+03   2.4669854206483351e+03   10000000      max_evaluations         70.5201   
24     66241635      1.1110376409345699e+03   1.1037640934570000e+01   10000000      max_evaluations         69.5221   
25     67241672      1.3345621484990988e+03   2.3456214849909881e+02   10000000      max_evaluations         69.0377   
26     68241709      1.1109751840188928e+03   1.0975184018892801e+01   10000000      max_evaluations         68.1159   
27     69241746      1.5069152199511773e+03   4.0691521995117728e+02   10000000      max_evaluations         66.6806   
28     70241783      1.5543389541104007e+03   4.5433895411040072e+02   10000000      max_evaluations         67.4205   
29     71241820      1.2425291936340527e+03   1.4252919363405269e+02   10000000      max_evaluations         29.8788   
30     72241857      1.1306505060607815e+03   3.0650506060781499e+01   10000000      max_evaluations         28.9520   

----- F3  D20  (30 runs)  optimum=700  target_error=1e-08 -----
Run    Seed          Best_Fitness             Error                    NFEs          Termination             Runtime_s 
1      44240817      7.2264261768708036e+02   2.2642617687080399e+01   10000000      max_evaluations         76.1283   
2      45240854      7.2530753163514260e+02   2.5307531635142599e+01   10000000      max_evaluations         75.8076   
3      46240891      7.2474963725210955e+02   2.4749637252109601e+01   10000000      max_evaluations         76.9533   
4      47240928      7.2525985562703602e+02   2.5259855627036000e+01   10000000      max_evaluations         77.0220   
5      48240965      7.2326641709554349e+02   2.3266417095543499e+01   10000000      max_evaluations         79.3054   
6      49241002      7.2423029968635956e+02   2.4230299686359601e+01   10000000      max_evaluations         75.3335   
7      50241039      7.2568460324718751e+02   2.5684603247187500e+01   10000000      max_evaluations         77.2011   
8      51241076      7.2674742711161662e+02   2.6747427111616599e+01   10000000      max_evaluations         77.6433   
9      52241113      7.2546069411049950e+02   2.5460694110499499e+01   10000000      max_evaluations         78.5267   
10     53241150      7.2610925491731825e+02   2.6109254917318300e+01   10000000      max_evaluations         78.2978   
11     54241187      7.2659170251886883e+02   2.6591702518868800e+01   10000000      max_evaluations         77.1728   
12     55241224      7.2699524594603884e+02   2.6995245946038800e+01   10000000      max_evaluations         77.8583   
13     56241261      7.2577682209398927e+02   2.5776822093989299e+01   10000000      max_evaluations         73.8874   
14     57241298      7.5942676192075965e+02   5.9426761920759603e+01   10000000      max_evaluations         77.6722   
15     58241335      7.2396470839563563e+02   2.3964708395635601e+01   10000000      max_evaluations         77.0718   
16     59241372      7.2417832660967508e+02   2.4178326609675100e+01   10000000      max_evaluations         79.3955   
17     60241409      7.2400182661266865e+02   2.4001826612668701e+01   10000000      max_evaluations         78.7657   
18     61241446      7.2550853368093840e+02   2.5508533680938399e+01   10000000      max_evaluations         76.8354   
19     62241483      7.2661195398190443e+02   2.6611953981904399e+01   10000000      max_evaluations         77.6600   
20     63241520      7.2413253580830781e+02   2.4132535808307800e+01   10000000      max_evaluations         77.1625   
21     64241557      7.2465041895155434e+02   2.4650418951554300e+01   10000000      max_evaluations         80.8101   
22     65241594      7.2603094540383756e+02   2.6030945403837599e+01   10000000      max_evaluations         80.1864   
23     66241631      7.2317566798129565e+02   2.3175667981295600e+01   10000000      max_evaluations         79.4205   
24     67241668      7.2473711181257443e+02   2.4737111812574401e+01   10000000      max_evaluations         78.2723   
25     68241705      7.2333972239887237e+02   2.3339722398872400e+01   10000000      max_evaluations         80.5921   
26     69241742      7.2486382057434776e+02   2.4863820574347798e+01   10000000      max_evaluations         80.0338   
27     70241779      7.2620514081735325e+02   2.6205140817353300e+01   10000000      max_evaluations         79.6877   
28     71241816      7.2458617600052378e+02   2.4586176000523800e+01   10000000      max_evaluations         79.6317   
29     72241853      7.2327468728597535e+02   2.3274687285975300e+01   10000000      max_evaluations         32.4448   
30     73241890      7.2308296244980227e+02   2.3082962449802299e+01   10000000      max_evaluations         30.4118   

----- F4  D20  (30 runs)  optimum=1900  target_error=1e-08 -----
Run    Seed          Best_Fitness             Error                    NFEs          Termination             Runtime_s 
1      45240850      1.9042170388853285e+03   4.2170388853284999e+00   10000000      max_evaluations         64.6250   
2      46240887      1.9048762664238352e+03   4.8762664238352000e+00   10000000      max_evaluations         65.5377   
3      47240924      1.9011889494723478e+03   1.1889494723478000e+00   10000000      max_evaluations         62.3722   
4      48240961      1.9057182179968881e+03   5.7182179968881002e+00   10000000      max_evaluations         65.9336   
5      49240998      1.9052688665240942e+03   5.2688665240942001e+00   10000000      max_evaluations         64.5429   
6      50241035      1.9048332122095469e+03   4.8332122095469998e+00   10000000      max_evaluations         66.8480   
7      51241072      1.9045566005667322e+03   4.5566005667322003e+00   10000000      max_evaluations         67.4665   
8      52241109      1.9044055127553743e+03   4.4055127553742999e+00   10000000      max_evaluations         67.4048   
9      53241146      1.9022622922557980e+03   2.2622922557980001e+00   10000000      max_evaluations         66.3114   
10     54241183      1.9050617726290473e+03   5.0617726290473000e+00   10000000      max_evaluations         67.6199   
11     55241220      1.9052692011246545e+03   5.2692011246544999e+00   10000000      max_evaluations         66.5303   
12     56241257      1.9049413553258735e+03   4.9413553258735003e+00   10000000      max_evaluations         66.8493   
13     57241294      1.9048348671439358e+03   4.8348671439358002e+00   10000000      max_evaluations         65.6040   
14     58241331      1.9036940830885246e+03   3.6940830885246001e+00   10000000      max_evaluations         65.6961   
15     59241368      1.9043401202429834e+03   4.3401202429834003e+00   10000000      max_evaluations         65.4460   
16     60241405      1.9043085209032233e+03   4.3085209032233003e+00   10000000      max_evaluations         65.3682   
17     61241442      1.9014007480348448e+03   1.4007480348448000e+00   10000000      max_evaluations         62.7335   
18     62241479      1.9016033719201675e+03   1.6033719201675001e+00   10000000      max_evaluations         62.7850   
19     63241516      1.9053452208127796e+03   5.3452208127796004e+00   10000000      max_evaluations         64.8825   
20     64241553      1.9049627811208104e+03   4.9627811208103996e+00   10000000      max_evaluations         65.0885   
21     65241590      1.9055292184417053e+03   5.5292184417053001e+00   10000000      max_evaluations         65.3538   
22     66241627      1.9049434527616756e+03   4.9434527616755997e+00   10000000      max_evaluations         67.3473   
23     67241664      1.9053799852552838e+03   5.3799852552837999e+00   10000000      max_evaluations         67.3719   
24     68241701      1.9034877413238100e+03   3.4877413238099999e+00   10000000      max_evaluations         66.8701   
25     69241738      1.9050895150689507e+03   5.0895150689506998e+00   10000000      max_evaluations         66.2483   
26     70241775      1.9049981370533937e+03   4.9981370533937000e+00   10000000      max_evaluations         66.4656   
27     71241812      1.9050504494424119e+03   5.0504494424119999e+00   10000000      max_evaluations         66.1091   
28     72241849      1.9054511876881211e+03   5.4511876881210002e+00   10000000      max_evaluations         66.4390   
29     73241886      1.9010545066374948e+03   1.0545066374948000e+00   10000000      max_evaluations         26.5456   
30     74241923      1.9052747046781387e+03   5.2747046781386997e+00   10000000      max_evaluations         28.0583   

----- F5  D20  (30 runs)  optimum=1700  target_error=1e-08 -----
Run    Seed          Best_Fitness             Error                    NFEs          Termination             Runtime_s 
1      46240883      1.9381838839951404e+03   2.3818388399514041e+02   10000000      max_evaluations         81.5922   
2      47240920      1.8260867043721248e+03   1.2608670437212480e+02   10000000      max_evaluations         81.6957   
3      48240957      1.7023021738233579e+03   2.3021738233578999e+00   10000000      max_evaluations         82.4019   
4      49240994      1.7206057076942541e+03   2.0605707694254001e+01   10000000      max_evaluations         81.6571   
5      50241031      1.7023021738233576e+03   2.3021738233576001e+00   10000000      max_evaluations         82.4415   
6      51241068      1.8263277236961176e+03   1.2632772369611760e+02   10000000      max_evaluations         85.0153   
7      52241105      1.7004163409455614e+03   4.1634094556140000e-01   10000000      max_evaluations         83.8238   
8      53241142      1.7062820100517310e+03   6.2820100517309996e+00   10000000      max_evaluations         85.4857   
9      54241179      1.7088843481387730e+03   8.8843481387729994e+00   10000000      max_evaluations         86.0369   
10     55241216      1.9390747578158432e+03   2.3907475781584321e+02   10000000      max_evaluations         83.4906   
11     56241253      1.7028253774012030e+03   2.8253774012030002e+00   10000000      max_evaluations         85.0142   
12     57241290      1.8384143458266642e+03   1.3841434582666420e+02   10000000      max_evaluations         85.3465   
13     58241327      1.8279725372499211e+03   1.2797253724992100e+02   10000000      max_evaluations         81.1179   
14     59241364      1.8213903629345057e+03   1.2139036293450570e+02   10000000      max_evaluations         81.1783   
15     60241401      1.9442127832773917e+03   2.4421278327739171e+02   10000000      max_evaluations         80.4371   
16     61241438      1.7012031295298741e+03   1.2031295298739999e+00   10000000      max_evaluations         80.0865   
17     62241475      1.8204282527286246e+03   1.2042825272862460e+02   10000000      max_evaluations         80.0387   
18     63241512      1.8216313822584984e+03   1.2163138225849841e+02   10000000      max_evaluations         80.6261   
19     64241549      1.8207405084377954e+03   1.2074050843779540e+02   10000000      max_evaluations         80.0521   
20     65241586      1.8387145151281679e+03   1.3871451512816799e+02   10000000      max_evaluations         80.1066   
21     66241623      1.8277482550843044e+03   1.2774825508430440e+02   10000000      max_evaluations         80.9240   
22     67241660      1.7023021738233576e+03   2.3021738233576001e+00   10000000      max_evaluations         82.3141   
23     68241697      1.7013072147662645e+03   1.3072147662644999e+00   10000000      max_evaluations         82.6179   
24     69241734      1.7076812186088989e+03   7.6812186088990000e+00   10000000      max_evaluations         82.2824   
25     70241771      1.9585739154437692e+03   2.5857391544376918e+02   10000000      max_evaluations         81.4959   
26     71241808      1.9468525558882884e+03   2.4685255588828841e+02   10000000      max_evaluations         82.1430   
27     72241845      1.8208445936741857e+03   1.2084459367418570e+02   10000000      max_evaluations         82.0296   
28     73241882      1.9431137389839078e+03   2.4311373898390781e+02   10000000      max_evaluations         81.6056   
29     74241919      1.8203954038774125e+03   1.2039540387741251e+02   10000000      max_evaluations         33.2570   
30     75241956      1.8269775781928277e+03   1.2697757819282771e+02   10000000      max_evaluations         33.0756   

----- F6  D20  (30 runs)  optimum=1600  target_error=1e-08 -----
Run    Seed          Best_Fitness             Error                    NFEs          Termination             Runtime_s 
1      47240916      1.6007397205102375e+03   7.3972051023749996e-01   10000000      max_evaluations         81.1616   
2      48240953      1.6010588870183369e+03   1.0588870183370001e+00   10000000      max_evaluations         81.1246   
3      49240990      1.6013153322408123e+03   1.3153322408123000e+00   10000000      max_evaluations         81.4702   
4      50241027      1.6008117364069099e+03   8.1173640690990001e-01   10000000      max_evaluations         80.3011   
5      51241064      1.6009548176099690e+03   9.5481760996900000e-01   10000000      max_evaluations         82.7868   
6      52241101      1.6008511186441958e+03   8.5111864419579997e-01   10000000      max_evaluations         83.9971   
7      53241138      1.6008506341821890e+03   8.5063418218900000e-01   10000000      max_evaluations         82.8908   
8      54241175      1.6007752619371665e+03   7.7526193716650005e-01   10000000      max_evaluations         84.3747   
9      55241212      1.6007262765226626e+03   7.2627652266260001e-01   10000000      max_evaluations         84.5835   
10     56241249      1.6008310538844923e+03   8.3105388449230000e-01   10000000      max_evaluations         83.8759   
11     57241286      1.6007190012473739e+03   7.1900124737390003e-01   10000000      max_evaluations         84.4567   
12     58241323      1.6007426436633627e+03   7.4264366336270005e-01   10000000      max_evaluations         83.8739   
13     59241360      1.6023087217192824e+03   2.3087217192824001e+00   10000000      max_evaluations         80.8465   
14     60241397      1.6008236805123945e+03   8.2368051239450002e-01   10000000      max_evaluations         82.4118   
15     61241434      1.6007188035251506e+03   7.1880352515059998e-01   10000000      max_evaluations         79.7280   
16     62241471      1.6018294120084922e+03   1.8294120084922001e+00   10000000      max_evaluations         79.6769   
17     63241508      1.6007455945345926e+03   7.4559453459259994e-01   10000000      max_evaluations         79.4683   
18     64241545      1.6004816655241993e+03   4.8166552419929998e-01   10000000      max_evaluations         80.4315   
19     65241582      1.6005126710968302e+03   5.1267109683019996e-01   10000000      max_evaluations         80.1602   
20     66241619      1.6005186258735137e+03   5.1862587351370004e-01   10000000      max_evaluations         79.3414   
21     67241656      1.6009391117645102e+03   9.3911176451019995e-01   10000000      max_evaluations         80.7878   
22     68241693      1.6016529847730683e+03   1.6529847730683001e+00   10000000      max_evaluations         82.1111   
23     69241730      1.6008409434289131e+03   8.4094342891300000e-01   10000000      max_evaluations         82.0998   
24     70241767      1.6009464306159689e+03   9.4643061596900002e-01   10000000      max_evaluations         82.6886   
25     71241804      1.6070239404021179e+03   7.0239404021179999e+00   10000000      max_evaluations         81.6792   
26     72241841      1.6008484849953436e+03   8.4848499534360000e-01   10000000      max_evaluations         81.7376   
27     73241878      1.6018116575427528e+03   1.8116575427528001e+00   10000000      max_evaluations         81.7233   
28     74241915      1.6005324098184738e+03   5.3240981847379998e-01   10000000      max_evaluations         81.8616   
29     75241952      1.6008503514341310e+03   8.5035143413100001e-01   10000000      max_evaluations         32.7006   
30     76241989      1.6007338996519227e+03   7.3389965192270001e-01   10000000      max_evaluations         32.3834   

----- F7  D20  (30 runs)  optimum=2100  target_error=1e-08 -----
Run    Seed          Best_Fitness             Error                    NFEs          Termination             Runtime_s 
1      48240949      2.1048245458060533e+03   4.8245458060533002e+00   10000000      max_evaluations         85.4162   
2      49240986      2.1008311845727717e+03   8.3118457277169999e-01   10000000      max_evaluations         85.9537   
3      50241023      2.1008306560539013e+03   8.3065605390130004e-01   10000000      max_evaluations         85.1401   
4      51241060      2.1090318993411706e+03   9.0318993411706003e+00   10000000      max_evaluations         84.8724   
5      52241097      2.1090362200552654e+03   9.0362200552653995e+00   10000000      max_evaluations         86.6985   
6      53241134      2.1088882333273446e+03   8.8882333273446008e+00   10000000      max_evaluations         88.8760   
7      54241171      2.2435110463340484e+03   1.4351104633404839e+02   10000000      max_evaluations         89.0163   
8      55241208      2.1092098602421920e+03   9.2098602421920006e+00   10000000      max_evaluations         89.2562   
9      56241245      2.1087393851998027e+03   8.7393851998026992e+00   10000000      max_evaluations         88.7887   
10     57241282      2.1211375060360670e+03   2.1137506036066998e+01   10000000      max_evaluations         88.8672   
11     58241319      2.1127377972891186e+03   1.2737797289118600e+01   10000000      max_evaluations         88.8202   
12     59241356      2.1092105513952156e+03   9.2105513952155995e+00   10000000      max_evaluations         89.5177   
13     60241393      2.1090551864280560e+03   9.0551864280560004e+00   10000000      max_evaluations         85.9990   
14     61241430      2.1090476255821700e+03   9.0476255821699993e+00   10000000      max_evaluations         86.3609   
15     62241467      2.1130694601914402e+03   1.3069460191439999e+01   10000000      max_evaluations         86.0880   
16     63241504      2.2239461384281681e+03   1.2394613842816800e+02   10000000      max_evaluations         85.8239   
17     64241541      2.2396270531545101e+03   1.3962705315451001e+02   10000000      max_evaluations         85.1907   
18     65241578      2.1093661780224593e+03   9.3661780224592999e+00   10000000      max_evaluations         85.8084   
19     66241615      2.1417760824966986e+03   4.1776082496698599e+01   10000000      max_evaluations         85.2268   
20     67241652      2.1002035704093255e+03   2.0357040932550000e-01   10000000      max_evaluations         86.2394   
21     68241689      2.1086361466297803e+03   8.6361466297802991e+00   10000000      max_evaluations         86.3392   
22     69241726      2.1090557039828300e+03   9.0557039828299999e+00   10000000      max_evaluations         86.8542   
23     70241763      2.1091919070441500e+03   9.1919070441499997e+00   10000000      max_evaluations         87.1551   
24     71241800      2.1002209145596958e+03   2.2091455969580001e-01   10000000      max_evaluations         86.8981   
25     72241837      2.1008304095253911e+03   8.3040952539099999e-01   10000000      max_evaluations         86.6120   
26     73241874      2.1297230269162278e+03   2.9723026916228001e+01   10000000      max_evaluations         86.6634   
27     74241911      2.2545167839862002e+03   1.5451678398620001e+02   10000000      max_evaluations         86.3474   
28     75241948      2.1088803138783337e+03   8.8803138783337001e+00   10000000      max_evaluations         86.9832   
29     76241985      2.1008264362501859e+03   8.2643625018599998e-01   10000000      max_evaluations         34.7005   
30     77242022      2.1009614851724095e+03   9.6148517240950004e-01   10000000      max_evaluations         34.6116   

----- F8  D20  (30 runs)  optimum=2200  target_error=1e-08 -----
Run    Seed          Best_Fitness             Error                    NFEs          Termination             Runtime_s 
1      49240982      2.3015648054496942e+03   1.0156480544969401e+02   10000000      max_evaluations         94.2115   
2      50241019      2.3000000000000005e+03   1.0000000000000050e+02   10000000      max_evaluations         95.3818   
3      51241056      2.3000000000000005e+03   1.0000000000000050e+02   10000000      max_evaluations         95.0963   
4      52241093      2.3013254486295991e+03   1.0132544862959899e+02   10000000      max_evaluations         95.0262   
5      53241130      2.3011621230105729e+03   1.0116212301057300e+02   10000000      max_evaluations         97.1772   
6      54241167      2.3011501158392066e+03   1.0115011583920661e+02   10000000      max_evaluations         98.6570   
7      55241204      2.3000000000000005e+03   1.0000000000000050e+02   10000000      max_evaluations         97.4173   
8      56241241      2.3000000000000005e+03   1.0000000000000050e+02   10000000      max_evaluations         96.8602   
9      57241278      2.3000000000000005e+03   1.0000000000000050e+02   10000000      max_evaluations         98.2055   
10     58241315      2.3020650084770227e+03   1.0206500847702270e+02   10000000      max_evaluations         97.7075   
11     59241352      2.3000000000000005e+03   1.0000000000000050e+02   10000000      max_evaluations         98.8249   
12     60241389      2.3020539529344087e+03   1.0205395293440870e+02   10000000      max_evaluations         99.1878   
13     61241426      2.3014780687181924e+03   1.0147806871819240e+02   10000000      max_evaluations         95.0988   
14     62241463      2.3011621230105729e+03   1.0116212301057300e+02   10000000      max_evaluations         95.6987   
15     63241500      2.3000000000000005e+03   1.0000000000000050e+02   10000000      max_evaluations         94.7213   
16     64241537      2.3000000000000005e+03   1.0000000000000050e+02   10000000      max_evaluations         96.2118   
17     65241574      2.3018890480600535e+03   1.0188904806005350e+02   10000000      max_evaluations         96.6994   
18     66241611      2.3013254486295996e+03   1.0132544862959961e+02   10000000      max_evaluations         97.1430   
19     67241648      2.3000000000000005e+03   1.0000000000000050e+02   10000000      max_evaluations         96.7696   
20     68241685      2.3011609077763851e+03   1.0116090777638500e+02   10000000      max_evaluations         95.8478   
21     69241722      2.3011501158392070e+03   1.0115011583920700e+02   10000000      max_evaluations         97.5619   
22     70241759      2.3013254486295991e+03   1.0132544862959899e+02   10000000      max_evaluations         96.2914   
23     71241796      2.3000000000000005e+03   1.0000000000000050e+02   10000000      max_evaluations         97.4771   
24     72241833      2.3028201938624402e+03   1.0282019386243999e+02   10000000      max_evaluations         98.6244   
25     73241870      2.3012013883194854e+03   1.0120138831948540e+02   10000000      max_evaluations         97.4386   
26     74241907      2.3018811846918479e+03   1.0188118469184801e+02   10000000      max_evaluations         97.8759   
27     75241944      2.3022948176376967e+03   1.0229481763769670e+02   10000000      max_evaluations         97.9843   
28     76241981      2.3000000000000005e+03   1.0000000000000050e+02   10000000      max_evaluations         96.8092   
29     77242018      2.3000000000000005e+03   1.0000000000000050e+02   10000000      max_evaluations         37.4019   
30     78242055      2.3000000000000005e+03   1.0000000000000050e+02   10000000      max_evaluations         35.8883   

----- F9  D20  (30 runs)  optimum=2400  target_error=1e-08 -----
Run    Seed          Best_Fitness             Error                    NFEs          Termination             Runtime_s 
1      50241015      2.7000000000000005e+03   3.0000000000000051e+02   10000000      max_evaluations         104.1978  
2      51241052      2.7000000000000005e+03   3.0000000000000051e+02   10000000      max_evaluations         102.0104  
3      52241089      2.8014191618542864e+03   4.0141916185428641e+02   10000000      max_evaluations         107.3248  
4      53241126      2.7963489220038155e+03   3.9634892200381552e+02   10000000      max_evaluations         105.4070  
5      54241163      2.7000000000000005e+03   3.0000000000000051e+02   10000000      max_evaluations         104.0538  
6      55241200      2.8000711036628718e+03   4.0007110366287202e+02   10000000      max_evaluations         108.5220  
7      56241237      2.7686566870772640e+03   3.6865668707726400e+02   10000000      max_evaluations         107.1584  
8      57241274      2.7912540622165316e+03   3.9125406221653162e+02   10000000      max_evaluations         108.3543  
9      58241311      2.8007300234770246e+03   4.0073002347702459e+02   10000000      max_evaluations         108.9841  
10     59241348      2.8053599929983798e+03   4.0535999299837982e+02   10000000      max_evaluations         109.9242  
11     60241385      2.7958170166653053e+03   3.9581701666530529e+02   10000000      max_evaluations         108.3075  
12     61241422      2.7822569422309080e+03   3.8225694223090801e+02   10000000      max_evaluations         108.1416  
13     62241459      2.8047553902075406e+03   4.0475539020754059e+02   10000000      max_evaluations         107.8349  
14     63241496      2.7784323761709361e+03   3.7843237617093598e+02   10000000      max_evaluations         104.0447  
15     64241533      2.7927247254114891e+03   3.9272472541148898e+02   10000000      max_evaluations         105.4148  
16     65241570      2.7000000000000005e+03   3.0000000000000051e+02   10000000      max_evaluations         106.9006  
17     66241607      2.7000000000000005e+03   3.0000000000000051e+02   10000000      max_evaluations         106.6637  
18     67241644      2.7861318399139082e+03   3.8613183991390798e+02   10000000      max_evaluations         106.4290  
19     68241681      2.7954347672335748e+03   3.9543476723357497e+02   10000000      max_evaluations         107.6331  
20     69241718      2.7980731738358259e+03   3.9807317383582603e+02   10000000      max_evaluations         109.2662  
21     70241755      2.7789884881800444e+03   3.7898848818004438e+02   10000000      max_evaluations         107.9065  
22     71241792      2.7000000000000005e+03   3.0000000000000051e+02   10000000      max_evaluations         103.9752  
23     72241829      2.7972136424378982e+03   3.9721364243789799e+02   10000000      max_evaluations         109.1187  
24     73241866      2.7000000000000005e+03   3.0000000000000051e+02   10000000      max_evaluations         106.0674  
25     74241903      2.7919218197108344e+03   3.9192181971083443e+02   10000000      max_evaluations         108.6506  
26     75241940      2.7000000000000005e+03   3.0000000000000051e+02   10000000      max_evaluations         106.1235  
27     76241977      2.7454867917716033e+03   3.4548679177160329e+02   10000000      max_evaluations         107.4150  
28     77242014      2.7000000000000005e+03   3.0000000000000051e+02   10000000      max_evaluations         105.8778  
29     78242051      2.7000000000000005e+03   3.0000000000000051e+02   10000000      max_evaluations         41.6948   
30     79242088      2.7477780513695920e+03   3.4777805136959199e+02   10000000      max_evaluations         39.8216   

----- F10  D20  (30 runs)  optimum=2500  target_error=1e-08 -----
Run    Seed          Best_Fitness             Error                    NFEs          Termination             Runtime_s 
1      51241048      2.8992498438081684e+03   3.9924984380816841e+02   10000000      max_evaluations         108.5387  
2      52241085      2.9137117607137661e+03   4.1371176071376601e+02   10000000      max_evaluations         105.8614  
3      53241122      2.9137716720956096e+03   4.1377167209560957e+02   10000000      max_evaluations         106.2618  
4      54241159      2.9100646975447039e+03   4.1006469754470402e+02   10000000      max_evaluations         106.4007  
5      55241196      2.9248590729262023e+03   4.2485907292620232e+02   10000000      max_evaluations         110.8595  
6      56241233      2.9136573397663492e+03   4.1365733976634903e+02   10000000      max_evaluations         110.7872  
7      57241270      2.9138238916056816e+03   4.1382389160568158e+02   10000000      max_evaluations         105.6257  
8      58241307      2.9138239725999815e+03   4.1382397259998152e+02   10000000      max_evaluations         110.6847  
9      59241344      2.9136933518397864e+03   4.1369335183978637e+02   10000000      max_evaluations         111.9445  
10     60241381      2.9137737895406485e+03   4.1377378954064852e+02   10000000      max_evaluations         110.4633  
11     61241418      2.9102031609770470e+03   4.1020316097704699e+02   10000000      max_evaluations         111.7881  
12     62241455      2.9137087832184616e+03   4.1370878321846158e+02   10000000      max_evaluations         111.0459  
13     63241492      2.8995473973858680e+03   3.9954739738586801e+02   10000000      max_evaluations         106.5741  
14     64241529      2.9137716720956096e+03   4.1377167209560957e+02   10000000      max_evaluations         105.8209  
15     65241566      2.8994250299374744e+03   3.9942502993747439e+02   10000000      max_evaluations         106.4876  
16     66241603      2.9136979335819692e+03   4.1369793358196898e+02   10000000      max_evaluations         104.6798  
17     67241640      2.9476666412615691e+03   4.4766664126156900e+02   10000000      max_evaluations         105.2246  
18     68241677      2.9138184247533723e+03   4.1381842475337231e+02   10000000      max_evaluations         104.4967  
19     69241714      2.9137749620005252e+03   4.1377496200052502e+02   10000000      max_evaluations         105.1552  
20     70241751      2.9533157029314566e+03   4.5331570293145660e+02   10000000      max_evaluations         104.7935  
21     71241788      2.9136718679377682e+03   4.1367186793776801e+02   10000000      max_evaluations         105.5125  
22     72241825      2.9137948100050826e+03   4.1379481000508258e+02   10000000      max_evaluations         107.4289  
23     73241862      2.9137324532082457e+03   4.1373245320824572e+02   10000000      max_evaluations         107.9890  
24     74241899      2.9138608513198765e+03   4.1386085131987647e+02   10000000      max_evaluations         107.6729  
25     75241936      2.9137020742012919e+03   4.1370207420129202e+02   10000000      max_evaluations         106.7311  
26     76241973      2.9101021324608155e+03   4.1010213246081548e+02   10000000      max_evaluations         107.5870  
27     77242010      2.9136976025576237e+03   4.1369760255762372e+02   10000000      max_evaluations         106.8504  
28     78242047      2.9136743539526965e+03   4.1367435395269649e+02   10000000      max_evaluations         106.9570  
29     79242084      2.9137770344133392e+03   4.1377703441333898e+02   10000000      max_evaluations         41.8395   
30     80242121      2.9136784035669507e+03   4.1367840356695069e+02   10000000      max_evaluations         41.4504   

