==============================================================================================================
DETAILED PER-RUN LOG   GSK   CEC2020   D5
runs per function : 30
functions         : [1 2 3 4 5 8 9 10]
statistics basis  : error vs known optimum
generated         : 2026-07-28_01.14.38
==============================================================================================================

----- F1  D5  (30 runs)  optimum=100  target_error=1e-08 -----
Run    Seed          Best_Fitness             Error                    NFEs          Termination             Runtime_s 
1      27240706      1.0000000000000000e+02   0.0000000000000000e+00   50000         max_evaluations         0.4385    
2      28240743      1.0000000000000000e+02   0.0000000000000000e+00   50000         max_evaluations         0.4640    
3      29240780      1.0000000000000000e+02   0.0000000000000000e+00   50000         max_evaluations         0.4372    
4      30240817      1.0000000000000000e+02   0.0000000000000000e+00   50000         max_evaluations         0.4706    
5      31240854      1.0000000000000000e+02   0.0000000000000000e+00   50000         max_evaluations         0.4204    
6      32240891      1.0000000000000000e+02   0.0000000000000000e+00   50000         max_evaluations         0.4569    
7      33240928      1.0000000000000000e+02   0.0000000000000000e+00   50000         max_evaluations         0.4744    
8      34240965      1.0000000000000000e+02   0.0000000000000000e+00   50000         max_evaluations         0.4675    
9      35241002      1.0000000000000000e+02   0.0000000000000000e+00   50000         max_evaluations         0.4031    
10     36241039      1.0000000000000000e+02   0.0000000000000000e+00   50000         max_evaluations         0.4693    
11     37241076      1.0000000000000000e+02   0.0000000000000000e+00   50000         max_evaluations         0.4019    
12     38241113      1.0000000000000000e+02   0.0000000000000000e+00   50000         max_evaluations         0.4450    
13     39241150      1.0000000000000000e+02   0.0000000000000000e+00   50000         max_evaluations         0.3824    
14     40241187      1.0000000000000000e+02   0.0000000000000000e+00   50000         max_evaluations         0.4294    
15     41241224      1.0000000000000000e+02   0.0000000000000000e+00   50000         max_evaluations         0.4020    
16     42241261      1.0000000000000000e+02   0.0000000000000000e+00   50000         max_evaluations         0.4195    
17     43241298      1.0000000000000000e+02   0.0000000000000000e+00   50000         max_evaluations         0.3968    
18     44241335      1.0000000000000000e+02   0.0000000000000000e+00   50000         max_evaluations         0.4286    
19     45241372      1.0000000000000000e+02   0.0000000000000000e+00   50000         max_evaluations         0.4193    
20     46241409      1.0000000000000000e+02   0.0000000000000000e+00   50000         max_evaluations         0.3603    
21     47241446      1.0000000000000000e+02   0.0000000000000000e+00   50000         max_evaluations         0.3734    
22     48241483      1.0000000000000000e+02   0.0000000000000000e+00   50000         max_evaluations         0.3306    
23     49241520      1.0000000000000000e+02   0.0000000000000000e+00   50000         max_evaluations         0.3458    
24     50241557      1.0000000000000000e+02   0.0000000000000000e+00   50000         max_evaluations         0.3277    
25     51241594      1.0000000000000000e+02   0.0000000000000000e+00   50000         max_evaluations         0.3034    
26     52241631      1.0000000000000000e+02   0.0000000000000000e+00   50000         max_evaluations         0.3264    
27     53241668      1.0000000000000000e+02   0.0000000000000000e+00   50000         max_evaluations         0.3262    
28     54241705      1.0000000000000000e+02   0.0000000000000000e+00   50000         max_evaluations         0.2993    
29     55241742      1.0000000000000000e+02   0.0000000000000000e+00   50000         max_evaluations         0.2959    
30     56241779      1.0000000000000000e+02   0.0000000000000000e+00   50000         max_evaluations         0.2628    

----- F2  D5  (30 runs)  optimum=1100  target_error=1e-08 -----
Run    Seed          Best_Fitness             Error                    NFEs          Termination             Runtime_s 
1      28240739      1.1825016802714349e+03   8.2501680271435006e+01   50000         max_evaluations         0.3168    
2      29240776      1.2286622550500167e+03   1.2866225505001671e+02   50000         max_evaluations         0.3144    
3      30240813      1.2150323184881386e+03   1.1503231848813860e+02   50000         max_evaluations         0.3329    
4      31240850      1.1745634194977983e+03   7.4563419497798293e+01   50000         max_evaluations         0.2867    
5      32240887      1.1911927594088290e+03   9.1192759408829005e+01   50000         max_evaluations         0.3494    
6      33240924      1.1629294362771138e+03   6.2929436277113801e+01   50000         max_evaluations         0.3172    
7      34240961      1.2106145202340381e+03   1.1061452023403800e+02   50000         max_evaluations         0.3146    
8      35240998      1.2401399296509119e+03   1.4013992965091191e+02   50000         max_evaluations         0.2905    
9      36241035      1.3800449857720646e+03   2.8004498577206459e+02   50000         max_evaluations         0.3338    
10     37241072      1.1912635896234203e+03   9.1263589623420302e+01   50000         max_evaluations         0.3177    
11     38241109      1.2353986984788737e+03   1.3539869847887371e+02   50000         max_evaluations         0.3322    
12     39241146      1.1938092319266850e+03   9.3809231926685001e+01   50000         max_evaluations         0.3170    
13     40241183      1.2141610667489190e+03   1.1416106674891900e+02   50000         max_evaluations         0.3160    
14     41241220      1.1968018410006539e+03   9.6801841000653994e+01   50000         max_evaluations         0.3440    
15     42241257      1.1927039696871741e+03   9.2703969687173995e+01   50000         max_evaluations         0.2605    
16     43241294      1.1857387969308879e+03   8.5738796930888000e+01   50000         max_evaluations         0.2889    
17     44241331      1.2260535585752768e+03   1.2605355857527680e+02   50000         max_evaluations         0.2942    
18     45241368      1.1953494331523068e+03   9.5349433152306801e+01   50000         max_evaluations         0.3492    
19     46241405      1.3409913758586315e+03   2.4099137585863150e+02   50000         max_evaluations         0.3282    
20     47241442      1.2266067064181382e+03   1.2660670641813820e+02   50000         max_evaluations         0.3375    
21     48241479      1.2205327530146660e+03   1.2053275301466600e+02   50000         max_evaluations         0.2892    
22     49241516      1.1419619311311699e+03   4.1961931131169898e+01   50000         max_evaluations         0.3016    
23     50241553      1.2135021009934776e+03   1.1350210099347760e+02   50000         max_evaluations         0.3307    
24     51241590      1.1748638141420388e+03   7.4863814142038805e+01   50000         max_evaluations         0.3209    
25     52241627      1.1552119079201136e+03   5.5211907920113603e+01   50000         max_evaluations         0.3093    
26     53241664      1.1437581738789663e+03   4.3758173878966304e+01   50000         max_evaluations         0.2835    
27     54241701      1.2346252367826760e+03   1.3462523678267601e+02   50000         max_evaluations         0.3248    
28     55241738      1.1541346831943631e+03   5.4134683194362999e+01   50000         max_evaluations         0.3076    
29     56241775      1.1575404555182217e+03   5.7540455518221698e+01   50000         max_evaluations         0.2297    
30     57241812      1.1959253602655483e+03   9.5925360265548306e+01   50000         max_evaluations         0.2170    

----- F3  D5  (30 runs)  optimum=700  target_error=1e-08 -----
Run    Seed          Best_Fitness             Error                    NFEs          Termination             Runtime_s 
1      29240772      7.0659280716706553e+02   6.5928071670654997e+00   50000         max_evaluations         0.2413    
2      30240809      7.0594004028059419e+02   5.9400402805942001e+00   50000         max_evaluations         0.2279    
3      31240846      7.0656644113141851e+02   6.5664411314185003e+00   50000         max_evaluations         0.2468    
4      32240883      7.0789857733197402e+02   7.8985773319739998e+00   50000         max_evaluations         0.2101    
5      33240920      7.0643117614450296e+02   6.4311761445029996e+00   50000         max_evaluations         0.2343    
6      34240957      7.0711961318032377e+02   7.1196131803237996e+00   50000         max_evaluations         0.2508    
7      35240994      7.0643566222435118e+02   6.4356622243511996e+00   50000         max_evaluations         0.2741    
8      36241031      7.0600815183587554e+02   6.0081518358755002e+00   50000         max_evaluations         0.2684    
9      37241068      7.0679334059738562e+02   6.7933405973856003e+00   50000         max_evaluations         0.2735    
10     38241105      7.0796545625050032e+02   7.9654562505003002e+00   50000         max_evaluations         0.2277    
11     39241142      7.0770545610055137e+02   7.7054561005514000e+00   50000         max_evaluations         0.2662    
12     40241179      7.0758019492577728e+02   7.5801949257772998e+00   50000         max_evaluations         0.2727    
13     41241216      7.0761734800610930e+02   7.6173480061093004e+00   50000         max_evaluations         0.2514    
14     42241253      7.0634140888076445e+02   6.3414088807643996e+00   50000         max_evaluations         0.2657    
15     43241290      7.0702640985713379e+02   7.0264098571337996e+00   50000         max_evaluations         0.2688    
16     44241327      7.0785402610158735e+02   7.8540261015874000e+00   50000         max_evaluations         0.2711    
17     45241364      7.0747151221429306e+02   7.4715122142929999e+00   50000         max_evaluations         0.2607    
18     46241401      7.0613641224858293e+02   6.1364122485829000e+00   50000         max_evaluations         0.2438    
19     47241438      7.0702065593955342e+02   7.0206559395534001e+00   50000         max_evaluations         0.2486    
20     48241475      7.0627380668534215e+02   6.2738066853422003e+00   50000         max_evaluations         0.2615    
21     49241512      7.0622642237826017e+02   6.2264223782602004e+00   50000         max_evaluations         0.2802    
22     50241549      7.0846988513626570e+02   8.4698851362657006e+00   50000         max_evaluations         0.2699    
23     51241586      7.0744977078979628e+02   7.4497707897963004e+00   50000         max_evaluations         0.2583    
24     52241623      7.0735817230071325e+02   7.3581723007131998e+00   50000         max_evaluations         0.2524    
25     53241660      7.0724894447531392e+02   7.2489444753139001e+00   50000         max_evaluations         0.2753    
26     54241697      7.0680436812600738e+02   6.8043681260074003e+00   50000         max_evaluations         0.2643    
27     55241734      7.0722454781983868e+02   7.2245478198387003e+00   50000         max_evaluations         0.2644    
28     56241771      7.0722304118676641e+02   7.2230411867663999e+00   50000         max_evaluations         0.2742    
29     57241808      7.0744823784643586e+02   7.4482378464358998e+00   50000         max_evaluations         0.1795    
30     58241845      7.0618954486889857e+02   6.1895448688985999e+00   50000         max_evaluations         0.1857    

----- F4  D5  (30 runs)  optimum=1900  target_error=1e-08 -----
Run    Seed          Best_Fitness             Error                    NFEs          Termination             Runtime_s 
1      30240805      1.9004628190295177e+03   4.6281902951769999e-01   50000         max_evaluations         2.1094    
2      31240842      1.9001733002743320e+03   1.7330027433199999e-01   50000         max_evaluations         2.0555    
3      32240879      1.9002519256751123e+03   2.5192567511230002e-01   50000         max_evaluations         1.9978    
4      33240916      1.9003028688523723e+03   3.0286885237229999e-01   50000         max_evaluations         2.1034    
5      34240953      1.9004960638421551e+03   4.9606384215499999e-01   50000         max_evaluations         2.0834    
6      35240990      1.9004042976582680e+03   4.0429765826800002e-01   50000         max_evaluations         2.0417    
7      36241027      1.9002839875032828e+03   2.8398750328279998e-01   50000         max_evaluations         2.0749    
8      37241064      1.9004132572931378e+03   4.1325729313780002e-01   50000         max_evaluations         2.0824    
9      38241101      1.9004164566462105e+03   4.1645664621049999e-01   50000         max_evaluations         2.0586    
10     39241138      1.9004366567053451e+03   4.3665670534500001e-01   50000         max_evaluations         1.9404    
11     40241175      1.9002498207388539e+03   2.4982073885400000e-01   50000         max_evaluations         2.0513    
12     41241212      1.9004105579613324e+03   4.1055796133240002e-01   50000         max_evaluations         2.1134    
13     42241249      1.9003207928872941e+03   3.2079288729409999e-01   50000         max_evaluations         2.0993    
14     43241286      1.9001124921638632e+03   1.1249216386320000e-01   50000         max_evaluations         2.0554    
15     44241323      1.9004563819896075e+03   4.5638198960749998e-01   50000         max_evaluations         0.3001    
16     45241360      1.9002859789547176e+03   2.8597895471759999e-01   50000         max_evaluations         0.2399    
17     46241397      1.9004158762137304e+03   4.1587621373040001e-01   50000         max_evaluations         0.2592    
18     47241434      1.9002993503191012e+03   2.9935031910120002e-01   50000         max_evaluations         0.3060    
19     48241471      1.9004775459018988e+03   4.7754590189879997e-01   50000         max_evaluations         0.2841    
20     49241508      1.9004245643817364e+03   4.2456438173639999e-01   50000         max_evaluations         0.2679    
21     50241545      1.9003927500829484e+03   3.9275008294840003e-01   50000         max_evaluations         0.2805    
22     51241582      1.9002109419671285e+03   2.1094196712850000e-01   50000         max_evaluations         0.2571    
23     52241619      1.9003325720687844e+03   3.3257206878439999e-01   50000         max_evaluations         0.2502    
24     53241656      1.9004373627710688e+03   4.3736277106880000e-01   50000         max_evaluations         0.2512    
25     54241693      1.9003959369846989e+03   3.9593698469900002e-01   50000         max_evaluations         0.2838    
26     55241730      1.9001908139769857e+03   1.9081397698569999e-01   50000         max_evaluations         0.2717    
27     56241767      1.9002061796799226e+03   2.0617967992260000e-01   50000         max_evaluations         0.2482    
28     57241804      1.9002376201407201e+03   2.3762014072000001e-01   50000         max_evaluations         0.2525    
29     58241841      1.9003234729262360e+03   3.2347292623599999e-01   50000         max_evaluations         0.2183    
30     59241878      1.9003532612657345e+03   3.5326126573450001e-01   50000         max_evaluations         0.1963    

----- F5  D5  (30 runs)  optimum=1700  target_error=1e-08 -----
Run    Seed          Best_Fitness             Error                    NFEs          Termination             Runtime_s 
1      31240838      1.7000000000000000e+03   0.0000000000000000e+00   50000         max_evaluations         2.8977    
2      32240875      1.7000000000000000e+03   0.0000000000000000e+00   50000         max_evaluations         3.0739    
3      33240912      1.7000000000000000e+03   0.0000000000000000e+00   50000         max_evaluations         3.0342    
4      34240949      1.7000000000000000e+03   0.0000000000000000e+00   50000         max_evaluations         3.0778    
5      35240986      1.7000000000000000e+03   0.0000000000000000e+00   50000         max_evaluations         3.0420    
6      36241023      1.7000000000000000e+03   0.0000000000000000e+00   50000         max_evaluations         3.0448    
7      37241060      1.7000000000000000e+03   0.0000000000000000e+00   50000         max_evaluations         3.0838    
8      38241097      1.7000000000000000e+03   0.0000000000000000e+00   50000         max_evaluations         3.0221    
9      39241134      1.7000000000000000e+03   0.0000000000000000e+00   50000         max_evaluations         3.0564    
10     40241171      1.7000000000000000e+03   0.0000000000000000e+00   50000         max_evaluations         3.0344    
11     41241208      1.7000000000000000e+03   0.0000000000000000e+00   50000         max_evaluations         3.1644    
12     42241245      1.7000000000000000e+03   0.0000000000000000e+00   50000         max_evaluations         3.1115    
13     43241282      1.7000000000000000e+03   0.0000000000000000e+00   50000         max_evaluations         3.0338    
14     44241319      1.7000000000000002e+03   0.0000000000000000e+00   50000         max_evaluations         3.0613    
15     45241356      1.7000000000000000e+03   0.0000000000000000e+00   50000         max_evaluations         0.4022    
16     46241393      1.7000000000000000e+03   0.0000000000000000e+00   50000         max_evaluations         0.4063    
17     47241430      1.7000000000000000e+03   0.0000000000000000e+00   50000         max_evaluations         0.3949    
18     48241467      1.7000000000000007e+03   0.0000000000000000e+00   50000         max_evaluations         0.3812    
19     49241504      1.7000000000000000e+03   0.0000000000000000e+00   50000         max_evaluations         0.3524    
20     50241541      1.7000000000000000e+03   0.0000000000000000e+00   50000         max_evaluations         0.3742    
21     51241578      1.7000000000000000e+03   0.0000000000000000e+00   50000         max_evaluations         0.3744    
22     52241615      1.7000000000000030e+03   0.0000000000000000e+00   50000         max_evaluations         0.4372    
23     53241652      1.7000000000000000e+03   0.0000000000000000e+00   50000         max_evaluations         0.3893    
24     54241689      1.7000000000000000e+03   0.0000000000000000e+00   50000         max_evaluations         0.3800    
25     55241726      1.7000000000000000e+03   0.0000000000000000e+00   50000         max_evaluations         0.4132    
26     56241763      1.7000000000000000e+03   0.0000000000000000e+00   50000         max_evaluations         0.3738    
27     57241800      1.7000000000000002e+03   0.0000000000000000e+00   50000         max_evaluations         0.3355    
28     58241837      1.7000000000000000e+03   0.0000000000000000e+00   50000         max_evaluations         0.3317    
29     59241874      1.7006240993205097e+03   6.2409932050969996e-01   50000         max_evaluations         0.2709    
30     60241911      1.7000000000000000e+03   0.0000000000000000e+00   50000         max_evaluations         0.2458    

----- F8  D5  (30 runs)  optimum=2200  target_error=1e-08 -----
Run    Seed          Best_Fitness             Error                    NFEs          Termination             Runtime_s 
1      34240937      2.2000000000000000e+03   0.0000000000000000e+00   50000         max_evaluations         0.5360    
2      35240974      2.2000000000000000e+03   0.0000000000000000e+00   50000         max_evaluations         0.5253    
3      36241011      2.2000000000000000e+03   0.0000000000000000e+00   50000         max_evaluations         0.5589    
4      37241048      2.2000000000000000e+03   0.0000000000000000e+00   50000         max_evaluations         0.5355    
5      38241085      2.2000000000000000e+03   0.0000000000000000e+00   50000         max_evaluations         0.5501    
6      39241122      2.2000000000000005e+03   0.0000000000000000e+00   50000         max_evaluations         0.5259    
7      40241159      2.2000000000000005e+03   0.0000000000000000e+00   50000         max_evaluations         0.5386    
8      41241196      2.2000000000000000e+03   0.0000000000000000e+00   50000         max_evaluations         0.5545    
9      42241233      2.2000000000000000e+03   0.0000000000000000e+00   50000         max_evaluations         0.5459    
10     43241270      2.2000000000000000e+03   0.0000000000000000e+00   50000         max_evaluations         0.5634    
11     44241307      2.2000000000000014e+03   0.0000000000000000e+00   50000         max_evaluations         0.5119    
12     45241344      2.2000000000000000e+03   0.0000000000000000e+00   50000         max_evaluations         0.5426    
13     46241381      2.2000000000000000e+03   0.0000000000000000e+00   50000         max_evaluations         0.5176    
14     47241418      2.2000000000000000e+03   0.0000000000000000e+00   50000         max_evaluations         0.5154    
15     48241455      2.2000000000000000e+03   0.0000000000000000e+00   50000         max_evaluations         0.3933    
16     49241492      2.2000000000000000e+03   0.0000000000000000e+00   50000         max_evaluations         0.4422    
17     50241529      2.2000000000000000e+03   0.0000000000000000e+00   50000         max_evaluations         0.3951    
18     51241566      2.2000000000000000e+03   0.0000000000000000e+00   50000         max_evaluations         0.4293    
19     52241603      2.2000000000000000e+03   0.0000000000000000e+00   50000         max_evaluations         0.4330    
20     53241640      2.2000000000000000e+03   0.0000000000000000e+00   50000         max_evaluations         0.4523    
21     54241677      2.2000000000000000e+03   0.0000000000000000e+00   50000         max_evaluations         0.4197    
22     55241714      2.2000000000000000e+03   0.0000000000000000e+00   50000         max_evaluations         0.4262    
23     56241751      2.2000000000000000e+03   0.0000000000000000e+00   50000         max_evaluations         0.3880    
24     57241788      2.2000000000000000e+03   0.0000000000000000e+00   50000         max_evaluations         0.4427    
25     58241825      2.2000000000000000e+03   0.0000000000000000e+00   50000         max_evaluations         0.4184    
26     59241862      2.2000000000000132e+03   0.0000000000000000e+00   50000         max_evaluations         0.4164    
27     60241899      2.2000000000000000e+03   0.0000000000000000e+00   50000         max_evaluations         0.4193    
28     61241936      2.2000000000000005e+03   0.0000000000000000e+00   50000         max_evaluations         0.3841    
29     62241973      2.2000000000000005e+03   0.0000000000000000e+00   50000         max_evaluations         0.3998    
30     63242010      2.2000000000000000e+03   0.0000000000000000e+00   50000         max_evaluations         0.3949    

----- F9  D5  (30 runs)  optimum=2400  target_error=1e-08 -----
Run    Seed          Best_Fitness             Error                    NFEs          Termination             Runtime_s 
1      35240970      2.5000000000000000e+03   1.0000000000000000e+02   50000         max_evaluations         0.5939    
2      36241007      2.5000000000000000e+03   1.0000000000000000e+02   50000         max_evaluations         0.5144    
3      37241044      2.5000000000000000e+03   1.0000000000000000e+02   50000         max_evaluations         0.5400    
4      38241081      2.5000000000000000e+03   1.0000000000000000e+02   50000         max_evaluations         0.4909    
5      39241118      2.5000000000001046e+03   1.0000000000010461e+02   50000         max_evaluations         0.6626    
6      40241155      2.5000000000000000e+03   1.0000000000000000e+02   50000         max_evaluations         0.4869    
7      41241192      2.5000000000000000e+03   1.0000000000000000e+02   50000         max_evaluations         0.5094    
8      42241229      2.5000000000000000e+03   1.0000000000000000e+02   50000         max_evaluations         0.5053    
9      43241266      2.5000000000000000e+03   1.0000000000000000e+02   50000         max_evaluations         0.6444    
10     44241303      2.5000000000000000e+03   1.0000000000000000e+02   50000         max_evaluations         0.5659    
11     45241340      2.5000000000000000e+03   1.0000000000000000e+02   50000         max_evaluations         0.5272    
12     46241377      2.5000725459567939e+03   1.0007254595679400e+02   50000         max_evaluations         0.5030    
13     47241414      2.5000000000000000e+03   1.0000000000000000e+02   50000         max_evaluations         0.6195    
14     48241451      2.5000000000000000e+03   1.0000000000000000e+02   50000         max_evaluations         0.5680    
15     49241488      2.5000000000000000e+03   1.0000000000000000e+02   50000         max_evaluations         0.4511    
16     50241525      2.5032990064566779e+03   1.0329900645667800e+02   50000         max_evaluations         0.4485    
17     51241562      2.5000000000000000e+03   1.0000000000000000e+02   50000         max_evaluations         0.4344    
18     52241599      2.5000000000000005e+03   1.0000000000000050e+02   50000         max_evaluations         0.5289    
19     53241636      2.5000000000000000e+03   1.0000000000000000e+02   50000         max_evaluations         0.4584    
20     54241673      2.5000000000000000e+03   1.0000000000000000e+02   50000         max_evaluations         0.4570    
21     55241710      2.5000006804407517e+03   1.0000068044075169e+02   50000         max_evaluations         0.4442    
22     56241747      2.5000000000002265e+03   1.0000000000022651e+02   50000         max_evaluations         0.4545    
23     57241784      2.5000000000000000e+03   1.0000000000000000e+02   50000         max_evaluations         0.4739    
24     58241821      2.5000000000000000e+03   1.0000000000000000e+02   50000         max_evaluations         0.4594    
25     59241858      2.5000000000000000e+03   1.0000000000000000e+02   50000         max_evaluations         0.4808    
26     60241895      2.5000000000000000e+03   1.0000000000000000e+02   50000         max_evaluations         0.5007    
27     61241932      2.5000000000125297e+03   1.0000000001252970e+02   50000         max_evaluations         0.4819    
28     62241969      2.5000000000000000e+03   1.0000000000000000e+02   50000         max_evaluations         0.4944    
29     63242006      2.5000000000000000e+03   1.0000000000000000e+02   50000         max_evaluations         0.4945    
30     64242043      2.5000000000000000e+03   1.0000000000000000e+02   50000         max_evaluations         0.4831    

----- F10  D5  (30 runs)  optimum=2500  target_error=1e-08 -----
Run    Seed          Best_Fitness             Error                    NFEs          Termination             Runtime_s 
1      36241003      2.8473669159351875e+03   3.4736691593518748e+02   50000         max_evaluations         0.5629    
2      37241040      2.8473669159351875e+03   3.4736691593518748e+02   50000         max_evaluations         0.5504    
3      38241077      2.8473669159351875e+03   3.4736691593518748e+02   50000         max_evaluations         0.5435    
4      39241114      2.8473669159351875e+03   3.4736691593518748e+02   50000         max_evaluations         0.5449    
5      40241151      2.8473669159351875e+03   3.4736691593518748e+02   50000         max_evaluations         0.5290    
6      41241188      2.8473669159351875e+03   3.4736691593518748e+02   50000         max_evaluations         0.5038    
7      42241225      2.8473669159351875e+03   3.4736691593518748e+02   50000         max_evaluations         0.5927    
8      43241262      2.8473669159351875e+03   3.4736691593518748e+02   50000         max_evaluations         0.5425    
9      44241299      2.8473669159351875e+03   3.4736691593518748e+02   50000         max_evaluations         0.5866    
10     45241336      2.8473669159351875e+03   3.4736691593518748e+02   50000         max_evaluations         0.5666    
11     46241373      2.8473669159351875e+03   3.4736691593518748e+02   50000         max_evaluations         0.5873    
12     47241410      2.8473669159351875e+03   3.4736691593518748e+02   50000         max_evaluations         0.5695    
13     48241447      2.8473669159351875e+03   3.4736691593518748e+02   50000         max_evaluations         0.5628    
14     49241484      2.8473669159351875e+03   3.4736691593518748e+02   50000         max_evaluations         0.5856    
15     50241521      2.8473669159351875e+03   3.4736691593518748e+02   50000         max_evaluations         0.4609    
16     51241558      2.8473669159351875e+03   3.4736691593518748e+02   50000         max_evaluations         0.4978    
17     52241595      2.8473669159351875e+03   3.4736691593518748e+02   50000         max_evaluations         0.4854    
18     53241632      2.8473669159351875e+03   3.4736691593518748e+02   50000         max_evaluations         0.4550    
19     54241669      2.8473669159351875e+03   3.4736691593518748e+02   50000         max_evaluations         0.4929    
20     55241706      2.8473669159351875e+03   3.4736691593518748e+02   50000         max_evaluations         0.4415    
21     56241743      2.8473669159351875e+03   3.4736691593518748e+02   50000         max_evaluations         0.4513    
22     57241780      2.8473669159351875e+03   3.4736691593518748e+02   50000         max_evaluations         0.4621    
23     58241817      2.8453750308191165e+03   3.4537503081911649e+02   50000         max_evaluations         0.4824    
24     59241854      2.8473669159351875e+03   3.4736691593518748e+02   50000         max_evaluations         0.5067    
25     60241891      2.8473669159351875e+03   3.4736691593518748e+02   50000         max_evaluations         0.4545    
26     61241928      2.8473689507395475e+03   3.4736895073954747e+02   50000         max_evaluations         0.4973    
27     62241965      2.8473669159351875e+03   3.4736691593518748e+02   50000         max_evaluations         0.5212    
28     63242002      2.8473669159351875e+03   3.4736691593518748e+02   50000         max_evaluations         0.5006    
29     64242039      2.8473669159351875e+03   3.4736691593518748e+02   50000         max_evaluations         0.4584    
30     65242076      2.8351372108788692e+03   3.3513721087886898e+02   50000         max_evaluations         0.4080    

