==============================================================================================================
DETAILED PER-RUN LOG   MOS-CEC2013LSGO   CEC2013LSGO   D1000
runs per function : 25
functions         : [2 3 4 5 6 7 8 9 10 11 12]
statistics basis  : raw objective
generated         : 2026-07-26_20.18.00
==============================================================================================================

----- F2  D1000  (25 runs)  optimum=nan  target_error=nan -----
Run    Seed          Best_Fitness             Error                    NFEs          Termination             Runtime_s 
1      1023243724    8.7269661374536031e+02   nan                      3000000       max_evaluations         640.3443  
2      1024243761    8.1696228658391408e+02   nan                      3000000       max_evaluations         642.6827  
3      1025243798    8.3607817325303290e+02   nan                      3000000       max_evaluations         632.0620  
4      1026243835    8.1712965165841115e+02   nan                      3000000       max_evaluations         633.2278  
5      1027243872    9.2099120628291223e+02   nan                      3000000       max_evaluations         643.5977  
6      1028243909    8.1928378197505640e+02   nan                      3000000       max_evaluations         642.8955  
7      1029243946    8.2187633746446602e+02   nan                      3000000       max_evaluations         642.4490  
8      1030243983    8.0180508116841531e+02   nan                      3000000       max_evaluations         638.6984  
9      1031244020    8.3221927289943346e+02   nan                      3000000       max_evaluations         637.0791  
10     1032244057    7.9883813669394021e+02   nan                      3000000       max_evaluations         639.6737  
11     1033244094    9.1115736533630377e+02   nan                      3000000       max_evaluations         632.8193  
12     1034244131    8.2744916024538702e+02   nan                      3000000       max_evaluations         632.6668  
13     1035244168    8.5805834440230490e+02   nan                      3000000       max_evaluations         638.9905  
14     1036244205    7.7673317917433326e+02   nan                      3000000       max_evaluations         660.6610  
15     1037244242    8.1802948337538623e+02   nan                      3000000       max_evaluations         654.9928  
16     1038244279    7.8949370710694734e+02   nan                      3000000       max_evaluations         648.9832  
17     1039244316    7.4846893991999468e+02   nan                      3000000       max_evaluations         650.0608  
18     1040244353    7.7710197261497126e+02   nan                      3000000       max_evaluations         664.1907  
19     1041244390    9.1601755257500929e+02   nan                      3000000       max_evaluations         655.0822  
20     1042244427    8.4276908879445614e+02   nan                      3000000       max_evaluations         650.1695  
21     1043244464    8.4204846746620888e+02   nan                      3000000       max_evaluations         653.6064  
22     1044244501    8.7164667751740944e+02   nan                      3000000       max_evaluations         654.8618  
23     1045244538    7.8432048700247174e+02   nan                      3000000       max_evaluations         656.4507  
24     1046244575    8.3414977224442134e+02   nan                      3000000       max_evaluations         659.2988  
25     1047244612    7.9428485568200097e+02   nan                      3000000       max_evaluations         657.0160  

----- F3  D1000  (25 runs)  optimum=nan  target_error=nan -----
Run    Seed          Best_Fitness             Error                    NFEs          Termination             Runtime_s 
1      1024243757    2.0003219993359551e+01   nan                      3000000       max_evaluations         687.8841  
2      1025243794    2.0004339013577713e+01   nan                      3000000       max_evaluations         678.6445  
3      1026243831    2.0004512563481882e+01   nan                      3000000       max_evaluations         674.4923  
4      1027243868    2.0002417019516230e+01   nan                      3000000       max_evaluations         685.4721  
5      1028243905    2.0003677569887632e+01   nan                      3000000       max_evaluations         676.8141  
6      1029243942    2.0003476055470152e+01   nan                      3000000       max_evaluations         687.1064  
7      1030243979    2.0001627647198795e+01   nan                      3000000       max_evaluations         683.8028  
8      1031244016    2.0002892542672747e+01   nan                      3000000       max_evaluations         681.1869  
9      1032244053    2.0001399606380041e+01   nan                      3000000       max_evaluations         680.6753  
10     1033244090    2.0002831711559175e+01   nan                      3000000       max_evaluations         680.6052  
11     1034244127    2.0002558026166426e+01   nan                      3000000       max_evaluations         689.9854  
12     1035244164    2.0009269482607387e+01   nan                      3000000       max_evaluations         690.8854  
13     1036244201    2.0003377986553332e+01   nan                      3000000       max_evaluations         686.7750  
14     1037244238    2.0003132579021006e+01   nan                      3000000       max_evaluations         660.0248  
15     1038244275    2.0004227738441692e+01   nan                      3000000       max_evaluations         660.9853  
16     1039244312    2.0003004955950708e+01   nan                      3000000       max_evaluations         665.6159  
17     1040244349    2.0003916286122852e+01   nan                      3000000       max_evaluations         663.5547  
18     1041244386    2.0003622816188468e+01   nan                      3000000       max_evaluations         662.4662  
19     1042244423    2.0003090181559543e+01   nan                      3000000       max_evaluations         660.8681  
20     1043244460    2.0001863453780558e+01   nan                      3000000       max_evaluations         663.2704  
21     1044244497    2.0002580211339726e+01   nan                      3000000       max_evaluations         666.0583  
22     1045244534    2.0001981662830897e+01   nan                      3000000       max_evaluations         664.4841  
23     1046244571    2.0003217716345539e+01   nan                      3000000       max_evaluations         665.3607  
24     1047244608    2.0003961599251586e+01   nan                      3000000       max_evaluations         663.1824  
25     1048244645    2.0002814323376050e+01   nan                      3000000       max_evaluations         663.4920  

----- F4  D1000  (25 runs)  optimum=nan  target_error=nan -----
Run    Seed          Best_Fitness             Error                    NFEs          Termination             Runtime_s 
1      1025243790    1.8972171900673392e+08   nan                      3000000       max_evaluations         796.3993  
2      1026243827    1.1714718656584682e+08   nan                      3000000       max_evaluations         779.6457  
3      1027243864    1.1951932222758928e+08   nan                      3000000       max_evaluations         784.6929  
4      1028243901    6.9442427961506531e+07   nan                      3000000       max_evaluations         779.8008  
5      1029243938    1.9863342883705732e+08   nan                      3000000       max_evaluations         781.3479  
6      1030243975    1.1455306628148036e+08   nan                      3000000       max_evaluations         782.2875  
7      1031244012    1.1026588093088207e+08   nan                      3000000       max_evaluations         779.9781  
8      1032244049    1.5175990035820758e+08   nan                      3000000       max_evaluations         792.4646  
9      1033244086    9.5700399969653696e+07   nan                      3000000       max_evaluations         791.7175  
10     1034244123    1.0193232248427835e+08   nan                      3000000       max_evaluations         784.6393  
11     1035244160    1.1539239249760737e+08   nan                      3000000       max_evaluations         792.5131  
12     1036244197    1.8280999381451890e+08   nan                      3000000       max_evaluations         789.0286  
13     1037244234    2.0170472312888801e+08   nan                      3000000       max_evaluations         788.9664  
14     1038244271    1.4472277662049484e+08   nan                      3000000       max_evaluations         767.1025  
15     1039244308    1.9634625264857966e+08   nan                      3000000       max_evaluations         771.6899  
16     1040244345    1.1401970101032543e+08   nan                      3000000       max_evaluations         773.7893  
17     1041244382    2.0115015596194080e+08   nan                      3000000       max_evaluations         769.8437  
18     1042244419    1.1872654456113790e+08   nan                      3000000       max_evaluations         768.3724  
19     1043244456    1.4132133770947480e+08   nan                      3000000       max_evaluations         776.2254  
20     1044244493    2.0770229180518857e+08   nan                      3000000       max_evaluations         770.2756  
21     1045244530    2.7930434231366491e+08   nan                      3000000       max_evaluations         772.8966  
22     1046244567    2.3031842264005640e+08   nan                      3000000       max_evaluations         769.9925  
23     1047244604    1.2163351090520342e+08   nan                      3000000       max_evaluations         772.9410  
24     1048244641    1.4213382353978458e+08   nan                      3000000       max_evaluations         770.6071  
25     1049244678    1.6642463832629809e+08   nan                      3000000       max_evaluations         775.0260  

----- F5  D1000  (25 runs)  optimum=nan  target_error=nan -----
Run    Seed          Best_Fitness             Error                    NFEs          Termination             Runtime_s 
1      1026243823    4.4215912383717559e+06   nan                      3000000       max_evaluations         867.7551  
2      1027243860    4.2732525500704041e+06   nan                      3000000       max_evaluations         858.5560  
3      1028243897    6.8420053885116056e+06   nan                      3000000       max_evaluations         848.6281  
4      1029243934    5.2843140150130885e+06   nan                      3000000       max_evaluations         863.6140  
5      1030243971    4.9177842091012057e+06   nan                      3000000       max_evaluations         856.9140  
6      1031244008    6.6601268702806672e+06   nan                      3000000       max_evaluations         850.6811  
7      1032244045    5.1009553160730097e+06   nan                      3000000       max_evaluations         847.1020  
8      1033244082    4.3546468675898695e+06   nan                      3000000       max_evaluations         866.3984  
9      1034244119    5.9323366975977644e+06   nan                      3000000       max_evaluations         873.8808  
10     1035244156    5.2351441925463667e+06   nan                      3000000       max_evaluations         860.7907  
11     1036244193    4.9992079403867833e+06   nan                      3000000       max_evaluations         852.4904  
12     1037244230    4.5427952218210436e+06   nan                      3000000       max_evaluations         855.8034  
13     1038244267    4.9973027160691069e+06   nan                      3000000       max_evaluations         852.9501  
14     1039244304    6.3883321290738387e+06   nan                      3000000       max_evaluations         841.4509  
15     1040244341    5.1980245926832510e+06   nan                      3000000       max_evaluations         837.6303  
16     1041244378    5.8279429156943690e+06   nan                      3000000       max_evaluations         831.6353  
17     1042244415    3.7176968198602325e+06   nan                      3000000       max_evaluations         830.1284  
18     1043244452    6.3915485892570866e+06   nan                      3000000       max_evaluations         851.5659  
19     1044244489    5.2235457119282270e+06   nan                      3000000       max_evaluations         846.7754  
20     1045244526    6.5082027668711264e+06   nan                      3000000       max_evaluations         833.4685  
21     1046244563    4.7200178948852951e+06   nan                      3000000       max_evaluations         834.3158  
22     1047244600    6.0971348284118688e+06   nan                      3000000       max_evaluations         849.7035  
23     1048244637    3.7986108149216580e+06   nan                      3000000       max_evaluations         840.8469  
24     1049244674    5.2440460763111934e+06   nan                      3000000       max_evaluations         845.6343  
25     1050244711    6.6819559590015793e+06   nan                      3000000       max_evaluations         835.1180  

----- F6  D1000  (25 runs)  optimum=nan  target_error=nan -----
Run    Seed          Best_Fitness             Error                    NFEs          Termination             Runtime_s 
1      1027243856    9.9846883683114208e+05   nan                      3000000       max_evaluations         909.2895  
2      1028243893    9.9770909499070956e+05   nan                      3000000       max_evaluations         898.2533  
3      1029243930    9.9973945777349570e+05   nan                      3000000       max_evaluations         898.2476  
4      1030243967    9.9618898422264226e+05   nan                      3000000       max_evaluations         899.8478  
5      1031244004    9.9604104765877803e+05   nan                      3000000       max_evaluations         897.3587  
6      1032244041    1.0103622919341120e+06   nan                      3000000       max_evaluations         897.4393  
7      1033244078    1.0482094597300319e+06   nan                      3000000       max_evaluations         927.6016  
8      1034244115    9.9692695503400534e+05   nan                      3000000       max_evaluations         903.9828  
9      1035244152    1.0178632009222676e+06   nan                      3000000       max_evaluations         916.2317  
10     1036244189    9.9713853309585026e+05   nan                      3000000       max_evaluations         905.0221  
11     1037244226    1.0000464826783851e+06   nan                      3000000       max_evaluations         913.3508  
12     1038244263    1.0030195061035029e+06   nan                      3000000       max_evaluations         910.3448  
13     1039244300    9.9613275222763943e+05   nan                      3000000       max_evaluations         905.0233  
14     1040244337    9.9846686658290494e+05   nan                      3000000       max_evaluations         888.6175  
15     1041244374    9.9861465284179896e+05   nan                      3000000       max_evaluations         879.7590  
16     1042244411    1.0008199722459731e+06   nan                      3000000       max_evaluations         895.5925  
17     1043244448    1.0026851427547138e+06   nan                      3000000       max_evaluations         887.3575  
18     1044244485    1.0254297157073598e+06   nan                      3000000       max_evaluations         894.3902  
19     1045244522    9.9830043132523866e+05   nan                      3000000       max_evaluations         895.0287  
20     1046244559    1.0018026983206617e+06   nan                      3000000       max_evaluations         888.7922  
21     1047244596    1.0010407969105792e+06   nan                      3000000       max_evaluations         903.2408  
22     1048244633    9.9662818935480120e+05   nan                      3000000       max_evaluations         894.3674  
23     1049244670    9.9608822740561084e+05   nan                      3000000       max_evaluations         891.6383  
24     1050244707    9.9801255253937771e+05   nan                      3000000       max_evaluations         890.3338  
25     1051244744    9.9949324859712750e+05   nan                      3000000       max_evaluations         893.0798  

----- F7  D1000  (25 runs)  optimum=nan  target_error=nan -----
Run    Seed          Best_Fitness             Error                    NFEs          Termination             Runtime_s 
1      1028243889    3.4602062880085803e+04   nan                      3000000       max_evaluations         583.6176  
2      1029243926    1.3892165705521025e+04   nan                      3000000       max_evaluations         582.8305  
3      1030243963    4.0362756959208009e+03   nan                      3000000       max_evaluations         588.6817  
4      1031244000    1.6665411842018511e+04   nan                      3000000       max_evaluations         591.3352  
5      1032244037    1.2799398565463407e+04   nan                      3000000       max_evaluations         593.6295  
6      1033244074    3.9552816211055201e+03   nan                      3000000       max_evaluations         585.2378  
7      1034244111    1.3005676035212111e+04   nan                      3000000       max_evaluations         587.5381  
8      1035244148    1.3683198899603904e+04   nan                      3000000       max_evaluations         592.1620  
9      1036244185    1.0510909958055568e+04   nan                      3000000       max_evaluations         587.3103  
10     1037244222    7.4349054298885712e+03   nan                      3000000       max_evaluations         591.5632  
11     1038244259    1.5848663510093689e+04   nan                      3000000       max_evaluations         588.8055  
12     1039244296    2.3517527087216567e+04   nan                      3000000       max_evaluations         588.8846  
13     1040244333    1.1131452317706277e+04   nan                      3000000       max_evaluations         590.7857  
14     1041244370    3.5836166066434598e+03   nan                      3000000       max_evaluations         579.5419  
15     1042244407    1.0166270319708610e+04   nan                      3000000       max_evaluations         575.7033  
16     1043244444    1.4546218794840528e+04   nan                      3000000       max_evaluations         580.4077  
17     1044244481    6.2180246713749011e+03   nan                      3000000       max_evaluations         583.5420  
18     1045244518    2.6985458146027824e+04   nan                      3000000       max_evaluations         578.2657  
19     1046244555    2.2422971913697922e+04   nan                      3000000       max_evaluations         574.4179  
20     1047244592    1.1769838683123717e+04   nan                      3000000       max_evaluations         584.3993  
21     1048244629    7.9784665823092391e+03   nan                      3000000       max_evaluations         582.2029  
22     1049244666    1.0062767859874211e+04   nan                      3000000       max_evaluations         580.2118  
23     1050244703    1.0046720785705456e+04   nan                      3000000       max_evaluations         577.8250  
24     1051244740    1.7885507798112823e+04   nan                      3000000       max_evaluations         581.3993  
25     1052244777    6.3026745253246509e+03   nan                      3000000       max_evaluations         582.3707  

----- F8  D1000  (25 runs)  optimum=nan  target_error=nan -----
Run    Seed          Best_Fitness             Error                    NFEs          Termination             Runtime_s 
1      1029243922    4.3408151001231895e+12   nan                      3000000       max_evaluations         980.4299  
2      1030243959    2.8235641137946479e+12   nan                      3000000       max_evaluations         975.8655  
3      1031243996    4.5219591357515449e+12   nan                      3000000       max_evaluations         973.6394  
4      1032244033    7.7568717558637295e+12   nan                      3000000       max_evaluations         978.7336  
5      1033244070    7.7834544882432490e+12   nan                      3000000       max_evaluations         978.2129  
6      1034244107    2.2999893566502178e+12   nan                      3000000       max_evaluations         977.8905  
7      1035244144    8.3191824517664365e+12   nan                      3000000       max_evaluations         978.4357  
8      1036244181    6.0326107737566211e+12   nan                      3000000       max_evaluations         983.3286  
9      1037244218    1.2662115228018361e+13   nan                      3000000       max_evaluations         987.3645  
10     1038244255    9.0489551978062305e+12   nan                      3000000       max_evaluations         988.3876  
11     1039244292    6.8938590574591553e+12   nan                      3000000       max_evaluations         983.7516  
12     1040244329    1.2210967109836357e+13   nan                      3000000       max_evaluations         986.3323  
13     1041244366    6.0392394674315459e+12   nan                      3000000       max_evaluations         985.5835  
14     1042244403    1.0994735097775334e+13   nan                      3000000       max_evaluations         939.2547  
15     1043244440    1.8882011018024965e+13   nan                      3000000       max_evaluations         940.5208  
16     1044244477    9.4114507848186797e+12   nan                      3000000       max_evaluations         939.5198  
17     1045244514    1.1929492902861432e+13   nan                      3000000       max_evaluations         940.3444  
18     1046244551    2.0778570531010926e+13   nan                      3000000       max_evaluations         937.1150  
19     1047244588    6.1329128667559111e+12   nan                      3000000       max_evaluations         939.9992  
20     1048244625    8.7180075901548652e+12   nan                      3000000       max_evaluations         943.4935  
21     1049244662    3.8297204671405996e+12   nan                      3000000       max_evaluations         943.4958  
22     1050244699    2.4123330680802607e+12   nan                      3000000       max_evaluations         944.9398  
23     1051244736    4.6221738226952734e+12   nan                      3000000       max_evaluations         945.5978  
24     1052244773    1.1194208039571816e+13   nan                      3000000       max_evaluations         945.5399  
25     1053244810    7.3064858571667275e+12   nan                      3000000       max_evaluations         947.4073  

----- F9  D1000  (25 runs)  optimum=nan  target_error=nan -----
Run    Seed          Best_Fitness             Error                    NFEs          Termination             Runtime_s 
1      1030243955    3.0001483867465585e+08   nan                      3000000       max_evaluations         1134.3605 
2      1031243992    3.2813132396739888e+08   nan                      3000000       max_evaluations         1100.0152 
3      1032244029    2.6088360987293714e+08   nan                      3000000       max_evaluations         1121.0314 
4      1033244066    3.5521964253487355e+08   nan                      3000000       max_evaluations         1104.1290 
5      1034244103    3.4712186604207170e+08   nan                      3000000       max_evaluations         1108.2714 
6      1035244140    3.0409896006901354e+08   nan                      3000000       max_evaluations         1098.1328 
7      1036244177    4.0761974902995288e+08   nan                      3000000       max_evaluations         1099.5634 
8      1037244214    3.1744391613257384e+08   nan                      3000000       max_evaluations         1128.4983 
9      1038244251    5.0374768547080880e+08   nan                      3000000       max_evaluations         1109.8548 
10     1039244288    4.3280101703912139e+08   nan                      3000000       max_evaluations         1133.2382 
11     1040244325    3.0839467867902058e+08   nan                      3000000       max_evaluations         1121.0678 
12     1041244362    3.4553082240991426e+08   nan                      3000000       max_evaluations         1114.3287 
13     1042244399    3.4660203738185883e+08   nan                      3000000       max_evaluations         1110.2970 
14     1043244436    3.3216221226923162e+08   nan                      3000000       max_evaluations         1069.5964 
15     1044244473    3.4377585684459543e+08   nan                      3000000       max_evaluations         1079.8300 
16     1045244510    3.6784316777441263e+08   nan                      3000000       max_evaluations         1081.1137 
17     1046244547    3.8222911662809139e+08   nan                      3000000       max_evaluations         1059.6409 
18     1047244584    3.9377616275599426e+08   nan                      3000000       max_evaluations         1076.3074 
19     1048244621    3.0196032119450814e+08   nan                      3000000       max_evaluations         1082.8902 
20     1049244658    3.2177964250117642e+08   nan                      3000000       max_evaluations         1080.5022 
21     1050244695    3.8005272478235888e+08   nan                      3000000       max_evaluations         1090.2616 
22     1051244732    3.4164215571762735e+08   nan                      3000000       max_evaluations         1062.5306 
23     1052244769    3.5139531627443951e+08   nan                      3000000       max_evaluations         1071.3174 
24     1053244806    4.4658641720163047e+08   nan                      3000000       max_evaluations         1063.3026 
25     1054244843    3.6977025507792574e+08   nan                      3000000       max_evaluations         1072.3656 

----- F10  D1000  (25 runs)  optimum=nan  target_error=nan -----
Run    Seed          Best_Fitness             Error                    NFEs          Termination             Runtime_s 
1      1031243988    9.2633395108474791e+07   nan                      3000000       max_evaluations         1198.8307 
2      1032244025    9.3102509027806893e+07   nan                      3000000       max_evaluations         1183.9312 
3      1033244062    9.2740564180244505e+07   nan                      3000000       max_evaluations         1188.7127 
4      1034244099    9.0584333725592375e+07   nan                      3000000       max_evaluations         1180.7710 
5      1035244136    9.4403034591168746e+07   nan                      3000000       max_evaluations         1182.6918 
6      1036244173    9.2398469809244528e+07   nan                      3000000       max_evaluations         1189.1205 
7      1037244210    9.0552813618848398e+07   nan                      3000000       max_evaluations         1191.7840 
8      1038244247    9.3786872845693886e+07   nan                      3000000       max_evaluations         1201.6496 
9      1039244284    9.2003069064594820e+07   nan                      3000000       max_evaluations         1190.7801 
10     1040244321    9.2825790993093133e+07   nan                      3000000       max_evaluations         1212.3665 
11     1041244358    9.3238573026145503e+07   nan                      3000000       max_evaluations         1188.5514 
12     1042244395    9.3156349245178267e+07   nan                      3000000       max_evaluations         1200.4390 
13     1043244432    9.1626756956689641e+07   nan                      3000000       max_evaluations         1197.6396 
14     1044244469    9.0871854352633715e+07   nan                      3000000       max_evaluations         1151.1867 
15     1045244506    9.4165546629431635e+07   nan                      3000000       max_evaluations         1161.0382 
16     1046244543    9.0548351134963974e+07   nan                      3000000       max_evaluations         1146.8594 
17     1047244580    9.0912743778562799e+07   nan                      3000000       max_evaluations         1165.7856 
18     1048244617    9.2217734478235558e+07   nan                      3000000       max_evaluations         1161.0948 
19     1049244654    9.1938107322778225e+07   nan                      3000000       max_evaluations         1160.2462 
20     1050244691    9.3408553692977145e+07   nan                      3000000       max_evaluations         1155.2375 
21     1051244728    9.3948985498574570e+07   nan                      3000000       max_evaluations         1159.9122 
22     1052244765    9.2564618235710055e+07   nan                      3000000       max_evaluations         1164.6397 
23     1053244802    9.2553871075622514e+07   nan                      3000000       max_evaluations         1151.1512 
24     1054244839    9.1022212950463191e+07   nan                      3000000       max_evaluations         1163.9329 
25     1055244876    9.0620800453078970e+07   nan                      3000000       max_evaluations         1157.6032 

----- F11  D1000  (25 runs)  optimum=nan  target_error=nan -----
Run    Seed          Best_Fitness             Error                    NFEs          Termination             Runtime_s 
1      1032244021    6.9808659471597955e+07   nan                      3000000       max_evaluations         999.4595  
2      1033244058    3.0878588938696872e+07   nan                      3000000       max_evaluations         997.2233  
3      1034244095    2.0428643357702762e+07   nan                      3000000       max_evaluations         998.3088  
4      1035244132    4.7042921161544040e+07   nan                      3000000       max_evaluations         992.2496  
5      1036244169    7.4077568252044857e+07   nan                      3000000       max_evaluations         999.5775  
6      1037244206    2.9872864592839468e+07   nan                      3000000       max_evaluations         998.9560  
7      1038244243    7.0732288413404629e+07   nan                      3000000       max_evaluations         998.3495  
8      1039244280    2.4058713528536994e+07   nan                      3000000       max_evaluations         1007.2850 
9      1040244317    9.3044654939652503e+07   nan                      3000000       max_evaluations         999.7345  
10     1041244354    2.8362769815452076e+07   nan                      3000000       max_evaluations         1003.2290 
11     1042244391    2.7482083112892129e+07   nan                      3000000       max_evaluations         1011.6228 
12     1043244428    4.3249021543874823e+07   nan                      3000000       max_evaluations         1005.4624 
13     1044244465    3.3740262379649661e+07   nan                      3000000       max_evaluations         1002.6581 
14     1045244502    3.7844328895174123e+07   nan                      3000000       max_evaluations         961.6292  
15     1046244539    7.3371492841810152e+07   nan                      3000000       max_evaluations         960.6219  
16     1047244576    4.4163160638497256e+07   nan                      3000000       max_evaluations         956.5930  
17     1048244613    5.2048485912376091e+07   nan                      3000000       max_evaluations         958.7748  
18     1049244650    3.9036599689363532e+07   nan                      3000000       max_evaluations         958.1639  
19     1050244687    6.8748619992769584e+07   nan                      3000000       max_evaluations         966.6218  
20     1051244724    6.3648090911401339e+07   nan                      3000000       max_evaluations         956.4370  
21     1052244761    4.4340322671472542e+07   nan                      3000000       max_evaluations         961.2672  
22     1053244798    3.0674900549673315e+07   nan                      3000000       max_evaluations         960.2665  
23     1054244835    2.9354358204346150e+07   nan                      3000000       max_evaluations         963.9791  
24     1055244872    2.8100692478245202e+07   nan                      3000000       max_evaluations         961.4865  
25     1056244909    4.5211559047288880e+07   nan                      3000000       max_evaluations         958.7933  

----- F12  D1000  (25 runs)  optimum=nan  target_error=nan -----
Run    Seed          Best_Fitness             Error                    NFEs          Termination             Runtime_s 
1      1033244054    6.0827191440420972e+02   nan                      3000000       max_evaluations         350.6013  
2      1034244091    7.6273094101511492e+02   nan                      3000000       max_evaluations         338.2398  
3      1035244128    1.7815170180271429e+02   nan                      3000000       max_evaluations         383.4822  
4      1036244165    3.2187418447933146e+02   nan                      3000000       max_evaluations         377.1666  
5      1037244202    5.9588948162404438e+02   nan                      3000000       max_evaluations         374.2815  
6      1038244239    1.2989328604594339e+03   nan                      3000000       max_evaluations         332.1252  
7      1039244276    1.6243656108480482e+02   nan                      3000000       max_evaluations         378.4203  
8      1040244313    2.2338008296632530e+01   nan                      3000000       max_evaluations         374.0582  
9      1041244350    6.8495187333979066e-02   nan                      3000000       max_evaluations         383.8143  
10     1042244387    5.8270823784169770e-02   nan                      3000000       max_evaluations         380.1262  
11     1043244424    2.0127754041824585e+02   nan                      3000000       max_evaluations         382.5493  
12     1044244461    7.6763679011581885e+01   nan                      3000000       max_evaluations         388.7420  
13     1045244498    1.5923837214475939e+03   nan                      3000000       max_evaluations         365.0983  
14     1046244535    6.8199855569939061e+01   nan                      3000000       max_evaluations         370.2153  
15     1047244572    2.4877886250672773e-02   nan                      3000000       max_evaluations         366.7841  
16     1048244609    9.1206525364902211e+02   nan                      3000000       max_evaluations         335.8788  
17     1049244646    3.1774709553711108e+02   nan                      3000000       max_evaluations         371.9174  
18     1050244683    9.3355616209457526e+02   nan                      3000000       max_evaluations         365.5517  
19     1051244720    2.8130834517417662e+02   nan                      3000000       max_evaluations         368.7970  
20     1052244757    1.3615437148690776e+02   nan                      3000000       max_evaluations         369.3429  
21     1053244794    1.5841790812646772e+02   nan                      3000000       max_evaluations         367.4046  
22     1054244831    9.7253691480670184e+01   nan                      3000000       max_evaluations         366.1617  
23     1055244868    8.4926623529919027e+02   nan                      3000000       max_evaluations         342.2964  
24     1056244905    6.3625267223783567e+01   nan                      3000000       max_evaluations         364.6137  
25     1057244942    1.2673665158890759e+02   nan                      3000000       max_evaluations         367.8502  

