==============================================================================================================
DETAILED PER-RUN LOG   SHADE-ILS   CEC2013LSGO   D1000
runs per function : 25
functions         : [2 3 4 5 6 7 8 9 10 11 12]
statistics basis  : raw objective
generated         : 2026-07-27_03.07.37
==============================================================================================================

----- F2  D1000  (25 runs)  optimum=nan  target_error=nan -----
Run    Seed          Best_Fitness             Error                    NFEs          Termination             Runtime_s 
1      1023243724    9.2441279421747231e+02   nan                      3000000       max_evaluations         819.3721  
2      1024243761    9.0863084090767973e+02   nan                      3000000       max_evaluations         813.6358  
3      1025243798    1.1914992265554481e+03   nan                      3000000       max_evaluations         815.6741  
4      1026243835    1.0329853802533139e+03   nan                      3000000       max_evaluations         824.1240  
5      1027243872    9.5235906616068246e+02   nan                      3000000       max_evaluations         807.3941  
6      1028243909    9.3301858643150501e+02   nan                      3000000       max_evaluations         814.6761  
7      1029243946    9.2719672441146588e+02   nan                      3000000       max_evaluations         821.0520  
8      1030243983    1.0190568441133291e+03   nan                      3000000       max_evaluations         820.3634  
9      1031244020    9.0544905640463833e+02   nan                      3000000       max_evaluations         818.0382  
10     1032244057    1.1494142455277281e+03   nan                      3000000       max_evaluations         821.4768  
11     1033244094    9.6189226251825994e+02   nan                      3000000       max_evaluations         818.8112  
12     1034244131    1.1195752624040967e+03   nan                      3000000       max_evaluations         818.7986  
13     1035244168    1.0264961466439916e+03   nan                      3000000       max_evaluations         819.5993  
14     1036244205    1.0705939988893244e+03   nan                      3000000       max_evaluations         849.6216  
15     1037244242    1.0081449888050738e+03   nan                      3000000       max_evaluations         854.1068  
16     1038244279    9.6193027809322848e+02   nan                      3000000       max_evaluations         854.4353  
17     1039244316    9.2672328095087892e+02   nan                      3000000       max_evaluations         871.6643  
18     1040244353    1.1266347367577885e+03   nan                      3000000       max_evaluations         851.9171  
19     1041244390    1.3977545024004689e+03   nan                      3000000       max_evaluations         856.6731  
20     1042244427    9.3024327834471183e+02   nan                      3000000       max_evaluations         853.8751  
21     1043244464    8.8274267561631746e+02   nan                      3000000       max_evaluations         851.2500  
22     1044244501    1.1811073969998124e+03   nan                      3000000       max_evaluations         856.6304  
23     1045244538    1.0642415076514924e+03   nan                      3000000       max_evaluations         865.3260  
24     1046244575    9.1229100470765604e+02   nan                      3000000       max_evaluations         867.9554  
25     1047244612    9.7325632081067181e+02   nan                      3000000       max_evaluations         854.5612  

----- F3  D1000  (25 runs)  optimum=nan  target_error=nan -----
Run    Seed          Best_Fitness             Error                    NFEs          Termination             Runtime_s 
1      1024243757    2.0041917919185465e+01   nan                      3000000       max_evaluations         978.1817  
2      1025243794    2.0068614756502033e+01   nan                      3000000       max_evaluations         973.1903  
3      1026243831    2.0047287220358275e+01   nan                      3000000       max_evaluations         993.3909  
4      1027243868    2.0050725390391296e+01   nan                      3000000       max_evaluations         979.7472  
5      1028243905    2.0046248808408833e+01   nan                      3000000       max_evaluations         878.0564  
6      1029243942    2.0046206790962188e+01   nan                      3000000       max_evaluations         883.9757  
7      1030243979    2.0042294841247593e+01   nan                      3000000       max_evaluations         887.0309  
8      1031244016    2.0039306414684596e+01   nan                      3000000       max_evaluations         882.7640  
9      1032244053    2.0048484361445574e+01   nan                      3000000       max_evaluations         887.6885  
10     1033244090    2.0046935101689094e+01   nan                      3000000       max_evaluations         887.4410  
11     1034244127    2.0042714314238356e+01   nan                      3000000       max_evaluations         976.1270  
12     1035244164    2.0049454795907682e+01   nan                      3000000       max_evaluations         977.0444  
13     1036244201    2.0056868834370224e+01   nan                      3000000       max_evaluations         1002.8789 
14     1037244238    2.0042724685445151e+01   nan                      3000000       max_evaluations         870.3839  
15     1038244275    2.0052791877203187e+01   nan                      3000000       max_evaluations         860.7544  
16     1039244312    2.0068670624048611e+01   nan                      3000000       max_evaluations         862.2369  
17     1040244349    2.0037599046570925e+01   nan                      3000000       max_evaluations         875.9432  
18     1041244386    2.0044233773554485e+01   nan                      3000000       max_evaluations         859.5536  
19     1042244423    2.0049987048550459e+01   nan                      3000000       max_evaluations         862.1970  
20     1043244460    2.0056321482599571e+01   nan                      3000000       max_evaluations         902.9679  
21     1044244497    2.0059147038991711e+01   nan                      3000000       max_evaluations         907.6339  
22     1045244534    2.0049528772498810e+01   nan                      3000000       max_evaluations         915.9049  
23     1046244571    2.0054268088081905e+01   nan                      3000000       max_evaluations         899.5767  
24     1047244608    2.0044422788245157e+01   nan                      3000000       max_evaluations         896.6840  
25     1048244645    2.0057767887686246e+01   nan                      3000000       max_evaluations         898.2394  

----- F4  D1000  (25 runs)  optimum=nan  target_error=nan -----
Run    Seed          Best_Fitness             Error                    NFEs          Termination             Runtime_s 
1      1025243790    1.8772785529797402e+08   nan                      3000000       max_evaluations         807.3893  
2      1026243827    8.8033849906419173e+07   nan                      3000000       max_evaluations         758.9691  
3      1027243864    2.1431144914975300e+08   nan                      3000000       max_evaluations         760.9009  
4      1028243901    1.1772464280789004e+08   nan                      3000000       max_evaluations         764.4469  
5      1029243938    1.5639303681853774e+08   nan                      3000000       max_evaluations         763.6489  
6      1030243975    1.2979453545980392e+08   nan                      3000000       max_evaluations         760.9638  
7      1031244012    1.5902194271980807e+08   nan                      3000000       max_evaluations         764.6822  
8      1032244049    1.9251666064411309e+08   nan                      3000000       max_evaluations         798.9671  
9      1033244086    1.6139801484567267e+08   nan                      3000000       max_evaluations         808.1524  
10     1034244123    1.7043900020154142e+08   nan                      3000000       max_evaluations         802.1718  
11     1035244160    9.4932344868968025e+07   nan                      3000000       max_evaluations         808.7760  
12     1036244197    1.5257236763930979e+08   nan                      3000000       max_evaluations         796.0225  
13     1037244234    1.4208683633118096e+08   nan                      3000000       max_evaluations         803.1181  
14     1038244271    1.1833340316942245e+08   nan                      3000000       max_evaluations         726.9884  
15     1039244308    2.6468002606380120e+08   nan                      3000000       max_evaluations         727.6589  
16     1040244345    2.3051654889410904e+08   nan                      3000000       max_evaluations         725.2633  
17     1041244382    1.6245881782934722e+08   nan                      3000000       max_evaluations         727.0242  
18     1042244419    1.2629242272164577e+08   nan                      3000000       max_evaluations         726.6972  
19     1043244456    1.8390851055924371e+08   nan                      3000000       max_evaluations         728.2288  
20     1044244493    1.3162663792015187e+08   nan                      3000000       max_evaluations         736.5891  
21     1045244530    1.0524679243659785e+08   nan                      3000000       max_evaluations         734.6931  
22     1046244567    1.0219761889636080e+08   nan                      3000000       max_evaluations         734.4882  
23     1047244604    2.3061466048763287e+08   nan                      3000000       max_evaluations         733.1837  
24     1048244641    1.9615971624457100e+08   nan                      3000000       max_evaluations         736.9961  
25     1049244678    9.9963919283374488e+07   nan                      3000000       max_evaluations         731.3678  

----- F5  D1000  (25 runs)  optimum=nan  target_error=nan -----
Run    Seed          Best_Fitness             Error                    NFEs          Termination             Runtime_s 
1      1026243823    1.2498555276021287e+06   nan                      3000000       max_evaluations         1052.7557 
2      1027243860    1.3529191318919284e+06   nan                      3000000       max_evaluations         966.8804  
3      1028243897    1.3328889461661866e+06   nan                      3000000       max_evaluations         971.8182  
4      1029243934    1.4705687273305664e+06   nan                      3000000       max_evaluations         975.6999  
5      1030243971    1.1192157257416197e+06   nan                      3000000       max_evaluations         975.4909  
6      1031244008    1.3983395336728280e+06   nan                      3000000       max_evaluations         979.8513  
7      1032244045    1.1771587472162298e+06   nan                      3000000       max_evaluations         978.4461  
8      1033244082    1.3427706964994140e+06   nan                      3000000       max_evaluations         1051.2585 
9      1034244119    1.3749707700992180e+06   nan                      3000000       max_evaluations         1051.0291 
10     1035244156    1.3782268380972729e+06   nan                      3000000       max_evaluations         1038.6739 
11     1036244193    1.1970948115580985e+06   nan                      3000000       max_evaluations         1043.9631 
12     1037244230    1.1390367678845637e+06   nan                      3000000       max_evaluations         1039.6035 
13     1038244267    1.1627431179783985e+06   nan                      3000000       max_evaluations         1038.6448 
14     1039244304    1.4000869991424251e+06   nan                      3000000       max_evaluations         919.1478  
15     1040244341    9.9570460592465161e+05   nan                      3000000       max_evaluations         920.2530  
16     1041244378    1.5742724228866126e+06   nan                      3000000       max_evaluations         918.0634  
17     1042244415    1.2550251100373110e+06   nan                      3000000       max_evaluations         920.0181  
18     1043244452    1.4146834728997282e+06   nan                      3000000       max_evaluations         923.1074  
19     1044244489    1.0080783650347092e+06   nan                      3000000       max_evaluations         927.2498  
20     1045244526    1.5324572506457916e+06   nan                      3000000       max_evaluations         929.7389  
21     1046244563    1.6254373831398454e+06   nan                      3000000       max_evaluations         927.2321  
22     1047244600    7.9758910390921857e+05   nan                      3000000       max_evaluations         928.9462  
23     1048244637    1.1492888172502366e+06   nan                      3000000       max_evaluations         928.0589  
24     1049244674    1.3910998989461709e+06   nan                      3000000       max_evaluations         924.8175  
25     1050244711    1.0594090511409510e+06   nan                      3000000       max_evaluations         919.8467  

----- F6  D1000  (25 runs)  optimum=nan  target_error=nan -----
Run    Seed          Best_Fitness             Error                    NFEs          Termination             Runtime_s 
1      1027243856    1.0388977588725963e+06   nan                      3000000       max_evaluations         958.0644  
2      1028243893    1.0415306782336347e+06   nan                      3000000       max_evaluations         960.9991  
3      1029243930    1.0373183445707110e+06   nan                      3000000       max_evaluations         959.0690  
4      1030243967    1.0336571824032533e+06   nan                      3000000       max_evaluations         955.4938  
5      1031244004    1.0360210218118231e+06   nan                      3000000       max_evaluations         955.5496  
6      1032244041    1.0373414034616881e+06   nan                      3000000       max_evaluations         956.9689  
7      1033244078    1.0373536531416965e+06   nan                      3000000       max_evaluations         970.3624  
8      1034244115    1.0299709284771120e+06   nan                      3000000       max_evaluations         952.4269  
9      1035244152    1.0421965531736751e+06   nan                      3000000       max_evaluations         951.9375  
10     1036244189    1.0397678226819658e+06   nan                      3000000       max_evaluations         952.1831  
11     1037244226    1.0416107999241179e+06   nan                      3000000       max_evaluations         956.5762  
12     1038244263    1.0325625002493639e+06   nan                      3000000       max_evaluations         956.8865  
13     1039244300    1.0242776155211728e+06   nan                      3000000       max_evaluations         975.6103  
14     1040244337    1.0365921466469285e+06   nan                      3000000       max_evaluations         904.7894  
15     1041244374    1.0287407659299105e+06   nan                      3000000       max_evaluations         899.5254  
16     1042244411    1.0324660589940350e+06   nan                      3000000       max_evaluations         891.4882  
17     1043244448    1.0280126503454833e+06   nan                      3000000       max_evaluations         901.6268  
18     1044244485    1.0312984770515993e+06   nan                      3000000       max_evaluations         902.8271  
19     1045244522    1.0253635762857257e+06   nan                      3000000       max_evaluations         895.3010  
20     1046244559    1.0441054114406535e+06   nan                      3000000       max_evaluations         895.6129  
21     1047244596    1.0227526911731113e+06   nan                      3000000       max_evaluations         904.4498  
22     1048244633    1.0315253962990058e+06   nan                      3000000       max_evaluations         898.3377  
23     1049244670    1.0409249147640528e+06   nan                      3000000       max_evaluations         898.6947  
24     1050244707    1.0319488997542725e+06   nan                      3000000       max_evaluations         899.3464  
25     1051244744    1.0394060553828636e+06   nan                      3000000       max_evaluations         895.3295  

----- F7  D1000  (25 runs)  optimum=nan  target_error=nan -----
Run    Seed          Best_Fitness             Error                    NFEs          Termination             Runtime_s 
1      1028243889    1.5515126679318368e+02   nan                      3000000       max_evaluations         509.1856  
2      1029243926    5.6609834407941207e+01   nan                      3000000       max_evaluations         508.6629  
3      1030243963    1.3326049594355950e+02   nan                      3000000       max_evaluations         509.8655  
4      1031244000    2.5141581939652138e+01   nan                      3000000       max_evaluations         509.8079  
5      1032244037    3.8881569061642310e+01   nan                      3000000       max_evaluations         508.6773  
6      1033244074    3.1181272604572605e+01   nan                      3000000       max_evaluations         513.5001  
7      1034244111    9.8870785857255925e+01   nan                      3000000       max_evaluations         511.2238  
8      1035244148    2.5471748686245295e+01   nan                      3000000       max_evaluations         454.8329  
9      1036244185    3.5978490802941067e+01   nan                      3000000       max_evaluations         454.2629  
10     1037244222    6.4887857971605200e+01   nan                      3000000       max_evaluations         454.2912  
11     1038244259    3.1857605644968316e+01   nan                      3000000       max_evaluations         453.1502  
12     1039244296    4.5767055281245163e+01   nan                      3000000       max_evaluations         454.2643  
13     1040244333    7.1228079797739001e+00   nan                      3000000       max_evaluations         453.0962  
14     1041244370    7.6110785682933823e+01   nan                      3000000       max_evaluations         447.2082  
15     1042244407    1.1321600362927202e+02   nan                      3000000       max_evaluations         445.4153  
16     1043244444    5.6159740399210278e+01   nan                      3000000       max_evaluations         446.3161  
17     1044244481    3.6585501177581321e+01   nan                      3000000       max_evaluations         448.0399  
18     1045244518    6.4248208542203656e+01   nan                      3000000       max_evaluations         445.3029  
19     1046244555    1.3872408995315402e+02   nan                      3000000       max_evaluations         449.0145  
20     1047244592    3.0461833272966562e+01   nan                      3000000       max_evaluations         444.1151  
21     1048244629    2.1672958955895599e+01   nan                      3000000       max_evaluations         442.7734  
22     1049244666    5.0444142015252322e+02   nan                      3000000       max_evaluations         445.3657  
23     1050244703    1.7581353424238134e+01   nan                      3000000       max_evaluations         445.3096  
24     1051244740    2.2924817975215820e+01   nan                      3000000       max_evaluations         443.1585  
25     1052244777    1.0302404442631651e+01   nan                      3000000       max_evaluations         442.8392  

----- F8  D1000  (25 runs)  optimum=nan  target_error=nan -----
Run    Seed          Best_Fitness             Error                    NFEs          Termination             Runtime_s 
1      1029243922    3.5997180752984235e+11   nan                      3000000       max_evaluations         1082.3459 
2      1030243959    4.4904410100377795e+11   nan                      3000000       max_evaluations         1004.8953 
3      1031243996    3.9499309828413654e+11   nan                      3000000       max_evaluations         999.3945  
4      1032244033    1.3821729119546741e+11   nan                      3000000       max_evaluations         1004.5206 
5      1033244070    3.2411197866821869e+11   nan                      3000000       max_evaluations         1004.2627 
6      1034244107    1.3402735957573891e+11   nan                      3000000       max_evaluations         1006.5921 
7      1035244144    4.1613677330225655e+10   nan                      3000000       max_evaluations         993.7048  
8      1036244181    1.7370980098163712e+11   nan                      3000000       max_evaluations         1081.1762 
9      1037244218    2.8509421855241985e+10   nan                      3000000       max_evaluations         1096.5096 
10     1038244255    9.0509558986612686e+10   nan                      3000000       max_evaluations         1081.6611 
11     1039244292    5.2538564053736182e+11   nan                      3000000       max_evaluations         1079.0275 
12     1040244329    3.6506842618111597e+11   nan                      3000000       max_evaluations         1092.9003 
13     1041244366    4.0818754659028516e+11   nan                      3000000       max_evaluations         1077.9201 
14     1042244403    4.0849087703795215e+11   nan                      3000000       max_evaluations         968.3025  
15     1043244440    7.0159505309191727e+10   nan                      3000000       max_evaluations         960.6591  
16     1044244477    7.2015281550352509e+10   nan                      3000000       max_evaluations         959.3454  
17     1045244514    9.6965589768152618e+10   nan                      3000000       max_evaluations         965.8289  
18     1046244551    2.6780684994948624e+11   nan                      3000000       max_evaluations         967.9328  
19     1047244588    1.5193060827594284e+11   nan                      3000000       max_evaluations         958.8715  
20     1048244625    6.7053516893293005e+11   nan                      3000000       max_evaluations         959.6645  
21     1049244662    6.0212489582893196e+10   nan                      3000000       max_evaluations         966.0657  
22     1050244699    7.8207267651727075e+11   nan                      3000000       max_evaluations         954.5114  
23     1051244736    3.7262166359658698e+11   nan                      3000000       max_evaluations         955.7991  
24     1052244773    6.0488941028946953e+10   nan                      3000000       max_evaluations         964.0311  
25     1053244810    1.3267788716220115e+12   nan                      3000000       max_evaluations         954.0859  

----- F9  D1000  (25 runs)  optimum=nan  target_error=nan -----
Run    Seed          Best_Fitness             Error                    NFEs          Termination             Runtime_s 
1      1030243955    1.5883837491111195e+08   nan                      3000000       max_evaluations         1321.3546 
2      1031243992    1.6794884422036904e+08   nan                      3000000       max_evaluations         1229.9870 
3      1032244029    1.4763511842886528e+08   nan                      3000000       max_evaluations         1230.1657 
4      1033244066    1.8508231316163227e+08   nan                      3000000       max_evaluations         1231.1100 
5      1034244103    1.7693807782164118e+08   nan                      3000000       max_evaluations         1230.8106 
6      1035244140    1.3937791628282773e+08   nan                      3000000       max_evaluations         1229.8123 
7      1036244177    1.6405141481210476e+08   nan                      3000000       max_evaluations         1238.9051 
8      1037244214    1.5968848825790858e+08   nan                      3000000       max_evaluations         1304.6736 
9      1038244251    1.8304537243177101e+08   nan                      3000000       max_evaluations         1311.2082 
10     1039244288    1.9341950541646698e+08   nan                      3000000       max_evaluations         1305.8770 
11     1040244325    1.6142175599194613e+08   nan                      3000000       max_evaluations         1327.1692 
12     1041244362    1.4408802899903479e+08   nan                      3000000       max_evaluations         1305.5083 
13     1042244399    1.7435789107188717e+08   nan                      3000000       max_evaluations         1317.2938 
14     1043244436    1.6650126882900035e+08   nan                      3000000       max_evaluations         1195.5283 
15     1044244473    1.4569696710734749e+08   nan                      3000000       max_evaluations         1194.1459 
16     1045244510    1.7494081760168839e+08   nan                      3000000       max_evaluations         1193.9709 
17     1046244547    1.5089368577517867e+08   nan                      3000000       max_evaluations         1193.8517 
18     1047244584    1.4007097148116565e+08   nan                      3000000       max_evaluations         1191.8871 
19     1048244621    1.3826882210490113e+08   nan                      3000000       max_evaluations         1202.6083 
20     1049244658    1.6799700045718426e+08   nan                      3000000       max_evaluations         1200.3536 
21     1050244695    1.7293651865885678e+08   nan                      3000000       max_evaluations         1198.8711 
22     1051244732    1.5981684241731489e+08   nan                      3000000       max_evaluations         1194.8967 
23     1052244769    1.3450151623732400e+08   nan                      3000000       max_evaluations         1191.9271 
24     1053244806    1.3908914240102577e+08   nan                      3000000       max_evaluations         1191.8432 
25     1054244843    1.8043754141564515e+08   nan                      3000000       max_evaluations         1192.6193 

----- F10  D1000  (25 runs)  optimum=nan  target_error=nan -----
Run    Seed          Best_Fitness             Error                    NFEs          Termination             Runtime_s 
1      1031243988    9.3190213337638035e+07   nan                      3000000       max_evaluations         1306.6498 
2      1032244025    9.2517985201044723e+07   nan                      3000000       max_evaluations         1296.2902 
3      1033244062    9.1305175916830838e+07   nan                      3000000       max_evaluations         1301.9055 
4      1034244099    9.2392327882606253e+07   nan                      3000000       max_evaluations         1306.5408 
5      1035244136    9.2279015556595996e+07   nan                      3000000       max_evaluations         1303.0625 
6      1036244173    9.2334200964621052e+07   nan                      3000000       max_evaluations         1299.6773 
7      1037244210    9.0946343937786534e+07   nan                      3000000       max_evaluations         1323.9736 
8      1038244247    9.2816711854235590e+07   nan                      3000000       max_evaluations         1300.7990 
9      1039244284    9.3187275182646483e+07   nan                      3000000       max_evaluations         1292.2947 
10     1040244321    9.2844911509032607e+07   nan                      3000000       max_evaluations         1303.3446 
11     1041244358    9.2071977354467452e+07   nan                      3000000       max_evaluations         1288.8009 
12     1042244395    9.2154329778825134e+07   nan                      3000000       max_evaluations         1294.1744 
13     1043244432    9.2251022605123118e+07   nan                      3000000       max_evaluations         1303.4051 
14     1044244469    9.3108912547793761e+07   nan                      3000000       max_evaluations         1232.7836 
15     1045244506    9.2127930824378997e+07   nan                      3000000       max_evaluations         1229.0875 
16     1046244543    9.1885555994563773e+07   nan                      3000000       max_evaluations         1232.9590 
17     1047244580    9.2778380116820484e+07   nan                      3000000       max_evaluations         1234.8859 
18     1048244617    9.2740209327234536e+07   nan                      3000000       max_evaluations         1236.5013 
19     1049244654    9.2218275742977887e+07   nan                      3000000       max_evaluations         1232.9448 
20     1050244691    9.2818443444001272e+07   nan                      3000000       max_evaluations         1231.7810 
21     1051244728    9.2679466325479925e+07   nan                      3000000       max_evaluations         1238.8118 
22     1052244765    9.2589487497048005e+07   nan                      3000000       max_evaluations         1231.2390 
23     1053244802    9.1670198239171654e+07   nan                      3000000       max_evaluations         1236.2335 
24     1054244839    9.2753070953065097e+07   nan                      3000000       max_evaluations         1227.8563 
25     1055244876    9.2423051301313832e+07   nan                      3000000       max_evaluations         1230.1891 

----- F11  D1000  (25 runs)  optimum=nan  target_error=nan -----
Run    Seed          Best_Fitness             Error                    NFEs          Termination             Runtime_s 
1      1032244021    8.7630434589810856e+05   nan                      3000000       max_evaluations         1011.6449 
2      1033244058    4.2187006083415350e+05   nan                      3000000       max_evaluations         998.4767  
3      1034244095    2.6896010869817954e+05   nan                      3000000       max_evaluations         1002.6707 
4      1035244132    6.5728569923396665e+05   nan                      3000000       max_evaluations         1008.0737 
5      1036244169    5.1802803527950600e+05   nan                      3000000       max_evaluations         1009.4363 
6      1037244206    3.3780448963408574e+05   nan                      3000000       max_evaluations         1013.4754 
7      1038244243    4.6628963799639762e+05   nan                      3000000       max_evaluations         1000.7247 
8      1039244280    2.3955474467899441e+05   nan                      3000000       max_evaluations         1025.5643 
9      1040244317    3.7947706717687432e+05   nan                      3000000       max_evaluations         1006.2742 
10     1041244354    2.7134963060697279e+05   nan                      3000000       max_evaluations         1012.5610 
11     1042244391    4.3270054410210415e+05   nan                      3000000       max_evaluations         1003.7713 
12     1043244428    2.8102192613464082e+05   nan                      3000000       max_evaluations         1001.3900 
13     1044244465    3.6765997104861873e+05   nan                      3000000       max_evaluations         1016.7132 
14     1045244502    5.5944276431386184e+05   nan                      3000000       max_evaluations         959.5114  
15     1046244539    4.1593278977415140e+05   nan                      3000000       max_evaluations         962.1577  
16     1047244576    3.8275121342771180e+05   nan                      3000000       max_evaluations         955.8984  
17     1048244613    6.3345061236717494e+05   nan                      3000000       max_evaluations         958.6746  
18     1049244650    6.2176693128234136e+05   nan                      3000000       max_evaluations         959.6419  
19     1050244687    2.8201414516986761e+05   nan                      3000000       max_evaluations         956.5866  
20     1051244724    7.6275633345490508e+05   nan                      3000000       max_evaluations         957.8171  
21     1052244761    1.0900213465889876e+06   nan                      3000000       max_evaluations         918.2212  
22     1053244798    3.2825611193720455e+05   nan                      3000000       max_evaluations         912.4820  
23     1054244835    5.4231252825508942e+05   nan                      3000000       max_evaluations         915.2963  
24     1055244872    4.0483329326605127e+05   nan                      3000000       max_evaluations         911.9896  
25     1056244909    4.9768992563590332e+05   nan                      3000000       max_evaluations         912.4074  

----- F12  D1000  (25 runs)  optimum=nan  target_error=nan -----
Run    Seed          Best_Fitness             Error                    NFEs          Termination             Runtime_s 
1      1033244054    7.2567267415027294e-11   nan                      3000000       max_evaluations         192.6680  
2      1034244091    1.5268703091721866e-20   nan                      3000000       max_evaluations         212.5050  
3      1035244128    7.4863799854182309e+02   nan                      3000000       max_evaluations         206.1759  
4      1036244165    2.9123187248758493e-12   nan                      3000000       max_evaluations         199.8450  
5      1037244202    3.9866238544844959e+00   nan                      3000000       max_evaluations         196.9920  
6      1038244239    3.5578214804938171e-18   nan                      3000000       max_evaluations         201.3307  
7      1039244276    3.7603099455796257e-11   nan                      3000000       max_evaluations         214.7000  
8      1040244313    3.9866238558857039e+00   nan                      3000000       max_evaluations         219.5152  
9      1041244350    3.9357212601088528e-08   nan                      3000000       max_evaluations         225.5803  
10     1042244387    3.9866238543406665e+00   nan                      3000000       max_evaluations         221.0685  
11     1043244424    1.3412514225389575e-12   nan                      3000000       max_evaluations         224.4849  
12     1044244461    3.9866238543601384e+00   nan                      3000000       max_evaluations         221.4850  
13     1045244498    1.7837904608111554e-20   nan                      3000000       max_evaluations         208.0793  
14     1046244535    1.0184171099946614e-20   nan                      3000000       max_evaluations         179.9657  
15     1047244572    3.9866238600172288e+00   nan                      3000000       max_evaluations         194.5682  
16     1048244609    5.5835587871390479e-11   nan                      3000000       max_evaluations         191.1793  
17     1049244646    3.9866238544592236e+00   nan                      3000000       max_evaluations         192.5074  
18     1050244683    5.4321332667331229e-19   nan                      3000000       max_evaluations         189.0725  
19     1051244720    4.4733118080438217e-06   nan                      3000000       max_evaluations         197.8572  
20     1052244757    1.3174475923323468e-11   nan                      3000000       max_evaluations         187.9183  
21     1053244794    3.9866238584182332e+00   nan                      3000000       max_evaluations         193.7620  
22     1054244831    2.5206086293395495e+02   nan                      3000000       max_evaluations         192.0662  
23     1055244868    4.9353621046119320e-19   nan                      3000000       max_evaluations         187.5888  
24     1056244905    4.1191145003690053e-21   nan                      3000000       max_evaluations         185.8576  
25     1057244942    9.1615108720241733e-18   nan                      3000000       max_evaluations         189.9476  

