==============================================================================================================
DETAILED PER-RUN LOG   DT-GSK   CEC2013LSGO   D1000
runs per function : 25
functions         : [5 6 7 8 9 10 11 12 15]
statistics basis  : raw objective
generated         : 2026-07-26_10.14.51
==============================================================================================================

----- F5  D1000  (25 runs)  optimum=nan  target_error=nan -----
Run    Seed          Best_Fitness             Error                    NFEs          Termination             Runtime_s 
1      1026243823    2.8881003995723845e+06   nan                      3000000       max_evaluations         1986.3971 
2      1027243860    2.4764084394326331e+06   nan                      3000000       max_evaluations         1976.3561 
3      1028243897    2.7303437080883244e+06   nan                      3000000       max_evaluations         1977.9789 
4      1029243934    2.9053300681155147e+06   nan                      3000000       max_evaluations         1986.2077 
5      1030243971    2.7326484143292438e+06   nan                      3000000       max_evaluations         2069.9736 
6      1031244008    2.6898155893189642e+06   nan                      3000000       max_evaluations         2072.5614 
7      1032244045    3.0874119094035239e+06   nan                      3000000       max_evaluations         2066.1257 
8      1033244082    3.0014824600786339e+06   nan                      3000000       max_evaluations         1975.6674 
9      1034244119    2.3189142089268342e+06   nan                      3000000       max_evaluations         1982.1257 
10     1035244156    2.5627183886169703e+06   nan                      3000000       max_evaluations         1976.1123 
11     1036244193    2.2891870238900669e+06   nan                      3000000       max_evaluations         2073.4160 
12     1037244230    2.6490436913942471e+06   nan                      3000000       max_evaluations         2070.5186 
13     1038244267    2.4238432324544322e+06   nan                      3000000       max_evaluations         2071.4838 
14     1039244304    2.4631062655598097e+06   nan                      3000000       max_evaluations         1662.9500 
15     1040244341    2.8558320399477188e+06   nan                      3000000       max_evaluations         1660.7186 
16     1041244378    3.3139012852326552e+06   nan                      3000000       max_evaluations         1668.1897 
17     1042244415    2.4429939984425586e+06   nan                      3000000       max_evaluations         1670.2850 
18     1043244452    3.1102804569222885e+06   nan                      3000000       max_evaluations         1660.4953 
19     1044244489    2.9083846158702243e+06   nan                      3000000       max_evaluations         1671.0553 
20     1045244526    2.7556618833588660e+06   nan                      3000000       max_evaluations         1663.9289 
21     1046244563    2.5131079133452908e+06   nan                      3000000       max_evaluations         1690.6687 
22     1047244600    2.9039718908176133e+06   nan                      3000000       max_evaluations         1687.9750 
23     1048244637    2.4852526990657728e+06   nan                      3000000       max_evaluations         1688.1031 
24     1049244674    2.6253453103784192e+06   nan                      3000000       max_evaluations         1690.7149 
25     1050244711    2.7245623988787755e+06   nan                      3000000       max_evaluations         1686.2193 

----- F6  D1000  (25 runs)  optimum=nan  target_error=nan -----
Run    Seed          Best_Fitness             Error                    NFEs          Termination             Runtime_s 
1      1027243856    1.0557776419238816e+06   nan                      3000000       max_evaluations         1523.2076 
2      1028243893    1.0579139943944304e+06   nan                      3000000       max_evaluations         1432.8824 
3      1029243930    1.0503973827172350e+06   nan                      3000000       max_evaluations         1430.3340 
4      1030243967    1.0567997684005583e+06   nan                      3000000       max_evaluations         1429.5998 
5      1031244004    1.0557223443151000e+06   nan                      3000000       max_evaluations         1434.9656 
6      1032244041    1.0465757685804386e+06   nan                      3000000       max_evaluations         1426.4355 
7      1033244078    1.0510683403973340e+06   nan                      3000000       max_evaluations         1410.7947 
8      1034244115    1.0555957811229390e+06   nan                      3000000       max_evaluations         1429.6884 
9      1035244152    1.0444393510946907e+06   nan                      3000000       max_evaluations         1554.4559 
10     1036244189    1.0511504967407796e+06   nan                      3000000       max_evaluations         1552.6071 
11     1037244226    1.0510501571675285e+06   nan                      3000000       max_evaluations         1564.2032 
12     1038244263    1.0580129192896369e+06   nan                      3000000       max_evaluations         1535.3216 
13     1039244300    1.0559537346948155e+06   nan                      3000000       max_evaluations         1518.2611 
14     1040244337    1.0548587932762529e+06   nan                      3000000       max_evaluations         1581.6015 
15     1041244374    1.0606630242228205e+06   nan                      3000000       max_evaluations         1559.6945 
16     1042244411    1.0564990036735062e+06   nan                      3000000       max_evaluations         1608.4811 
17     1043244448    1.0522830066508546e+06   nan                      3000000       max_evaluations         1592.7174 
18     1044244485    1.0547169107023620e+06   nan                      3000000       max_evaluations         1562.7648 
19     1045244522    1.0524742581033190e+06   nan                      3000000       max_evaluations         1582.1912 
20     1046244559    1.0596344959987123e+06   nan                      3000000       max_evaluations         1587.0122 
21     1047244596    1.0575641081495124e+06   nan                      3000000       max_evaluations         1615.5530 
22     1048244633    1.0512475690609710e+06   nan                      3000000       max_evaluations         1605.9304 
23     1049244670    1.0553843992952686e+06   nan                      3000000       max_evaluations         1576.5868 
24     1050244707    1.0578005803317975e+06   nan                      3000000       max_evaluations         1572.3123 
25     1051244744    1.0516589584502417e+06   nan                      3000000       max_evaluations         1602.6344 

----- F7  D1000  (25 runs)  optimum=nan  target_error=nan -----
Run    Seed          Best_Fitness             Error                    NFEs          Termination             Runtime_s 
1      1028243889    1.1062552030612753e+08   nan                      3000000       max_evaluations         1670.9969 
2      1029243926    1.8174650884465781e+08   nan                      3000000       max_evaluations         1593.2222 
3      1030243963    1.3262891778272192e+08   nan                      3000000       max_evaluations         1594.3894 
4      1031244000    1.5892625954994082e+08   nan                      3000000       max_evaluations         1598.9616 
5      1032244037    1.9707042942567402e+08   nan                      3000000       max_evaluations         1582.9604 
6      1033244074    1.9698127730976605e+08   nan                      3000000       max_evaluations         1601.4548 
7      1034244111    1.9050744136325219e+08   nan                      3000000       max_evaluations         1567.8490 
8      1035244148    3.2908504838780755e+08   nan                      3000000       max_evaluations         1558.5151 
9      1036244185    2.0717512387965477e+08   nan                      3000000       max_evaluations         1658.5212 
10     1037244222    1.5076594440331808e+08   nan                      3000000       max_evaluations         1683.3490 
11     1038244259    1.5424049918914089e+08   nan                      3000000       max_evaluations         1665.2399 
12     1039244296    1.4640056691193378e+08   nan                      3000000       max_evaluations         1664.9368 
13     1040244333    2.1047684909648415e+08   nan                      3000000       max_evaluations         1662.3595 
14     1041244370    1.5401924682615849e+08   nan                      3000000       max_evaluations         1414.1073 
15     1042244407    1.5087738169524252e+08   nan                      3000000       max_evaluations         1411.9447 
16     1043244444    1.6725283098056358e+08   nan                      3000000       max_evaluations         1410.8860 
17     1044244481    2.2107176450110921e+08   nan                      3000000       max_evaluations         1401.5876 
18     1045244518    1.6367964444511157e+08   nan                      3000000       max_evaluations         1409.2667 
19     1046244555    1.7748154639014727e+08   nan                      3000000       max_evaluations         1406.8138 
20     1047244592    1.7222317606399506e+08   nan                      3000000       max_evaluations         1413.2306 
21     1048244629    1.5755823367826986e+08   nan                      3000000       max_evaluations         1422.0831 
22     1049244666    2.3288230094030857e+08   nan                      3000000       max_evaluations         1406.4503 
23     1050244703    1.5926563519046861e+08   nan                      3000000       max_evaluations         1416.0603 
24     1051244740    1.1174039137843060e+08   nan                      3000000       max_evaluations         1421.4809 
25     1052244777    1.6794145458493388e+08   nan                      3000000       max_evaluations         1411.5072 

----- F8  D1000  (25 runs)  optimum=nan  target_error=nan -----
Run    Seed          Best_Fitness             Error                    NFEs          Termination             Runtime_s 
1      1029243922    2.9295418318988098e+10   nan                      3000000       max_evaluations         2616.2057 
2      1030243959    4.0596327515647110e+10   nan                      3000000       max_evaluations         2601.1477 
3      1031243996    3.0420037625658443e+10   nan                      3000000       max_evaluations         2648.7514 
4      1032244033    3.6665358664027275e+10   nan                      3000000       max_evaluations         2592.6483 
5      1033244070    4.5102579387296364e+10   nan                      3000000       max_evaluations         2633.8437 
6      1034244107    2.3723367224691475e+10   nan                      3000000       max_evaluations         2625.5573 
7      1035244144    2.8725076472403709e+10   nan                      3000000       max_evaluations         2618.7337 
8      1036244181    3.2433568676643982e+10   nan                      3000000       max_evaluations         2654.7102 
9      1037244218    3.6519291542040108e+10   nan                      3000000       max_evaluations         2637.7815 
10     1038244255    2.5219989576244335e+10   nan                      3000000       max_evaluations         2661.7853 
11     1039244292    3.7589006608907455e+10   nan                      3000000       max_evaluations         2602.3312 
12     1040244329    3.8384595905501732e+10   nan                      3000000       max_evaluations         2621.9158 
13     1041244366    3.0057414076810436e+10   nan                      3000000       max_evaluations         2624.9389 
14     1042244403    2.6364526878895802e+10   nan                      3000000       max_evaluations         1807.3002 
15     1043244440    4.1602763959857422e+10   nan                      3000000       max_evaluations         1809.9145 
16     1044244477    4.2544838698078835e+10   nan                      3000000       max_evaluations         1900.3661 
17     1045244514    3.7391592095013565e+10   nan                      3000000       max_evaluations         1848.5129 
18     1046244551    3.4310560537427696e+10   nan                      3000000       max_evaluations         1816.7625 
19     1047244588    3.8139632056344307e+10   nan                      3000000       max_evaluations         1861.4914 
20     1048244625    3.4748774907164497e+10   nan                      3000000       max_evaluations         1881.8540 
21     1049244662    3.0436185078426304e+10   nan                      3000000       max_evaluations         1782.1516 
22     1050244699    3.1810441193744759e+10   nan                      3000000       max_evaluations         1832.7435 
23     1051244736    3.7332300936786781e+10   nan                      3000000       max_evaluations         1880.3920 
24     1052244773    3.3920257815953163e+10   nan                      3000000       max_evaluations         1754.4228 
25     1053244810    3.1604249177067997e+10   nan                      3000000       max_evaluations         1774.8211 

----- F9  D1000  (25 runs)  optimum=nan  target_error=nan -----
Run    Seed          Best_Fitness             Error                    NFEs          Termination             Runtime_s 
1      1030243955    2.8987634677601409e+08   nan                      3000000       max_evaluations         2036.2896 
2      1031243992    2.7513046436688769e+08   nan                      3000000       max_evaluations         1866.0450 
3      1032244029    2.6899040910554391e+08   nan                      3000000       max_evaluations         1867.1177 
4      1033244066    2.7991141980682099e+08   nan                      3000000       max_evaluations         1864.0057 
5      1034244103    2.5562640054145873e+08   nan                      3000000       max_evaluations         1872.4278 
6      1035244140    2.6170904143472031e+08   nan                      3000000       max_evaluations         1861.0467 
7      1036244177    2.6724422074927682e+08   nan                      3000000       max_evaluations         1864.2248 
8      1037244214    2.6760584329750243e+08   nan                      3000000       max_evaluations         2045.8483 
9      1038244251    2.8355502145326221e+08   nan                      3000000       max_evaluations         1860.4184 
10     1039244288    2.6980603816173297e+08   nan                      3000000       max_evaluations         2034.1846 
11     1040244325    2.7621622764488977e+08   nan                      3000000       max_evaluations         2037.7730 
12     1041244362    2.5885810997830233e+08   nan                      3000000       max_evaluations         2044.2519 
13     1042244399    2.5408750364617398e+08   nan                      3000000       max_evaluations         2037.1553 
14     1043244436    2.5481985835760975e+08   nan                      3000000       max_evaluations         1811.0285 
15     1044244473    2.5396245124183866e+08   nan                      3000000       max_evaluations         1820.4123 
16     1045244510    2.4530981544261268e+08   nan                      3000000       max_evaluations         1819.4873 
17     1046244547    2.6998062792998213e+08   nan                      3000000       max_evaluations         1813.7494 
18     1047244584    2.7770424998224109e+08   nan                      3000000       max_evaluations         1808.0503 
19     1048244621    2.6179281553018007e+08   nan                      3000000       max_evaluations         1814.1503 
20     1049244658    2.7505329019195390e+08   nan                      3000000       max_evaluations         1816.7888 
21     1050244695    2.7815815298796129e+08   nan                      3000000       max_evaluations         1852.0031 
22     1051244732    3.0499070126474273e+08   nan                      3000000       max_evaluations         1856.3001 
23     1052244769    2.9770325348507422e+08   nan                      3000000       max_evaluations         1857.9878 
24     1053244806    2.3612454332107422e+08   nan                      3000000       max_evaluations         1857.7497 
25     1054244843    2.3835927573575866e+08   nan                      3000000       max_evaluations         1850.5307 

----- F10  D1000  (25 runs)  optimum=nan  target_error=nan -----
Run    Seed          Best_Fitness             Error                    NFEs          Termination             Runtime_s 
1      1031243988    9.2533443714085281e+07   nan                      3000000       max_evaluations         1675.9022 
2      1032244025    9.3659975622015983e+07   nan                      3000000       max_evaluations         1514.2887 
3      1033244062    9.3117885357970893e+07   nan                      3000000       max_evaluations         1521.8018 
4      1034244099    9.3425123452948168e+07   nan                      3000000       max_evaluations         1538.9809 
5      1035244136    9.3146727518410400e+07   nan                      3000000       max_evaluations         1496.2849 
6      1036244173    9.3611427313123107e+07   nan                      3000000       max_evaluations         1536.1502 
7      1037244210    9.3070573049666479e+07   nan                      3000000       max_evaluations         1487.8009 
8      1038244247    9.2924139034155518e+07   nan                      3000000       max_evaluations         1483.9304 
9      1039244284    9.2479281306118011e+07   nan                      3000000       max_evaluations         1658.7429 
10     1040244321    9.2033665454336703e+07   nan                      3000000       max_evaluations         1675.5554 
11     1041244358    9.2229638383826032e+07   nan                      3000000       max_evaluations         1659.6233 
12     1042244395    9.3311775249004617e+07   nan                      3000000       max_evaluations         1691.2803 
13     1043244432    9.3261639465989903e+07   nan                      3000000       max_evaluations         1690.3032 
14     1044244469    9.3068034552502766e+07   nan                      3000000       max_evaluations         1575.5361 
15     1045244506    9.2584932339704067e+07   nan                      3000000       max_evaluations         1622.1873 
16     1046244543    9.3156016949208647e+07   nan                      3000000       max_evaluations         1598.4356 
17     1047244580    9.3271623395449445e+07   nan                      3000000       max_evaluations         1589.7878 
18     1048244617    9.2920340620932475e+07   nan                      3000000       max_evaluations         1575.2641 
19     1049244654    9.2800611778904647e+07   nan                      3000000       max_evaluations         1577.4203 
20     1050244691    9.2653871026410311e+07   nan                      3000000       max_evaluations         1629.9871 
21     1051244728    9.2215532252439991e+07   nan                      3000000       max_evaluations         1644.9956 
22     1052244765    9.3569839593688220e+07   nan                      3000000       max_evaluations         1631.1601 
23     1053244802    9.1550479431666464e+07   nan                      3000000       max_evaluations         1623.5944 
24     1054244839    9.3336815912318170e+07   nan                      3000000       max_evaluations         1615.4463 
25     1055244876    9.2391468137563676e+07   nan                      3000000       max_evaluations         1616.2184 

----- F11  D1000  (25 runs)  optimum=nan  target_error=nan -----
Run    Seed          Best_Fitness             Error                    NFEs          Termination             Runtime_s 
1      1032244021    4.4245947232387370e+08   nan                      3000000       max_evaluations         2194.0121 
2      1033244058    4.1792416370205021e+08   nan                      3000000       max_evaluations         1997.5943 
3      1034244095    4.3640608112534487e+08   nan                      3000000       max_evaluations         2048.1764 
4      1035244132    3.1422931117475504e+08   nan                      3000000       max_evaluations         2031.9713 
5      1036244169    5.0906395705948573e+08   nan                      3000000       max_evaluations         2067.9155 
6      1037244206    6.1797732595112002e+08   nan                      3000000       max_evaluations         2001.0640 
7      1038244243    3.7615858754625106e+08   nan                      3000000       max_evaluations         2048.1330 
8      1039244280    3.4013582156786400e+08   nan                      3000000       max_evaluations         2013.8425 
9      1040244317    4.1458830823707646e+08   nan                      3000000       max_evaluations         2187.7310 
10     1041244354    4.7188272336233193e+08   nan                      3000000       max_evaluations         2168.5363 
11     1042244391    4.6557764087101156e+08   nan                      3000000       max_evaluations         2146.5412 
12     1043244428    3.9536765723024678e+08   nan                      3000000       max_evaluations         2203.0942 
13     1044244465    4.1464899743950009e+08   nan                      3000000       max_evaluations         2173.4271 
14     1045244502    6.9290831705953240e+08   nan                      3000000       max_evaluations         1961.6696 
15     1046244539    3.9516622396784252e+08   nan                      3000000       max_evaluations         1968.3766 
16     1047244576    4.7271080625989377e+08   nan                      3000000       max_evaluations         1977.0423 
17     1048244613    5.4021214646307719e+08   nan                      3000000       max_evaluations         1942.8907 
18     1049244650    3.7664339098778880e+08   nan                      3000000       max_evaluations         1958.5690 
19     1050244687    3.8339090102179301e+08   nan                      3000000       max_evaluations         1942.1889 
20     1051244724    4.5708228456480849e+08   nan                      3000000       max_evaluations         1977.4278 
21     1052244761    3.8515251316412324e+08   nan                      3000000       max_evaluations         2028.5693 
22     1053244798    3.8252011531531173e+08   nan                      3000000       max_evaluations         2004.7246 
23     1054244835    4.4634620649616283e+08   nan                      3000000       max_evaluations         1990.3117 
24     1055244872    5.5476310875098419e+08   nan                      3000000       max_evaluations         1972.3691 
25     1056244909    5.8160120301775098e+08   nan                      3000000       max_evaluations         1988.6563 

----- F12  D1000  (25 runs)  optimum=nan  target_error=nan -----
Run    Seed          Best_Fitness             Error                    NFEs          Termination             Runtime_s 
1      1033244054    3.2983517981186695e+05   nan                      3000000       max_evaluations         1370.7778 
2      1034244091    2.7453148068586353e+05   nan                      3000000       max_evaluations         1493.3421 
3      1035244128    2.6202669964910607e+05   nan                      3000000       max_evaluations         1455.9742 
4      1036244165    3.7801451683977339e+05   nan                      3000000       max_evaluations         1255.3864 
5      1037244202    4.1065372115057916e+05   nan                      3000000       max_evaluations         1457.7292 
6      1038244239    4.1234454983673338e+05   nan                      3000000       max_evaluations         1319.3799 
7      1039244276    3.3375994753299706e+05   nan                      3000000       max_evaluations         1284.1224 
8      1040244313    3.5209063759174466e+05   nan                      3000000       max_evaluations         1235.9932 
9      1041244350    3.0204442705827637e+05   nan                      3000000       max_evaluations         1405.3955 
10     1042244387    4.9866239778390294e+05   nan                      3000000       max_evaluations         1469.8506 
11     1043244424    3.0034413459497568e+05   nan                      3000000       max_evaluations         1622.9287 
12     1044244461    5.0548648849142087e+05   nan                      3000000       max_evaluations         1529.8931 
13     1045244498    3.7207884740599035e+05   nan                      3000000       max_evaluations         1609.3659 
14     1046244535    2.4489305831054991e+05   nan                      3000000       max_evaluations         1368.5763 
15     1047244572    2.2152981950752184e+05   nan                      3000000       max_evaluations         1179.4640 
16     1048244609    2.5676371585581926e+05   nan                      3000000       max_evaluations         1170.4777 
17     1049244646    3.1052070727844012e+05   nan                      3000000       max_evaluations         1338.7258 
18     1050244683    3.0887959883627633e+05   nan                      3000000       max_evaluations         1397.5529 
19     1051244720    3.4255122037528193e+05   nan                      3000000       max_evaluations         1320.9719 
20     1052244757    3.9390569585325941e+05   nan                      3000000       max_evaluations         1275.8720 
21     1053244794    3.3873344781869388e+05   nan                      3000000       max_evaluations         1326.5187 
22     1054244831    2.4995469437090913e+05   nan                      3000000       max_evaluations         1217.7514 
23     1055244868    2.6724320336361742e+05   nan                      3000000       max_evaluations         1196.8825 
24     1056244905    3.4991040129773336e+05   nan                      3000000       max_evaluations         1215.5839 
25     1057244942    3.2326454856085620e+05   nan                      3000000       max_evaluations         1198.3958 

----- F15  D1000  (25 runs)  optimum=nan  target_error=nan -----
Run    Seed          Best_Fitness             Error                    NFEs          Termination             Runtime_s 
1      1036244153    1.9218311858546559e+07   nan                      3000000       max_evaluations         1763.4492 
2      1037244190    2.3357091394480333e+07   nan                      3000000       max_evaluations         1592.0396 
3      1038244227    1.8652493175217766e+07   nan                      3000000       max_evaluations         1594.8458 
4      1039244264    1.8438838631228928e+07   nan                      3000000       max_evaluations         1600.7895 
5      1040244301    1.4737363973910421e+07   nan                      3000000       max_evaluations         1603.0495 
6      1041244338    1.5223353954907125e+07   nan                      3000000       max_evaluations         1615.6330 
7      1042244375    2.1103401009513155e+07   nan                      3000000       max_evaluations         1583.0183 
8      1043244412    8.1918578267816352e+06   nan                      3000000       max_evaluations         1610.8962 
9      1044244449    2.0058709091676462e+07   nan                      3000000       max_evaluations         1750.8911 
10     1045244486    2.5071197647720315e+07   nan                      3000000       max_evaluations         1745.5395 
11     1046244523    1.7607685029890355e+07   nan                      3000000       max_evaluations         1766.7318 
12     1047244560    1.7957944759114202e+07   nan                      3000000       max_evaluations         1768.0595 
13     1048244597    1.9870289912158206e+07   nan                      3000000       max_evaluations         1758.7967 
14     1049244634    1.0658295955552157e+07   nan                      3000000       max_evaluations         1564.9645 
15     1050244671    1.7307495691037200e+07   nan                      3000000       max_evaluations         1545.6202 
16     1051244708    1.9910549171789758e+07   nan                      3000000       max_evaluations         1550.6467 
17     1052244745    1.6770642415621884e+07   nan                      3000000       max_evaluations         1554.9679 
18     1053244782    1.8839534474836502e+07   nan                      3000000       max_evaluations         1545.5276 
19     1054244819    2.3257071648498524e+07   nan                      3000000       max_evaluations         1556.1129 
20     1055244856    1.9190727345519960e+07   nan                      3000000       max_evaluations         1555.9617 
21     1056244893    1.8075446673015229e+07   nan                      3000000       max_evaluations         1591.4345 
22     1057244930    2.4532180122337457e+07   nan                      3000000       max_evaluations         1580.3147 
23     1058244967    1.7974331368185669e+07   nan                      3000000       max_evaluations         1583.6796 
24     1059245004    1.9109835019659553e+07   nan                      3000000       max_evaluations         1579.4367 
25     1060245041    1.6165619220667759e+07   nan                      3000000       max_evaluations         1578.7085 

