==============================================================================================================
DETAILED PER-RUN LOG   AGSK   CEC2013LSGO   D1000
runs per function : 25
functions         : [1 2 3 4 5 6 7 8 9 10 11 12]
statistics basis  : raw objective
generated         : 2026-07-22_17.52.15
==============================================================================================================

----- F1  D1000  (25 runs)  optimum=nan  target_error=nan -----
Run    Seed          Best_Fitness             Error                    NFEs          Termination             Runtime_s 
1      1022243691    6.4420373970813164e+06   nan                      3000000       max_evaluations         701.6656  
2      1023243728    1.3810707056333739e+06   nan                      3000000       max_evaluations         704.5362  
3      1024243765    2.5861350150483749e+06   nan                      3000000       max_evaluations         777.7478  
4      1025243802    2.3569744806990954e+06   nan                      3000000       max_evaluations         703.9511  
5      1026243839    2.5493458747331388e+06   nan                      3000000       max_evaluations         773.7930  
6      1027243876    5.3962041236801329e+05   nan                      3000000       max_evaluations         770.5835  
7      1028243913    3.4503101200546646e+06   nan                      3000000       max_evaluations         777.7903  
8      1029243950    1.6267075358291150e+06   nan                      3000000       max_evaluations         702.8900  
9      1030243987    2.2519059737515752e+06   nan                      3000000       max_evaluations         701.8428  
10     1031244024    4.8846994970885934e+06   nan                      3000000       max_evaluations         702.4890  
11     1032244061    1.2823104681408126e+06   nan                      3000000       max_evaluations         780.8733  
12     1033244098    7.5796539304992715e+06   nan                      3000000       max_evaluations         773.6145  
13     1034244135    1.3747822162411653e+06   nan                      3000000       max_evaluations         701.2714  
14     1035244172    1.6906127194624771e+06   nan                      3000000       max_evaluations         626.7682  
15     1036244209    3.3039870103862607e+06   nan                      3000000       max_evaluations         624.5006  
16     1037244246    2.0058683447323281e+06   nan                      3000000       max_evaluations         625.5921  
17     1038244283    1.2440208295180739e+06   nan                      3000000       max_evaluations         626.5356  
18     1039244320    6.1189514747108156e+06   nan                      3000000       max_evaluations         625.8658  
19     1040244357    1.0200305994764029e+06   nan                      3000000       max_evaluations         624.6206  
20     1041244394    1.4247667758316195e+06   nan                      3000000       max_evaluations         622.3669  
21     1042244431    7.0674123800741453e+06   nan                      3000000       max_evaluations         612.7219  
22     1043244468    8.8233540278126684e+05   nan                      3000000       max_evaluations         608.0847  
23     1044244505    7.7126429584909393e+05   nan                      3000000       max_evaluations         611.8439  
24     1045244542    4.1569891801746935e+06   nan                      3000000       max_evaluations         608.4626  
25     1046244579    6.9823418342900369e+06   nan                      3000000       max_evaluations         605.5803  

----- F2  D1000  (25 runs)  optimum=nan  target_error=nan -----
Run    Seed          Best_Fitness             Error                    NFEs          Termination             Runtime_s 
1      1023243724    1.2932591713904474e+04   nan                      3000000       max_evaluations         776.8318  
2      1024243761    1.3327985992604912e+04   nan                      3000000       max_evaluations         773.1260  
3      1025243798    1.2925128809629274e+04   nan                      3000000       max_evaluations         774.5550  
4      1026243835    1.3141995155729519e+04   nan                      3000000       max_evaluations         782.1716  
5      1027243872    1.3139056452725245e+04   nan                      3000000       max_evaluations         778.8356  
6      1028243909    1.2958274620172320e+04   nan                      3000000       max_evaluations         781.1263  
7      1029243946    1.3105406814343301e+04   nan                      3000000       max_evaluations         776.3845  
8      1030243983    1.3066068584404091e+04   nan                      3000000       max_evaluations         772.5332  
9      1031244020    1.3289541396237340e+04   nan                      3000000       max_evaluations         773.0948  
10     1032244057    1.2757064653223604e+04   nan                      3000000       max_evaluations         771.2455  
11     1033244094    1.3314101272214428e+04   nan                      3000000       max_evaluations         769.3013  
12     1034244131    1.3227378017060473e+04   nan                      3000000       max_evaluations         773.1418  
13     1035244168    1.3380664298779164e+04   nan                      3000000       max_evaluations         771.1383  
14     1036244205    1.3085162292690591e+04   nan                      3000000       max_evaluations         783.7752  
15     1037244242    1.3314661726767166e+04   nan                      3000000       max_evaluations         787.9107  
16     1038244279    1.3777951498391862e+04   nan                      3000000       max_evaluations         789.7909  
17     1039244316    1.2490791496151740e+04   nan                      3000000       max_evaluations         793.5716  
18     1040244353    1.2626136231468266e+04   nan                      3000000       max_evaluations         787.7777  
19     1041244390    1.3718547361995648e+04   nan                      3000000       max_evaluations         792.7451  
20     1042244427    1.3764701083786727e+04   nan                      3000000       max_evaluations         787.2638  
21     1043244464    1.3499996398079409e+04   nan                      3000000       max_evaluations         789.5297  
22     1044244501    1.3164652735673149e+04   nan                      3000000       max_evaluations         790.4765  
23     1045244538    1.3788796673493098e+04   nan                      3000000       max_evaluations         786.7146  
24     1046244575    1.3061518761694708e+04   nan                      3000000       max_evaluations         791.0211  
25     1047244612    1.3096191653376169e+04   nan                      3000000       max_evaluations         792.1159  

----- F3  D1000  (25 runs)  optimum=nan  target_error=nan -----
Run    Seed          Best_Fitness             Error                    NFEs          Termination             Runtime_s 
1      1024243757    2.1347378610445432e+01   nan                      3000000       max_evaluations         942.9630  
2      1025243794    2.1337537786125623e+01   nan                      3000000       max_evaluations         927.0036  
3      1026243831    2.1345395003653369e+01   nan                      3000000       max_evaluations         930.8386  
4      1027243868    2.1338458001988311e+01   nan                      3000000       max_evaluations         931.8923  
5      1028243905    2.1352108382823491e+01   nan                      3000000       max_evaluations         929.2424  
6      1029243942    2.1344982225395075e+01   nan                      3000000       max_evaluations         934.1949  
7      1030243979    2.1346277734790238e+01   nan                      3000000       max_evaluations         929.8098  
8      1031244016    2.1341741203629756e+01   nan                      3000000       max_evaluations         941.9133  
9      1032244053    2.1335917476954535e+01   nan                      3000000       max_evaluations         944.8932  
10     1033244090    2.1348187076188356e+01   nan                      3000000       max_evaluations         947.6204  
11     1034244127    2.1338067487803677e+01   nan                      3000000       max_evaluations         946.4633  
12     1035244164    2.1333499336480696e+01   nan                      3000000       max_evaluations         938.2697  
13     1036244201    2.1330506742791624e+01   nan                      3000000       max_evaluations         937.9594  
14     1037244238    2.1321825742101701e+01   nan                      3000000       max_evaluations         890.5697  
15     1038244275    2.1344279504255873e+01   nan                      3000000       max_evaluations         896.7512  
16     1039244312    2.1339803644625178e+01   nan                      3000000       max_evaluations         897.2723  
17     1040244349    2.1348911501845599e+01   nan                      3000000       max_evaluations         895.8386  
18     1041244386    2.1341782272229960e+01   nan                      3000000       max_evaluations         896.4108  
19     1042244423    2.1332686046054000e+01   nan                      3000000       max_evaluations         897.4862  
20     1043244460    2.1327553988007690e+01   nan                      3000000       max_evaluations         972.0895  
21     1044244497    2.1345432652479928e+01   nan                      3000000       max_evaluations         970.6352  
22     1045244534    2.1334646871123912e+01   nan                      3000000       max_evaluations         967.5877  
23     1046244571    2.1337847980186389e+01   nan                      3000000       max_evaluations         964.0566  
24     1047244608    2.1334150509853629e+01   nan                      3000000       max_evaluations         966.1865  
25     1048244645    2.1324723241876249e+01   nan                      3000000       max_evaluations         968.1642  

----- F4  D1000  (25 runs)  optimum=nan  target_error=nan -----
Run    Seed          Best_Fitness             Error                    NFEs          Termination             Runtime_s 
1      1025243790    1.0450176111709005e+10   nan                      3000000       max_evaluations         860.7764  
2      1026243827    6.3214708838143711e+09   nan                      3000000       max_evaluations         719.9649  
3      1027243864    5.6811669583620453e+09   nan                      3000000       max_evaluations         720.2311  
4      1028243901    1.0597656733499577e+10   nan                      3000000       max_evaluations         725.5744  
5      1029243938    4.2102002801477132e+09   nan                      3000000       max_evaluations         726.6095  
6      1030243975    8.8559142982009010e+09   nan                      3000000       max_evaluations         732.5001  
7      1031244012    5.6400108787432785e+09   nan                      3000000       max_evaluations         719.4384  
8      1032244049    5.9401609611507158e+09   nan                      3000000       max_evaluations         844.8835  
9      1033244086    7.5025669599023113e+09   nan                      3000000       max_evaluations         851.7149  
10     1034244123    4.2726701592677736e+09   nan                      3000000       max_evaluations         850.4147  
11     1035244160    3.4354076355941167e+09   nan                      3000000       max_evaluations         841.0677  
12     1036244197    6.1825790714528437e+09   nan                      3000000       max_evaluations         834.5539  
13     1037244234    5.2953643849220772e+09   nan                      3000000       max_evaluations         842.6339  
14     1038244271    5.3571116535933886e+09   nan                      3000000       max_evaluations         707.8679  
15     1039244308    4.6065256449539995e+09   nan                      3000000       max_evaluations         706.8682  
16     1040244345    7.5362014970417061e+09   nan                      3000000       max_evaluations         707.2830  
17     1041244382    6.8409445155973854e+09   nan                      3000000       max_evaluations         702.9180  
18     1042244419    1.1645023366799311e+10   nan                      3000000       max_evaluations         704.6498  
19     1043244456    7.0064166932716618e+09   nan                      3000000       max_evaluations         710.3093  
20     1044244493    3.9395177930158272e+09   nan                      3000000       max_evaluations         721.5192  
21     1045244530    6.8690212529623795e+09   nan                      3000000       max_evaluations         717.0361  
22     1046244567    5.6203982593303156e+09   nan                      3000000       max_evaluations         715.2869  
23     1047244604    8.3749271033415604e+09   nan                      3000000       max_evaluations         713.9454  
24     1048244641    4.5586902322819996e+09   nan                      3000000       max_evaluations         712.0770  
25     1049244678    5.8380753821565542e+09   nan                      3000000       max_evaluations         711.8122  

----- F5  D1000  (25 runs)  optimum=nan  target_error=nan -----
Run    Seed          Best_Fitness             Error                    NFEs          Termination             Runtime_s 
1      1026243823    6.6593310570055265e+06   nan                      3000000       max_evaluations         1165.3710 
2      1027243860    7.5231960032894937e+06   nan                      3000000       max_evaluations         998.5988  
3      1028243897    6.3483052163789161e+06   nan                      3000000       max_evaluations         1003.9466 
4      1029243934    6.7467363761695391e+06   nan                      3000000       max_evaluations         998.9804  
5      1030243971    6.4170548135708449e+06   nan                      3000000       max_evaluations         996.3702  
6      1031244008    7.2259604619702240e+06   nan                      3000000       max_evaluations         997.2871  
7      1032244045    7.2308635127622141e+06   nan                      3000000       max_evaluations         992.0578  
8      1033244082    6.7876267775946492e+06   nan                      3000000       max_evaluations         1157.6444 
9      1034244119    7.0378866524771675e+06   nan                      3000000       max_evaluations         1166.1066 
10     1035244156    7.8179917803647593e+06   nan                      3000000       max_evaluations         1165.5696 
11     1036244193    6.8746467334688893e+06   nan                      3000000       max_evaluations         1184.0742 
12     1037244230    6.8131309488274604e+06   nan                      3000000       max_evaluations         1170.6056 
13     1038244267    7.3813349697638834e+06   nan                      3000000       max_evaluations         1171.6505 
14     1039244304    7.5304329277915647e+06   nan                      3000000       max_evaluations         975.2731  
15     1040244341    6.6962363133187452e+06   nan                      3000000       max_evaluations         981.2489  
16     1041244378    7.6286109679639051e+06   nan                      3000000       max_evaluations         972.6577  
17     1042244415    7.2216520891939774e+06   nan                      3000000       max_evaluations         974.1013  
18     1043244452    6.5632332418582281e+06   nan                      3000000       max_evaluations         976.5029  
19     1044244489    6.9763882560265176e+06   nan                      3000000       max_evaluations         973.7209  
20     1045244526    6.5305413400089340e+06   nan                      3000000       max_evaluations         987.1005  
21     1046244563    5.8080832959602028e+06   nan                      3000000       max_evaluations         982.7101  
22     1047244600    6.0667743692739299e+06   nan                      3000000       max_evaluations         984.0492  
23     1048244637    5.9662782793207886e+06   nan                      3000000       max_evaluations         985.5845  
24     1049244674    6.6404977139145387e+06   nan                      3000000       max_evaluations         985.2091  
25     1050244711    6.1354682482820190e+06   nan                      3000000       max_evaluations         980.2764  

----- F6  D1000  (25 runs)  optimum=nan  target_error=nan -----
Run    Seed          Best_Fitness             Error                    NFEs          Termination             Runtime_s 
1      1027243856    1.0606148480171370e+06   nan                      3000000       max_evaluations         1215.0609 
2      1028243893    1.0609214493509666e+06   nan                      3000000       max_evaluations         1002.1989 
3      1029243930    1.0609344216364881e+06   nan                      3000000       max_evaluations         1019.1813 
4      1030243967    1.0608399078992624e+06   nan                      3000000       max_evaluations         1022.7348 
5      1031244004    1.0595577164882340e+06   nan                      3000000       max_evaluations         1021.1258 
6      1032244041    1.0601828563378493e+06   nan                      3000000       max_evaluations         1016.6480 
7      1033244078    1.0589516027086913e+06   nan                      3000000       max_evaluations         1021.3089 
8      1034244115    1.0607196077965742e+06   nan                      3000000       max_evaluations         1187.2919 
9      1035244152    1.0595870169387038e+06   nan                      3000000       max_evaluations         1214.3185 
10     1036244189    1.0609208238932150e+06   nan                      3000000       max_evaluations         1210.2055 
11     1037244226    1.0593260695333320e+06   nan                      3000000       max_evaluations         1207.2334 
12     1038244263    1.0581002754007275e+06   nan                      3000000       max_evaluations         1205.4447 
13     1039244300    1.0595820876048678e+06   nan                      3000000       max_evaluations         1191.0886 
14     1040244337    1.0616809837979607e+06   nan                      3000000       max_evaluations         1068.8864 
15     1041244374    1.0610648546483810e+06   nan                      3000000       max_evaluations         1067.4168 
16     1042244411    1.0605673944606707e+06   nan                      3000000       max_evaluations         1067.4768 
17     1043244448    1.0604258078412716e+06   nan                      3000000       max_evaluations         1067.7400 
18     1044244485    1.0601419130811724e+06   nan                      3000000       max_evaluations         1064.9789 
19     1045244522    1.0613160232189649e+06   nan                      3000000       max_evaluations         1065.3406 
20     1046244559    1.0601934665609319e+06   nan                      3000000       max_evaluations         1015.5578 
21     1047244596    1.0567476282507519e+06   nan                      3000000       max_evaluations         1014.3528 
22     1048244633    1.0585343115050490e+06   nan                      3000000       max_evaluations         1004.2111 
23     1049244670    1.0596874028321647e+06   nan                      3000000       max_evaluations         1004.9151 
24     1050244707    1.0593603009195488e+06   nan                      3000000       max_evaluations         1001.7314 
25     1051244744    1.0607040017327999e+06   nan                      3000000       max_evaluations         1002.5760 

----- F7  D1000  (25 runs)  optimum=nan  target_error=nan -----
Run    Seed          Best_Fitness             Error                    NFEs          Termination             Runtime_s 
1      1028243889    1.8683053546763711e+07   nan                      3000000       max_evaluations         591.3337  
2      1029243926    1.1101652061182069e+07   nan                      3000000       max_evaluations         531.2484  
3      1030243963    1.3867164220473392e+07   nan                      3000000       max_evaluations         535.6461  
4      1031244000    2.7740394220035210e+07   nan                      3000000       max_evaluations         529.7383  
5      1032244037    1.2980780606913999e+07   nan                      3000000       max_evaluations         532.3906  
6      1033244074    1.0308389636091143e+07   nan                      3000000       max_evaluations         526.7638  
7      1034244111    1.5085754223504873e+07   nan                      3000000       max_evaluations         526.0865  
8      1035244148    1.1974269538939185e+07   nan                      3000000       max_evaluations         587.1626  
9      1036244185    1.4069208410989203e+07   nan                      3000000       max_evaluations         591.3725  
10     1037244222    2.4185355838298995e+07   nan                      3000000       max_evaluations         589.4382  
11     1038244259    1.2565751525533125e+07   nan                      3000000       max_evaluations         593.3365  
12     1039244296    1.2655864730757270e+07   nan                      3000000       max_evaluations         594.2321  
13     1040244333    6.7016789538160237e+06   nan                      3000000       max_evaluations         594.1439  
14     1041244370    2.5817932622798603e+07   nan                      3000000       max_evaluations         492.1572  
15     1042244407    1.6544624063444925e+07   nan                      3000000       max_evaluations         490.3230  
16     1043244444    1.1535007448301326e+07   nan                      3000000       max_evaluations         493.0601  
17     1044244481    1.1758093005250875e+07   nan                      3000000       max_evaluations         494.5349  
18     1045244518    6.8496416305312365e+06   nan                      3000000       max_evaluations         495.8769  
19     1046244555    1.6605905698171297e+07   nan                      3000000       max_evaluations         491.8495  
20     1047244592    9.6888818508218508e+06   nan                      3000000       max_evaluations         499.8695  
21     1048244629    1.3798569823548120e+07   nan                      3000000       max_evaluations         502.8603  
22     1049244666    1.3733814824456561e+07   nan                      3000000       max_evaluations         504.5263  
23     1050244703    1.2623659654698156e+07   nan                      3000000       max_evaluations         504.8080  
24     1051244740    2.4808581065334897e+07   nan                      3000000       max_evaluations         500.7070  
25     1052244777    1.1539202496756069e+07   nan                      3000000       max_evaluations         501.9738  

----- F8  D1000  (25 runs)  optimum=nan  target_error=nan -----
Run    Seed          Best_Fitness             Error                    NFEs          Termination             Runtime_s 
1      1029243922    2.6349434927916520e+13   nan                      3000000       max_evaluations         1195.0949 
2      1030243959    3.1520249005621129e+13   nan                      3000000       max_evaluations         1039.3151 
3      1031243996    3.9339410090082461e+13   nan                      3000000       max_evaluations         1040.8632 
4      1032244033    2.7968916287739480e+13   nan                      3000000       max_evaluations         1032.4434 
5      1033244070    4.8193392323702188e+13   nan                      3000000       max_evaluations         1037.9904 
6      1034244107    3.4864102278734883e+13   nan                      3000000       max_evaluations         1039.0282 
7      1035244144    5.7661140155131195e+13   nan                      3000000       max_evaluations         1037.2417 
8      1036244181    1.8353414970761137e+13   nan                      3000000       max_evaluations         1189.4984 
9      1037244218    4.7363649377248828e+13   nan                      3000000       max_evaluations         1192.0458 
10     1038244255    1.3493468385058047e+13   nan                      3000000       max_evaluations         1191.6819 
11     1039244292    2.6573690931028062e+13   nan                      3000000       max_evaluations         1186.1367 
12     1040244329    2.4703234079618531e+13   nan                      3000000       max_evaluations         1191.8410 
13     1041244366    3.2381871623133578e+13   nan                      3000000       max_evaluations         1192.8690 
14     1042244403    7.9200285526708594e+13   nan                      3000000       max_evaluations         1010.1920 
15     1043244440    2.2456183800492379e+13   nan                      3000000       max_evaluations         1014.5728 
16     1044244477    1.0943817093539227e+13   nan                      3000000       max_evaluations         1018.2601 
17     1045244514    1.4101150024683305e+13   nan                      3000000       max_evaluations         1009.9300 
18     1046244551    2.8878348726424871e+13   nan                      3000000       max_evaluations         1005.3239 
19     1047244588    8.4722271544766826e+12   nan                      3000000       max_evaluations         1008.2437 
20     1048244625    1.9117032614203824e+13   nan                      3000000       max_evaluations         1025.6772 
21     1049244662    9.5339376406645656e+13   nan                      3000000       max_evaluations         1024.9065 
22     1050244699    3.1216452938634535e+13   nan                      3000000       max_evaluations         1018.9666 
23     1051244736    2.0359314960058406e+13   nan                      3000000       max_evaluations         1023.4564 
24     1052244773    7.3438942070890328e+13   nan                      3000000       max_evaluations         1022.9389 
25     1053244810    6.1267034487176328e+13   nan                      3000000       max_evaluations         1024.5654 

----- F9  D1000  (25 runs)  optimum=nan  target_error=nan -----
Run    Seed          Best_Fitness             Error                    NFEs          Termination             Runtime_s 
1      1030243955    5.9589503210920274e+08   nan                      3000000       max_evaluations         1521.5671 
2      1031243992    6.1759770892367232e+08   nan                      3000000       max_evaluations         1338.2484 
3      1032244029    5.7371763038747871e+08   nan                      3000000       max_evaluations         1347.1946 
4      1033244066    5.2555843921743035e+08   nan                      3000000       max_evaluations         1341.1003 
5      1034244103    4.9101477901114094e+08   nan                      3000000       max_evaluations         1342.5883 
6      1035244140    5.6528854493638575e+08   nan                      3000000       max_evaluations         1349.7258 
7      1036244177    4.9128672832661635e+08   nan                      3000000       max_evaluations         1343.2503 
8      1037244214    6.1319760339130557e+08   nan                      3000000       max_evaluations         1506.3656 
9      1038244251    5.8313494131298029e+08   nan                      3000000       max_evaluations         1522.1904 
10     1039244288    6.2252702589148235e+08   nan                      3000000       max_evaluations         1511.4375 
11     1040244325    6.7521319858134031e+08   nan                      3000000       max_evaluations         1519.4875 
12     1041244362    5.3796713591427290e+08   nan                      3000000       max_evaluations         1522.1111 
13     1042244399    5.6613243121226406e+08   nan                      3000000       max_evaluations         1511.5242 
14     1043244436    5.5597532955025816e+08   nan                      3000000       max_evaluations         1264.0063 
15     1044244473    5.6341883133089352e+08   nan                      3000000       max_evaluations         1267.6649 
16     1045244510    5.7125126331156027e+08   nan                      3000000       max_evaluations         1268.1874 
17     1046244547    5.4552276847694612e+08   nan                      3000000       max_evaluations         1269.2904 
18     1047244584    5.3724112889673841e+08   nan                      3000000       max_evaluations         1266.6274 
19     1048244621    5.4710283625653040e+08   nan                      3000000       max_evaluations         1267.0103 
20     1049244658    5.9327118633861601e+08   nan                      3000000       max_evaluations         1308.8890 
21     1050244695    5.8644897026960933e+08   nan                      3000000       max_evaluations         1305.5635 
22     1051244732    5.8497740310760212e+08   nan                      3000000       max_evaluations         1305.5795 
23     1052244769    5.8298786309085774e+08   nan                      3000000       max_evaluations         1298.1470 
24     1053244806    7.1106537521809959e+08   nan                      3000000       max_evaluations         1303.7683 
25     1054244843    5.6812636117287636e+08   nan                      3000000       max_evaluations         1304.9182 

----- F10  D1000  (25 runs)  optimum=nan  target_error=nan -----
Run    Seed          Best_Fitness             Error                    NFEs          Termination             Runtime_s 
1      1031243988    9.3632972698016107e+07   nan                      3000000       max_evaluations         1479.0170 
2      1032244025    9.2965092593399867e+07   nan                      3000000       max_evaluations         1318.0148 
3      1033244062    9.2738285478975832e+07   nan                      3000000       max_evaluations         1308.5510 
4      1034244099    9.3413815571999267e+07   nan                      3000000       max_evaluations         1312.3320 
5      1035244136    9.3750247138147786e+07   nan                      3000000       max_evaluations         1310.6984 
6      1036244173    9.3351444362991974e+07   nan                      3000000       max_evaluations         1303.2614 
7      1037244210    9.3393722586332411e+07   nan                      3000000       max_evaluations         1301.9121 
8      1038244247    9.3451376352899373e+07   nan                      3000000       max_evaluations         1495.1274 
9      1039244284    9.3690154562386855e+07   nan                      3000000       max_evaluations         1486.0524 
10     1040244321    9.3173987427953035e+07   nan                      3000000       max_evaluations         1490.8305 
11     1041244358    9.2947257828809336e+07   nan                      3000000       max_evaluations         1480.5535 
12     1042244395    9.3099387019909695e+07   nan                      3000000       max_evaluations         1487.6604 
13     1043244432    9.3357576857997179e+07   nan                      3000000       max_evaluations         1493.7329 
14     1044244469    9.3369188493732557e+07   nan                      3000000       max_evaluations         1268.3508 
15     1045244506    9.4073477379374146e+07   nan                      3000000       max_evaluations         1269.4705 
16     1046244543    9.3469347724235877e+07   nan                      3000000       max_evaluations         1263.7966 
17     1047244580    9.2892663182388678e+07   nan                      3000000       max_evaluations         1263.7370 
18     1048244617    9.3399368194145054e+07   nan                      3000000       max_evaluations         1266.5273 
19     1049244654    9.3938332447040752e+07   nan                      3000000       max_evaluations         1269.8810 
20     1050244691    9.3262354685225993e+07   nan                      3000000       max_evaluations         1319.6402 
21     1051244728    9.3615297323755339e+07   nan                      3000000       max_evaluations         1310.0972 
22     1052244765    9.3537194539833620e+07   nan                      3000000       max_evaluations         1315.8884 
23     1053244802    9.2811332354798391e+07   nan                      3000000       max_evaluations         1311.9492 
24     1054244839    9.3462837935635790e+07   nan                      3000000       max_evaluations         1310.4623 
25     1055244876    9.3758726078911215e+07   nan                      3000000       max_evaluations         1322.0394 

----- F11  D1000  (25 runs)  optimum=nan  target_error=nan -----
Run    Seed          Best_Fitness             Error                    NFEs          Termination             Runtime_s 
1      1032244021    2.6699770718051830e+08   nan                      3000000       max_evaluations         1254.8018 
2      1033244058    2.7376826365635341e+08   nan                      3000000       max_evaluations         1087.9864 
3      1034244095    2.9268610420544720e+08   nan                      3000000       max_evaluations         1096.8563 
4      1035244132    1.9290309317407888e+08   nan                      3000000       max_evaluations         1097.7379 
5      1036244169    3.4546861479984957e+08   nan                      3000000       max_evaluations         1096.1177 
6      1037244206    2.2460720538204128e+08   nan                      3000000       max_evaluations         1090.5986 
7      1038244243    2.2697920697702828e+08   nan                      3000000       max_evaluations         1097.9137 
8      1039244280    2.1013631024130496e+08   nan                      3000000       max_evaluations         1234.1154 
9      1040244317    2.8011914863948554e+08   nan                      3000000       max_evaluations         1256.9594 
10     1041244354    2.3824972784904000e+08   nan                      3000000       max_evaluations         1248.0536 
11     1042244391    2.4992631153523108e+08   nan                      3000000       max_evaluations         1248.2646 
12     1043244428    1.9126313644772488e+08   nan                      3000000       max_evaluations         1244.9256 
13     1044244465    2.8769482513788968e+08   nan                      3000000       max_evaluations         1246.5583 
14     1045244502    2.6279273447895190e+08   nan                      3000000       max_evaluations         1058.0300 
15     1046244539    5.4380227216462481e+08   nan                      3000000       max_evaluations         1052.6550 
16     1047244576    3.7640080351338392e+08   nan                      3000000       max_evaluations         1055.2172 
17     1048244613    1.8557903006837609e+08   nan                      3000000       max_evaluations         1055.5251 
18     1049244650    2.8364317183140069e+08   nan                      3000000       max_evaluations         1051.1526 
19     1050244687    1.9132587086022770e+08   nan                      3000000       max_evaluations         1062.1950 
20     1051244724    2.0753112759327355e+08   nan                      3000000       max_evaluations         1090.9765 
21     1052244761    2.5788510545084006e+08   nan                      3000000       max_evaluations         1087.0271 
22     1053244798    4.1474814784530520e+08   nan                      3000000       max_evaluations         1082.5252 
23     1054244835    2.7641969315314466e+08   nan                      3000000       max_evaluations         1084.9289 
24     1055244872    3.2694594429537541e+08   nan                      3000000       max_evaluations         1087.1631 
25     1056244909    2.1750169569965208e+08   nan                      3000000       max_evaluations         1077.0592 

----- F12  D1000  (25 runs)  optimum=nan  target_error=nan -----
Run    Seed          Best_Fitness             Error                    NFEs          Termination             Runtime_s 
1      1033244054    8.0996926249741286e+07   nan                      3000000       max_evaluations         339.1808  
2      1034244091    1.0995350746895255e+08   nan                      3000000       max_evaluations         293.1315  
3      1035244128    1.9688782150795025e+08   nan                      3000000       max_evaluations         294.0004  
4      1036244165    1.1988278596345222e+08   nan                      3000000       max_evaluations         302.6993  
5      1037244202    3.3683543695075519e+07   nan                      3000000       max_evaluations         294.6632  
6      1038244239    1.6108095649655131e+08   nan                      3000000       max_evaluations         295.3467  
7      1039244276    1.9594789592135750e+07   nan                      3000000       max_evaluations         298.1480  
8      1040244313    2.5597316250346769e+07   nan                      3000000       max_evaluations         342.5456  
9      1041244350    9.8008391010196656e+07   nan                      3000000       max_evaluations         349.2927  
10     1042244387    3.0887984724993074e+08   nan                      3000000       max_evaluations         346.4115  
11     1043244424    3.5968402443977885e+07   nan                      3000000       max_evaluations         346.8734  
12     1044244461    2.1854223009111572e+07   nan                      3000000       max_evaluations         340.7156  
13     1045244498    3.9135924440618032e+08   nan                      3000000       max_evaluations         340.8067  
14     1046244535    1.6815894303341512e+07   nan                      3000000       max_evaluations         282.4389  
15     1047244572    8.8745837526664957e+07   nan                      3000000       max_evaluations         282.8680  
16     1048244609    2.9186351172140539e+07   nan                      3000000       max_evaluations         287.4667  
17     1049244646    2.7768171778072453e+08   nan                      3000000       max_evaluations         285.8913  
18     1050244683    1.6255113633106890e+08   nan                      3000000       max_evaluations         282.0350  
19     1051244720    4.3755791528947800e+07   nan                      3000000       max_evaluations         287.2188  
20     1052244757    5.4692195638304614e+07   nan                      3000000       max_evaluations         288.2920  
21     1053244794    9.3126813579708099e+07   nan                      3000000       max_evaluations         290.4434  
22     1054244831    3.8179902691653854e+08   nan                      3000000       max_evaluations         286.7338  
23     1055244868    2.9118492878430936e+07   nan                      3000000       max_evaluations         289.3278  
24     1056244905    4.6982117533326261e+07   nan                      3000000       max_evaluations         287.4337  
25     1057244942    7.9154549425001040e+07   nan                      3000000       max_evaluations         287.1987  

