==============================================================================================================
DETAILED PER-RUN LOG   AGSK   CEC2020   D5
runs per function : 30
functions         : [1 2 3 4 5 8 9 10]
statistics basis  : error vs known optimum
generated         : 2026-07-28_03.28.00
==============================================================================================================

----- F1  D5  (30 runs)  optimum=100  target_error=1e-08 -----
Run    Seed          Best_Fitness             Error                    NFEs          Termination             Runtime_s 
1      27240706      1.0000000000464613e+02   0.0000000000000000e+00   24684         target_error_reached    0.1664    
2      28240743      1.0000000000935722e+02   0.0000000000000000e+00   23856         target_error_reached    0.1453    
3      29240780      1.0000000000978908e+02   0.0000000000000000e+00   25873         target_error_reached    0.1827    
4      30240817      1.0000000000681592e+02   0.0000000000000000e+00   25177         target_error_reached    0.1421    
5      31240854      1.0000000000987052e+02   0.0000000000000000e+00   25177         target_error_reached    0.1660    
6      32240891      1.0000000000566746e+02   0.0000000000000000e+00   25288         target_error_reached    0.1629    
7      33240928      1.0000000000628015e+02   0.0000000000000000e+00   25473         target_error_reached    0.1579    
8      34240965      1.0000000000995850e+02   0.0000000000000000e+00   25801         target_error_reached    0.1782    
9      35241002      1.0000000000295817e+02   0.0000000000000000e+00   24722         target_error_reached    0.1393    
10     36241039      1.0000000000318471e+02   0.0000000000000000e+00   26160         target_error_reached    0.1644    
11     37241076      1.0000000000606768e+02   0.0000000000000000e+00   25362         target_error_reached    0.1704    
12     38241113      1.0000000000752763e+02   0.0000000000000000e+00   24988         target_error_reached    0.1633    
13     39241150      1.0000000000523961e+02   0.0000000000000000e+00   25399         target_error_reached    0.1779    
14     40241187      1.0000000000989320e+02   0.0000000000000000e+00   25140         target_error_reached    0.1816    
15     41241224      1.0000000000222109e+02   0.0000000000000000e+00   24950         target_error_reached    0.2161    
16     42241261      1.0000000000329504e+02   0.0000000000000000e+00   26580         target_error_reached    0.2284    
17     43241298      1.0000000000816199e+02   0.0000000000000000e+00   25288         target_error_reached    0.1931    
18     44241335      1.0000000000808191e+02   0.0000000000000000e+00   25547         target_error_reached    0.2215    
19     45241372      1.0000000000531898e+02   0.0000000000000000e+00   25102         target_error_reached    0.2089    
20     46241409      1.0000000000846559e+02   0.0000000000000000e+00   24836         target_error_reached    0.2187    
21     47241446      1.0000000000700317e+02   0.0000000000000000e+00   24176         target_error_reached    0.1923    
22     48241483      1.0000000000611179e+02   0.0000000000000000e+00   24912         target_error_reached    0.2032    
23     49241520      1.0000000000956210e+02   0.0000000000000000e+00   25140         target_error_reached    0.1969    
24     50241557      1.0000000000613608e+02   0.0000000000000000e+00   25362         target_error_reached    0.2063    
25     51241594      1.0000000000770629e+02   0.0000000000000000e+00   25657         target_error_reached    0.1925    
26     52241631      1.0000000000749640e+02   0.0000000000000000e+00   24056         target_error_reached    0.1801    
27     53241668      1.0000000000689131e+02   0.0000000000000000e+00   26089         target_error_reached    0.2113    
28     54241705      1.0000000000806547e+02   0.0000000000000000e+00   24950         target_error_reached    0.1821    
29     55241742      1.0000000000157999e+02   0.0000000000000000e+00   24760         target_error_reached    0.1558    
30     56241779      1.0000000000307429e+02   0.0000000000000000e+00   25288         target_error_reached    0.1607    

----- F2  D5  (30 runs)  optimum=1100  target_error=1e-08 -----
Run    Seed          Best_Fitness             Error                    NFEs          Termination             Runtime_s 
1      28240739      1.1019472968341752e+03   1.9472968341751766e+00   50000         max_evaluations         0.9630    
2      29240776      1.1116061313176788e+03   1.1606131317678773e+01   50000         max_evaluations         0.9545    
3      30240813      1.1031223084488197e+03   3.1223084488196946e+00   50000         max_evaluations         0.9767    
4      31240850      1.1149005115494333e+03   1.4900511549433304e+01   50000         max_evaluations         0.9904    
5      32240887      1.1073835925661751e+03   7.3835925661751389e+00   50000         max_evaluations         0.9438    
6      33240924      1.1089013882520962e+03   8.9013882520962397e+00   50000         max_evaluations         0.9623    
7      34240961      1.2240124127805680e+03   1.2401241278056796e+02   50000         max_evaluations         0.9741    
8      35240998      1.1072515778631259e+03   7.2515778631259309e+00   50000         max_evaluations         0.9753    
9      36241035      1.1216422084184578e+03   2.1642208418457813e+01   50000         max_evaluations         0.9219    
10     37241072      1.1042548939761805e+03   4.2548939761804832e+00   50000         max_evaluations         0.9368    
11     38241109      1.1129800524336802e+03   1.2980052433680157e+01   50000         max_evaluations         0.9695    
12     39241146      1.1251535355433948e+03   2.5153535543394810e+01   50000         max_evaluations         0.9792    
13     40241183      1.1168856275993171e+03   1.6885627599317104e+01   50000         max_evaluations         1.0167    
14     41241220      1.1375780221362393e+03   3.7578022136239269e+01   50000         max_evaluations         0.9801    
15     42241257      1.1042186897398701e+03   4.2186897398701149e+00   50000         max_evaluations         1.2635    
16     43241294      1.1087305552170005e+03   8.7305552170005285e+00   50000         max_evaluations         1.1890    
17     44241331      1.1074085646124604e+03   7.4085646124603954e+00   50000         max_evaluations         1.1731    
18     45241368      1.1078233526569034e+03   7.8233526569033529e+00   50000         max_evaluations         1.2269    
19     46241405      1.1071088878366427e+03   7.1088878366426798e+00   50000         max_evaluations         1.1833    
20     47241442      1.1194163044472689e+03   1.9416304447268885e+01   50000         max_evaluations         1.2303    
21     48241479      1.1048293124601310e+03   4.8293124601309501e+00   50000         max_evaluations         1.2212    
22     49241516      1.1087455715468241e+03   8.7455715468240669e+00   50000         max_evaluations         1.2120    
23     50241553      1.1089232236682451e+03   8.9232236682451003e+00   50000         max_evaluations         1.2303    
24     51241590      1.1223601886780821e+03   2.2360188678082068e+01   50000         max_evaluations         1.1824    
25     52241627      1.1076736624202913e+03   7.6736624202912935e+00   50000         max_evaluations         1.2816    
26     53241664      1.1004793968731697e+03   4.7939687316966229e-01   50000         max_evaluations         1.1940    
27     54241701      1.1047806420398060e+03   4.7806420398060254e+00   50000         max_evaluations         1.2264    
28     55241738      1.1017233955083680e+03   1.7233955083679575e+00   50000         max_evaluations         1.2589    
29     56241775      1.1035194428425762e+03   3.5194428425761544e+00   50000         max_evaluations         0.8128    
30     57241812      1.1064773883516027e+03   6.4773883516027126e+00   50000         max_evaluations         0.8045    

----- F3  D5  (30 runs)  optimum=700  target_error=1e-08 -----
Run    Seed          Best_Fitness             Error                    NFEs          Termination             Runtime_s 
1      29240772      7.0002263491768792e+02   2.2634917687923917e-02   50000         max_evaluations         0.9039    
2      30240809      7.0099495911983513e+02   9.9495911983512997e-01   50000         max_evaluations         0.9507    
3      31240846      7.0083408498540791e+02   8.3408498540791243e-01   50000         max_evaluations         0.9942    
4      32240883      7.0058571733127349e+02   5.8571733127348580e-01   50000         max_evaluations         0.8825    
5      33240920      7.0198403114538928e+02   1.9840311453892809e+00   50000         max_evaluations         0.9862    
6      34240957      7.0514822796606131e+02   5.1482279660613131e+00   50000         max_evaluations         0.9746    
7      35240994      7.0541062006810728e+02   5.4106200681072778e+00   50000         max_evaluations         1.0008    
8      36241031      7.0187080637083943e+02   1.8708063708394320e+00   50000         max_evaluations         1.0069    
9      37241068      7.0539917033574068e+02   5.3991703357406777e+00   50000         max_evaluations         1.0506    
10     38241105      7.0517523158450661e+02   5.1752315845066050e+00   50000         max_evaluations         1.0069    
11     39241142      7.0518039460537921e+02   5.1803946053792060e+00   50000         max_evaluations         0.9451    
12     40241179      7.0037664121426724e+02   3.7664121426723796e-01   50000         max_evaluations         0.9946    
13     41241216      7.0004956443754872e+02   4.9564437548724527e-02   50000         max_evaluations         1.0856    
14     42241253      7.0223193117914855e+02   2.2319311791485461e+00   50000         max_evaluations         1.0220    
15     43241290      7.0535158732593538e+02   5.3515873259353839e+00   50000         max_evaluations         1.3843    
16     44241327      7.0553345201693276e+02   5.5334520169327561e+00   50000         max_evaluations         1.5951    
17     45241364      7.0514822796606131e+02   5.1482279660613131e+00   50000         max_evaluations         1.4322    
18     46241401      7.0516995977588113e+02   5.1699597758811251e+00   50000         max_evaluations         1.5225    
19     47241438      7.0514822796606131e+02   5.1482279660613131e+00   50000         max_evaluations         1.4435    
20     48241475      7.0543288614424102e+02   5.4328861442410243e+00   50000         max_evaluations         1.4859    
21     49241512      7.0067359774718136e+02   6.7359774718136123e-01   50000         max_evaluations         1.5568    
22     50241549      7.0000094868947360e+02   9.4868947360282618e-04   50000         max_evaluations         1.4407    
23     51241586      7.0057206070331540e+02   5.7206070331540104e-01   50000         max_evaluations         1.3115    
24     52241623      7.0000000000846671e+02   0.0000000000000000e+00   49216         target_error_reached    1.4656    
25     53241660      7.0010477272401863e+02   1.0477272401863047e-01   50000         max_evaluations         1.4261    
26     54241697      7.0542341303078456e+02   5.4234130307845589e+00   50000         max_evaluations         1.4780    
27     55241734      7.0225132407192825e+02   2.2513240719282521e+00   50000         max_evaluations         1.3829    
28     56241771      7.0072034593922274e+02   7.2034593922273871e-01   50000         max_evaluations         1.5163    
29     57241808      7.0079460211218759e+02   7.9460211218759014e-01   50000         max_evaluations         0.9484    
30     58241845      7.0514822796606131e+02   5.1482279660613131e+00   50000         max_evaluations         0.9288    

----- F4  D5  (30 runs)  optimum=1900  target_error=1e-08 -----
Run    Seed          Best_Fitness             Error                    NFEs          Termination             Runtime_s 
1      30240805      1.9001157376135345e+03   1.1573761353452028e-01   50000         max_evaluations         0.8243    
2      31240842      1.9000872929157763e+03   8.7292915776288282e-02   50000         max_evaluations         0.7848    
3      32240879      1.9001682755194829e+03   1.6827551948290420e-01   50000         max_evaluations         0.8390    
4      33240916      1.9001385532848603e+03   1.3855328486033613e-01   50000         max_evaluations         0.7882    
5      34240953      1.9000971671103152e+03   9.7167110315240279e-02   50000         max_evaluations         0.7990    
6      35240990      1.9001398742933764e+03   1.3987429337635149e-01   50000         max_evaluations         0.8467    
7      36241027      1.9000502070190255e+03   5.0207019025492627e-02   50000         max_evaluations         0.8467    
8      37241064      1.9000936039479959e+03   9.3603947995916315e-02   50000         max_evaluations         0.8001    
9      38241101      1.9001458347847056e+03   1.4583478470558475e-01   50000         max_evaluations         0.8045    
10     39241138      1.9000732594866906e+03   7.3259486690631093e-02   50000         max_evaluations         0.8250    
11     40241175      1.9001127331263558e+03   1.1273312635580623e-01   50000         max_evaluations         0.8117    
12     41241212      1.9000709981849816e+03   7.0998184981590384e-02   50000         max_evaluations         0.7995    
13     42241249      1.9000490274107533e+03   4.9027410753296863e-02   50000         max_evaluations         0.8229    
14     43241286      1.9000100071339107e+03   1.0007133910676203e-02   50000         max_evaluations         0.8736    
15     44241323      1.9001784592655115e+03   1.7845926551149205e-01   50000         max_evaluations         1.1828    
16     45241360      1.9000656759054245e+03   6.5675905424541270e-02   50000         max_evaluations         1.1588    
17     46241397      1.9000264167455280e+03   2.6416745527967578e-02   50000         max_evaluations         1.1927    
18     47241434      1.9001196900318598e+03   1.1969003185981819e-01   50000         max_evaluations         1.1698    
19     48241471      1.9001222864902084e+03   1.2228649020835292e-01   50000         max_evaluations         1.2378    
20     49241508      1.9001162980837034e+03   1.1629808370344108e-01   50000         max_evaluations         1.2202    
21     50241545      1.9001981031499984e+03   1.9810314999836010e-01   50000         max_evaluations         1.2080    
22     51241582      1.9001618464442240e+03   1.6184644422401107e-01   50000         max_evaluations         1.2149    
23     52241619      1.9000943895177579e+03   9.4389517757917929e-02   50000         max_evaluations         1.2311    
24     53241656      1.9000867381373075e+03   8.6738137307520446e-02   50000         max_evaluations         1.1575    
25     54241693      1.9000400772410865e+03   4.0077241086464710e-02   50000         max_evaluations         1.2308    
26     55241730      1.9001736118762010e+03   1.7361187620099372e-01   50000         max_evaluations         1.1633    
27     56241767      1.9000177162397695e+03   1.7716239769470121e-02   50000         max_evaluations         1.1702    
28     57241804      1.9000582785646523e+03   5.8278564652255227e-02   50000         max_evaluations         1.2017    
29     58241841      1.9000845740313828e+03   8.4574031382771864e-02   50000         max_evaluations         0.8151    
30     59241878      1.9000944506718836e+03   9.4450671883578252e-02   50000         max_evaluations         0.8127    

----- F5  D5  (30 runs)  optimum=1700  target_error=1e-08 -----
Run    Seed          Best_Fitness             Error                    NFEs          Termination             Runtime_s 
1      31240838      1.7000000000057526e+03   0.0000000000000000e+00   31983         target_error_reached    0.3645    
2      32240875      1.7000000000093623e+03   0.0000000000000000e+00   33585         target_error_reached    0.3955    
3      33240912      1.7000000000040932e+03   0.0000000000000000e+00   36020         target_error_reached    0.4894    
4      34240949      1.7000000000096654e+03   0.0000000000000000e+00   34877         target_error_reached    0.4437    
5      35240986      1.7000000000002256e+03   0.0000000000000000e+00   29902         target_error_reached    0.3275    
6      36241023      1.7000000000006698e+03   0.0000000000000000e+00   32058         target_error_reached    0.3942    
7      37241060      1.7000000000029331e+03   0.0000000000000000e+00   33055         target_error_reached    0.4004    
8      38241097      1.7000000000088526e+03   0.0000000000000000e+00   34210         target_error_reached    0.4595    
9      39241134      1.7000000000082125e+03   0.0000000000000000e+00   32647         target_error_reached    0.3800    
10     40241171      1.7000000000048001e+03   0.0000000000000000e+00   32308         target_error_reached    0.3992    
11     41241208      1.7000000000046675e+03   0.0000000000000000e+00   34562         target_error_reached    0.4453    
12     42241245      1.7000000000006949e+03   0.0000000000000000e+00   32431         target_error_reached    0.3467    
13     43241282      1.7000000000090333e+03   0.0000000000000000e+00   31447         target_error_reached    0.3728    
14     44241319      1.7000000000025400e+03   0.0000000000000000e+00   29816         target_error_reached    0.3066    
15     45241356      1.7000000000032471e+03   0.0000000000000000e+00   32283         target_error_reached    0.4493    
16     46241393      1.7000000000059656e+03   0.0000000000000000e+00   32695         target_error_reached    0.4622    
17     47241430      1.7000000000056875e+03   0.0000000000000000e+00   28693         target_error_reached    0.3362    
18     48241467      1.7000000000059442e+03   0.0000000000000000e+00   31681         target_error_reached    0.4433    
19     49241504      1.7000000000096220e+03   0.0000000000000000e+00   34430         target_error_reached    0.5210    
20     50241541      1.7000000000086973e+03   0.0000000000000000e+00   34919         target_error_reached    0.5375    
21     51241578      1.7000000000033051e+03   0.0000000000000000e+00   32839         target_error_reached    0.4624    
22     52241615      1.7000000000053517e+03   0.0000000000000000e+00   35024         target_error_reached    0.5572    
23     53241652      1.7000000000098448e+03   0.0000000000000000e+00   30597         target_error_reached    0.4226    
24     54241689      1.7000000000044010e+03   0.0000000000000000e+00   34100         target_error_reached    0.5009    
25     55241726      1.7000000000060668e+03   0.0000000000000000e+00   33125         target_error_reached    0.4750    
26     56241763      1.7000000000011742e+03   0.0000000000000000e+00   31083         target_error_reached    0.4151    
27     57241800      1.7000000000029524e+03   0.0000000000000000e+00   31135         target_error_reached    0.4254    
28     58241837      1.7000000000057864e+03   0.0000000000000000e+00   36020         target_error_reached    0.5124    
29     59241874      1.7000000000078376e+03   0.0000000000000000e+00   33814         target_error_reached    0.4116    
30     60241911      1.7000000000072287e+03   0.0000000000000000e+00   35150         target_error_reached    0.4282    

----- F8  D5  (30 runs)  optimum=2200  target_error=1e-08 -----
Run    Seed          Best_Fitness             Error                    NFEs          Termination             Runtime_s 
1      34240937      2.2000000000098717e+03   0.0000000000000000e+00   31343         target_error_reached    0.4398    
2      35240974      2.2000000000050336e+03   0.0000000000000000e+00   31808         target_error_reached    0.4429    
3      36241011      2.2000000000071077e+03   0.0000000000000000e+00   31317         target_error_reached    0.4307    
4      37241048      2.2000000000056157e+03   0.0000000000000000e+00   32719         target_error_reached    0.4710    
5      38241085      2.2000000000024133e+03   0.0000000000000000e+00   29204         target_error_reached    0.3843    
6      39241122      2.2000000000089326e+03   0.0000000000000000e+00   30070         target_error_reached    0.4180    
7      40241159      2.2000000000080618e+03   0.0000000000000000e+00   31187         target_error_reached    0.4391    
8      41241196      2.2000000000099958e+03   0.0000000000000000e+00   33677         target_error_reached    0.5192    
9      42241233      2.2000000000056939e+03   0.0000000000000000e+00   32431         target_error_reached    0.4649    
10     43241270      2.2000000000097530e+03   0.0000000000000000e+00   32233         target_error_reached    0.4427    
11     44241307      2.2000000000069149e+03   0.0000000000000000e+00   34078         target_error_reached    0.5191    
12     45241344      2.2000000000094701e+03   0.0000000000000000e+00   30294         target_error_reached    0.3525    
13     46241381      2.2000000000061136e+03   0.0000000000000000e+00   32133         target_error_reached    0.4555    
14     47241418      2.2000000000071423e+03   0.0000000000000000e+00   32479         target_error_reached    0.4763    
15     48241455      2.2000000000047016e+03   0.0000000000000000e+00   32935         target_error_reached    0.5520    
16     49241492      2.2000000000091977e+03   0.0000000000000000e+00   31758         target_error_reached    0.5552    
17     50241529      2.2000000000076143e+03   0.0000000000000000e+00   33102         target_error_reached    0.5637    
18     51241566      2.2000000000073496e+03   0.0000000000000000e+00   33654         target_error_reached    0.5939    
19     52241603      2.2000000000069858e+03   0.0000000000000000e+00   34518         target_error_reached    0.6101    
20     53241640      2.2000000000090586e+03   0.0000000000000000e+00   32743         target_error_reached    0.5708    
21     54241677      2.2000000000083769e+03   0.0000000000000000e+00   33814         target_error_reached    0.5820    
22     55241714      2.2000000000091882e+03   0.0000000000000000e+00   33968         target_error_reached    0.5984    
23     56241751      2.2000000000087193e+03   0.0000000000000000e+00   32033         target_error_reached    0.5241    
24     57241788      2.2000000000080618e+03   0.0000000000000000e+00   33332         target_error_reached    0.5789    
25     58241825      2.2000000000087025e+03   0.0000000000000000e+00   31083         target_error_reached    0.5232    
26     59241862      2.2000000000093191e+03   0.0000000000000000e+00   31808         target_error_reached    0.5067    
27     60241899      2.2000000000070763e+03   0.0000000000000000e+00   29930         target_error_reached    0.4842    
28     61241936      2.2000000000090254e+03   0.0000000000000000e+00   31603         target_error_reached    0.5349    
29     62241973      2.2000000000098998e+03   0.0000000000000000e+00   31473         target_error_reached    0.3982    
30     63242010      2.2000000000066848e+03   0.0000000000000000e+00   31577         target_error_reached    0.3961    

----- F9  D5  (30 runs)  optimum=2400  target_error=1e-08 -----
Run    Seed          Best_Fitness             Error                    NFEs          Termination             Runtime_s 
1      35240970      2.4000000000079453e+03   0.0000000000000000e+00   32258         target_error_reached    0.4741    
2      36241007      2.4000000000093241e+03   0.0000000000000000e+00   32407         target_error_reached    0.4960    
3      37241044      2.5000000000000000e+03   1.0000000000000000e+02   50000         max_evaluations         1.3624    
4      38241081      2.5000000000000000e+03   1.0000000000000000e+02   50000         max_evaluations         1.4338    
5      39241118      2.4000000000066352e+03   0.0000000000000000e+00   32283         target_error_reached    0.4710    
6      40241155      2.4000000000077034e+03   0.0000000000000000e+00   35500         target_error_reached    0.5795    
7      41241192      2.4000000000098053e+03   0.0000000000000000e+00   36200         target_error_reached    0.6730    
8      42241229      2.4000000000045320e+03   0.0000000000000000e+00   31758         target_error_reached    0.4653    
9      43241266      2.4000000000094806e+03   0.0000000000000000e+00   37996         target_error_reached    0.6746    
10     44241303      2.4000000000086802e+03   0.0000000000000000e+00   33516         target_error_reached    0.5587    
11     45241340      2.5000000000000000e+03   1.0000000000000000e+02   50000         max_evaluations         1.4336    
12     46241377      2.4000000000094942e+03   0.0000000000000000e+00   35339         target_error_reached    0.5686    
13     47241414      2.4000000000075138e+03   0.0000000000000000e+00   34625         target_error_reached    0.5455    
14     48241451      2.5000000000000000e+03   1.0000000000000000e+02   50000         max_evaluations         1.4220    
15     49241488      2.4000000000099762e+03   0.0000000000000000e+00   31908         target_error_reached    0.5705    
16     50241525      2.4000000000049440e+03   0.0000000000000000e+00   33493         target_error_reached    0.5919    
17     51241562      2.5000000000000000e+03   1.0000000000000000e+02   50000         max_evaluations         1.3515    
18     52241599      2.4000000000061973e+03   0.0000000000000000e+00   34562         target_error_reached    0.6376    
19     53241636      2.4000000000074651e+03   0.0000000000000000e+00   32767         target_error_reached    0.6106    
20     54241673      2.4000000000099967e+03   0.0000000000000000e+00   31983         target_error_reached    0.5719    
21     55241710      2.4000000000095001e+03   0.0000000000000000e+00   34667         target_error_reached    0.7084    
22     56241747      2.4000000000060190e+03   0.0000000000000000e+00   33723         target_error_reached    0.6636    
23     57241784      2.4000000000077412e+03   0.0000000000000000e+00   37258         target_error_reached    0.7814    
24     58241821      2.4000000000082364e+03   0.0000000000000000e+00   34540         target_error_reached    0.6613    
25     59241858      2.5000000000000000e+03   1.0000000000000000e+02   50000         max_evaluations         1.2050    
26     60241895      2.4000000000096179e+03   0.0000000000000000e+00   33924         target_error_reached    0.6201    
27     61241932      2.4000000000095929e+03   0.0000000000000000e+00   32575         target_error_reached    0.5153    
28     62241969      2.5000000000000000e+03   1.0000000000000000e+02   50000         max_evaluations         1.1107    
29     63242006      2.5000000000000000e+03   1.0000000000000000e+02   50000         max_evaluations         1.1498    
30     64242043      2.4000000000079681e+03   0.0000000000000000e+00   31858         target_error_reached    0.4803    

----- F10  D5  (30 runs)  optimum=2500  target_error=1e-08 -----
Run    Seed          Best_Fitness             Error                    NFEs          Termination             Runtime_s 
1      36241003      2.8473669159351875e+03   3.4736691593518754e+02   50000         max_evaluations         1.4280    
2      37241040      2.8000000000000000e+03   3.0000000000000000e+02   50000         max_evaluations         1.4789    
3      38241077      2.6000002802590825e+03   1.0000028025908250e+02   50000         max_evaluations         1.5698    
4      39241114      2.8000000000000000e+03   3.0000000000000000e+02   50000         max_evaluations         1.4978    
5      40241151      2.8473669159351875e+03   3.4736691593518754e+02   50000         max_evaluations         1.5088    
6      41241188      2.8000000000000000e+03   3.0000000000000000e+02   50000         max_evaluations         1.5232    
7      42241225      2.6000003213781820e+03   1.0000032137818198e+02   50000         max_evaluations         1.5295    
8      43241262      2.5000000000049463e+03   0.0000000000000000e+00   29874         target_error_reached    0.4083    
9      44241299      2.6000000075091607e+03   1.0000000750916070e+02   50000         max_evaluations         1.4838    
10     45241336      2.8473669159351875e+03   3.4736691593518754e+02   50000         max_evaluations         1.5410    
11     46241373      2.8000000000000000e+03   3.0000000000000000e+02   50000         max_evaluations         1.4959    
12     47241410      2.8473669159351875e+03   3.4736691593518754e+02   50000         max_evaluations         1.5127    
13     48241447      2.8473669159351875e+03   3.4736691593518754e+02   50000         max_evaluations         1.4706    
14     49241484      2.6000000140424327e+03   1.0000001404243267e+02   50000         max_evaluations         1.4583    
15     50241521      2.5000000000080504e+03   0.0000000000000000e+00   27488         target_error_reached    0.4247    
16     51241558      2.8000000000000000e+03   3.0000000000000000e+02   50000         max_evaluations         1.8215    
17     52241595      2.8000000000000000e+03   3.0000000000000000e+02   50000         max_evaluations         1.7445    
18     53241632      2.8473669159351875e+03   3.4736691593518754e+02   50000         max_evaluations         1.8558    
19     54241669      2.5000000000094938e+03   0.0000000000000000e+00   27877         target_error_reached    0.4969    
20     55241706      2.8000000000000000e+03   3.0000000000000000e+02   50000         max_evaluations         1.7204    
21     56241743      2.8000000000000000e+03   3.0000000000000000e+02   50000         max_evaluations         1.7524    
22     57241780      2.5000000000093432e+03   0.0000000000000000e+00   29410         target_error_reached    0.5423    
23     58241817      2.8473669159351875e+03   3.4736691593518754e+02   50000         max_evaluations         1.8376    
24     59241854      2.6000003074609772e+03   1.0000030746097718e+02   50000         max_evaluations         1.8307    
25     60241891      2.6000001707075085e+03   1.0000017070750846e+02   50000         max_evaluations         1.8725    
26     61241928      2.8473669159351875e+03   3.4736691593518754e+02   50000         max_evaluations         1.8485    
27     62241965      2.8000000000000000e+03   3.0000000000000000e+02   50000         max_evaluations         1.8327    
28     63242002      2.8000000000000000e+03   3.0000000000000000e+02   50000         max_evaluations         1.7045    
29     64242039      2.8000000000000000e+03   3.0000000000000000e+02   50000         max_evaluations         1.8156    
30     65242076      2.5000000000070841e+03   0.0000000000000000e+00   26887         target_error_reached    0.4726    

