==============================================================================================================
DETAILED PER-RUN LOG   APGSK   CEC2013LSGO   D1000
runs per function : 25
functions         : [1 2 3 4 5 6 7 8 9 10 11 12]
statistics basis  : raw objective
generated         : 2026-07-23_02.58.40
==============================================================================================================

----- F1  D1000  (25 runs)  optimum=nan  target_error=nan -----
Run    Seed          Best_Fitness             Error                    NFEs          Termination             Runtime_s 
1      1022243691    6.9993258797173366e+07   nan                      3000000       max_evaluations         728.3609  
2      1023243728    4.8963317977818973e+07   nan                      3000000       max_evaluations         780.6070  
3      1024243765    6.6750362695807047e+07   nan                      3000000       max_evaluations         773.9955  
4      1025243802    2.3346091972156817e+08   nan                      3000000       max_evaluations         729.6044  
5      1026243839    4.3842791234051101e+07   nan                      3000000       max_evaluations         727.7190  
6      1027243876    1.2229833954301168e+08   nan                      3000000       max_evaluations         779.7238  
7      1028243913    2.0207151619369462e+07   nan                      3000000       max_evaluations         729.4954  
8      1029243950    1.5245236274457736e+07   nan                      3000000       max_evaluations         725.6138  
9      1030243987    2.3042928321785069e+08   nan                      3000000       max_evaluations         783.8456  
10     1031244024    3.6016248677479193e+07   nan                      3000000       max_evaluations         781.3271  
11     1032244061    5.3268020768548705e+07   nan                      3000000       max_evaluations         728.6496  
12     1033244098    3.9000934078656524e+07   nan                      3000000       max_evaluations         779.2671  
13     1034244135    5.4014044828437559e+07   nan                      3000000       max_evaluations         783.6970  
14     1035244172    2.4711706589460004e+07   nan                      3000000       max_evaluations         666.6888  
15     1036244209    5.2442989518495589e+07   nan                      3000000       max_evaluations         671.0116  
16     1037244246    8.8683189123151034e+07   nan                      3000000       max_evaluations         670.1729  
17     1038244283    9.8985836110748142e+07   nan                      3000000       max_evaluations         668.2276  
18     1039244320    3.1089928273391668e+07   nan                      3000000       max_evaluations         671.5861  
19     1040244357    3.8967296938381809e+08   nan                      3000000       max_evaluations         669.1000  
20     1041244394    1.0096906990609249e+08   nan                      3000000       max_evaluations         686.7350  
21     1042244431    4.4347291900508203e+07   nan                      3000000       max_evaluations         682.9747  
22     1043244468    3.5831574047406334e+08   nan                      3000000       max_evaluations         679.1562  
23     1044244505    3.3843231209238827e+07   nan                      3000000       max_evaluations         683.5221  
24     1045244542    1.2518890960867798e+08   nan                      3000000       max_evaluations         681.7884  
25     1046244579    2.0885843149099316e+07   nan                      3000000       max_evaluations         680.7134  

----- F2  D1000  (25 runs)  optimum=nan  target_error=nan -----
Run    Seed          Best_Fitness             Error                    NFEs          Termination             Runtime_s 
1      1023243724    1.5473789768042379e+04   nan                      3000000       max_evaluations         1018.5124 
2      1024243761    1.5108068535812872e+04   nan                      3000000       max_evaluations         854.7465  
3      1025243798    1.6079801072699618e+04   nan                      3000000       max_evaluations         855.8725  
4      1026243835    1.6535532610958453e+04   nan                      3000000       max_evaluations         856.8570  
5      1027243872    1.5461170553874072e+04   nan                      3000000       max_evaluations         856.7879  
6      1028243909    1.5586781809864737e+04   nan                      3000000       max_evaluations         861.2634  
7      1029243946    1.5993128381882449e+04   nan                      3000000       max_evaluations         861.2748  
8      1030243983    1.5816904571951183e+04   nan                      3000000       max_evaluations         1013.3919 
9      1031244020    1.6751742399345443e+04   nan                      3000000       max_evaluations         1012.5334 
10     1032244057    1.5511961678194042e+04   nan                      3000000       max_evaluations         1009.4535 
11     1033244094    1.5957063297651603e+04   nan                      3000000       max_evaluations         1010.5325 
12     1034244131    1.6094648241957710e+04   nan                      3000000       max_evaluations         1013.9260 
13     1035244168    1.6318066144294691e+04   nan                      3000000       max_evaluations         1003.7961 
14     1036244205    1.6818231489888578e+04   nan                      3000000       max_evaluations         863.8002  
15     1037244242    1.5344743339281773e+04   nan                      3000000       max_evaluations         868.7275  
16     1038244279    1.6097281589646103e+04   nan                      3000000       max_evaluations         868.9489  
17     1039244316    1.5915238189662514e+04   nan                      3000000       max_evaluations         870.2053  
18     1040244353    1.6766660519492514e+04   nan                      3000000       max_evaluations         866.9717  
19     1041244390    1.4771347461481038e+04   nan                      3000000       max_evaluations         869.0495  
20     1042244427    1.5670593202357435e+04   nan                      3000000       max_evaluations         895.0381  
21     1043244464    1.5769222839208869e+04   nan                      3000000       max_evaluations         893.4981  
22     1044244501    1.5853852121943431e+04   nan                      3000000       max_evaluations         895.2317  
23     1045244538    1.6013103581837040e+04   nan                      3000000       max_evaluations         893.1394  
24     1046244575    1.5912028750928906e+04   nan                      3000000       max_evaluations         889.7791  
25     1047244612    1.6417808056394122e+04   nan                      3000000       max_evaluations         889.7497  

----- F3  D1000  (25 runs)  optimum=nan  target_error=nan -----
Run    Seed          Best_Fitness             Error                    NFEs          Termination             Runtime_s 
1      1024243757    2.1331645292789776e+01   nan                      3000000       max_evaluations         1027.8788 
2      1025243794    2.1323129037897491e+01   nan                      3000000       max_evaluations         889.0180  
3      1026243831    2.1309851189634724e+01   nan                      3000000       max_evaluations         882.5767  
4      1027243868    2.1317199131520194e+01   nan                      3000000       max_evaluations         885.9753  
5      1028243905    2.1318029209004454e+01   nan                      3000000       max_evaluations         885.9298  
6      1029243942    2.1316686074346823e+01   nan                      3000000       max_evaluations         889.5120  
7      1030243979    2.1308301439464124e+01   nan                      3000000       max_evaluations         895.4329  
8      1031244016    2.1315730110298837e+01   nan                      3000000       max_evaluations         1033.6156 
9      1032244053    2.1313539010537436e+01   nan                      3000000       max_evaluations         1030.2131 
10     1033244090    2.1308287536080851e+01   nan                      3000000       max_evaluations         1038.8405 
11     1034244127    2.1317642422734149e+01   nan                      3000000       max_evaluations         1035.7208 
12     1035244164    2.1324735944503420e+01   nan                      3000000       max_evaluations         1033.4657 
13     1036244201    2.1322048837206101e+01   nan                      3000000       max_evaluations         1034.5175 
14     1037244238    2.1323917100408707e+01   nan                      3000000       max_evaluations         881.2531  
15     1038244275    2.1321827280356032e+01   nan                      3000000       max_evaluations         885.7077  
16     1039244312    2.1324678269139739e+01   nan                      3000000       max_evaluations         883.4902  
17     1040244349    2.1310310939711094e+01   nan                      3000000       max_evaluations         882.8356  
18     1041244386    2.1321216804355103e+01   nan                      3000000       max_evaluations         885.6664  
19     1042244423    2.1327714299340506e+01   nan                      3000000       max_evaluations         891.8865  
20     1043244460    2.1322920266956974e+01   nan                      3000000       max_evaluations         913.1322  
21     1044244497    2.1317856024698294e+01   nan                      3000000       max_evaluations         916.5241  
22     1045244534    2.1319918510377807e+01   nan                      3000000       max_evaluations         909.1975  
23     1046244571    2.1326799585677620e+01   nan                      3000000       max_evaluations         911.2504  
24     1047244608    2.1315462821586546e+01   nan                      3000000       max_evaluations         914.4025  
25     1048244645    2.1320704799406215e+01   nan                      3000000       max_evaluations         917.3194  

----- F4  D1000  (25 runs)  optimum=nan  target_error=nan -----
Run    Seed          Best_Fitness             Error                    NFEs          Termination             Runtime_s 
1      1025243790    1.3639120002001410e+10   nan                      3000000       max_evaluations         849.1324  
2      1026243827    1.8622022012094955e+10   nan                      3000000       max_evaluations         741.2299  
3      1027243864    1.5808520765361792e+10   nan                      3000000       max_evaluations         740.5351  
4      1028243901    1.5898997356973738e+10   nan                      3000000       max_evaluations         743.1717  
5      1029243938    1.0142976559531761e+10   nan                      3000000       max_evaluations         741.8835  
6      1030243975    1.8759210757919559e+10   nan                      3000000       max_evaluations         737.8298  
7      1031244012    3.3855223167971275e+10   nan                      3000000       max_evaluations         748.4180  
8      1032244049    1.6999673610686028e+10   nan                      3000000       max_evaluations         849.2609  
9      1033244086    1.7182728429365486e+10   nan                      3000000       max_evaluations         838.6470  
10     1034244123    1.8708543675934380e+10   nan                      3000000       max_evaluations         836.1491  
11     1035244160    1.7437825185074966e+10   nan                      3000000       max_evaluations         840.9118  
12     1036244197    1.6588548198026440e+10   nan                      3000000       max_evaluations         844.4502  
13     1037244234    1.2121670178013420e+10   nan                      3000000       max_evaluations         836.5899  
14     1038244271    1.6676313797515728e+10   nan                      3000000       max_evaluations         719.6312  
15     1039244308    1.5913539088805073e+10   nan                      3000000       max_evaluations         717.3706  
16     1040244345    1.8357660011472572e+10   nan                      3000000       max_evaluations         722.6901  
17     1041244382    1.4330496771281963e+10   nan                      3000000       max_evaluations         717.3666  
18     1042244419    1.4781461337819818e+10   nan                      3000000       max_evaluations         725.3332  
19     1043244456    1.2981401848067480e+10   nan                      3000000       max_evaluations         719.9479  
20     1044244493    1.3036643546018368e+10   nan                      3000000       max_evaluations         753.9346  
21     1045244530    2.7583355067715099e+10   nan                      3000000       max_evaluations         764.9821  
22     1046244567    1.9519288663524235e+10   nan                      3000000       max_evaluations         761.3482  
23     1047244604    1.5824523593224979e+10   nan                      3000000       max_evaluations         755.0253  
24     1048244641    1.9242490860721596e+10   nan                      3000000       max_evaluations         759.7557  
25     1049244678    1.3830829165913322e+10   nan                      3000000       max_evaluations         755.8435  

----- F5  D1000  (25 runs)  optimum=nan  target_error=nan -----
Run    Seed          Best_Fitness             Error                    NFEs          Termination             Runtime_s 
1      1026243823    1.0409563812538309e+07   nan                      3000000       max_evaluations         1357.4592 
2      1027243860    1.1873972285325902e+07   nan                      3000000       max_evaluations         1185.5532 
3      1028243897    1.0410845480264848e+07   nan                      3000000       max_evaluations         1179.6444 
4      1029243934    1.1867777757512469e+07   nan                      3000000       max_evaluations         1179.6795 
5      1030243971    1.0523327883991580e+07   nan                      3000000       max_evaluations         1181.5575 
6      1031244008    1.0938769812609987e+07   nan                      3000000       max_evaluations         1192.9776 
7      1032244045    1.0583567726120740e+07   nan                      3000000       max_evaluations         1182.9805 
8      1033244082    1.0846194536608217e+07   nan                      3000000       max_evaluations         1351.2206 
9      1034244119    1.1521308720875539e+07   nan                      3000000       max_evaluations         1349.5040 
10     1035244156    1.0638385007239442e+07   nan                      3000000       max_evaluations         1355.6624 
11     1036244193    1.0477566949126203e+07   nan                      3000000       max_evaluations         1348.3642 
12     1037244230    1.1360511031782584e+07   nan                      3000000       max_evaluations         1355.1980 
13     1038244267    1.0062429074813442e+07   nan                      3000000       max_evaluations         1359.4178 
14     1039244304    1.0755525084034441e+07   nan                      3000000       max_evaluations         1097.3365 
15     1040244341    1.0679226513063086e+07   nan                      3000000       max_evaluations         1092.7221 
16     1041244378    1.0703955153832961e+07   nan                      3000000       max_evaluations         1096.9943 
17     1042244415    1.0657815478300778e+07   nan                      3000000       max_evaluations         1100.2033 
18     1043244452    9.8902365419970267e+06   nan                      3000000       max_evaluations         1100.1448 
19     1044244489    1.0786617386393148e+07   nan                      3000000       max_evaluations         1096.2797 
20     1045244526    1.0190107091421658e+07   nan                      3000000       max_evaluations         1132.9395 
21     1046244563    9.9377566146576852e+06   nan                      3000000       max_evaluations         1138.8319 
22     1047244600    1.1335364212336177e+07   nan                      3000000       max_evaluations         1135.0536 
23     1048244637    1.0062554066837350e+07   nan                      3000000       max_evaluations         1133.6855 
24     1049244674    1.0409880710595351e+07   nan                      3000000       max_evaluations         1134.2686 
25     1050244711    1.1138440909159094e+07   nan                      3000000       max_evaluations         1134.0331 

----- F6  D1000  (25 runs)  optimum=nan  target_error=nan -----
Run    Seed          Best_Fitness             Error                    NFEs          Termination             Runtime_s 
1      1027243856    1.0603541260580325e+06   nan                      3000000       max_evaluations         1240.4490 
2      1028243893    1.0593972024502696e+06   nan                      3000000       max_evaluations         1141.1843 
3      1029243930    1.0622231372061635e+06   nan                      3000000       max_evaluations         1137.9555 
4      1030243967    1.0581469937214227e+06   nan                      3000000       max_evaluations         1139.2144 
5      1031244004    1.0602007521216408e+06   nan                      3000000       max_evaluations         1137.9133 
6      1032244041    1.0561729898430025e+06   nan                      3000000       max_evaluations         1137.9771 
7      1033244078    1.0603834944314314e+06   nan                      3000000       max_evaluations         1143.0256 
8      1034244115    1.0610785378735580e+06   nan                      3000000       max_evaluations         1249.7443 
9      1035244152    1.0582501858925316e+06   nan                      3000000       max_evaluations         1241.5746 
10     1036244189    1.0580634982410483e+06   nan                      3000000       max_evaluations         1246.0501 
11     1037244226    1.0611228320374656e+06   nan                      3000000       max_evaluations         1254.4531 
12     1038244263    1.0604434980303389e+06   nan                      3000000       max_evaluations         1242.7636 
13     1039244300    1.0604267710672969e+06   nan                      3000000       max_evaluations         1248.9120 
14     1040244337    1.0602955230207115e+06   nan                      3000000       max_evaluations         1091.5398 
15     1041244374    1.0605898513562758e+06   nan                      3000000       max_evaluations         1090.2897 
16     1042244411    1.0600787332100142e+06   nan                      3000000       max_evaluations         1092.4191 
17     1043244448    1.0614373039399441e+06   nan                      3000000       max_evaluations         1092.5902 
18     1044244485    1.0620128320756771e+06   nan                      3000000       max_evaluations         1089.4393 
19     1045244522    1.0601876447560177e+06   nan                      3000000       max_evaluations         1092.5204 
20     1046244559    1.0617887202039256e+06   nan                      3000000       max_evaluations         1117.0629 
21     1047244596    1.0602256222369552e+06   nan                      3000000       max_evaluations         1108.3578 
22     1048244633    1.0599788195435805e+06   nan                      3000000       max_evaluations         1104.5249 
23     1049244670    1.0605162792354771e+06   nan                      3000000       max_evaluations         1107.0087 
24     1050244707    1.0599547566749393e+06   nan                      3000000       max_evaluations         1108.1995 
25     1051244744    1.0603118927341164e+06   nan                      3000000       max_evaluations         1109.1013 

----- F7  D1000  (25 runs)  optimum=nan  target_error=nan -----
Run    Seed          Best_Fitness             Error                    NFEs          Termination             Runtime_s 
1      1028243889    3.3162455612143382e+07   nan                      3000000       max_evaluations         605.9373  
2      1029243926    4.7237412088495828e+07   nan                      3000000       max_evaluations         560.8766  
3      1030243963    3.7085794390771329e+07   nan                      3000000       max_evaluations         562.7164  
4      1031244000    4.3903340039847299e+07   nan                      3000000       max_evaluations         562.3174  
5      1032244037    4.0101624263221502e+07   nan                      3000000       max_evaluations         557.2949  
6      1033244074    3.3955101114335336e+07   nan                      3000000       max_evaluations         559.7760  
7      1034244111    4.1370289379935950e+07   nan                      3000000       max_evaluations         565.1634  
8      1035244148    4.6506045830350652e+07   nan                      3000000       max_evaluations         599.4157  
9      1036244185    3.5319535631073534e+07   nan                      3000000       max_evaluations         597.2089  
10     1037244222    5.0175366607364357e+07   nan                      3000000       max_evaluations         600.9334  
11     1038244259    4.4964960848583706e+07   nan                      3000000       max_evaluations         600.7639  
12     1039244296    4.0204058114855208e+07   nan                      3000000       max_evaluations         603.0673  
13     1040244333    3.0658464998197343e+07   nan                      3000000       max_evaluations         602.4392  
14     1041244370    5.8748447848207109e+07   nan                      3000000       max_evaluations         545.5206  
15     1042244407    3.0945771178266943e+07   nan                      3000000       max_evaluations         546.8314  
16     1043244444    3.2971610511320826e+07   nan                      3000000       max_evaluations         545.8059  
17     1044244481    5.2126954292151161e+07   nan                      3000000       max_evaluations         546.4519  
18     1045244518    4.0855451359869406e+07   nan                      3000000       max_evaluations         546.4193  
19     1046244555    3.9113363746500969e+07   nan                      3000000       max_evaluations         548.1515  
20     1047244592    5.8329218324656092e+07   nan                      3000000       max_evaluations         554.4482  
21     1048244629    3.4030775213357270e+07   nan                      3000000       max_evaluations         553.6669  
22     1049244666    4.4550275271473840e+07   nan                      3000000       max_evaluations         551.4959  
23     1050244703    4.2201991112717658e+07   nan                      3000000       max_evaluations         551.8185  
24     1051244740    3.6576858167156033e+07   nan                      3000000       max_evaluations         551.4250  
25     1052244777    5.5563119882679522e+07   nan                      3000000       max_evaluations         551.9396  

----- F8  D1000  (25 runs)  optimum=nan  target_error=nan -----
Run    Seed          Best_Fitness             Error                    NFEs          Termination             Runtime_s 
1      1029243922    4.6278789894406203e+13   nan                      3000000       max_evaluations         1295.8931 
2      1030243959    4.2761634244202320e+13   nan                      3000000       max_evaluations         1168.7292 
3      1031243996    3.1880700421190582e+13   nan                      3000000       max_evaluations         1176.7176 
4      1032244033    1.1528122167990900e+14   nan                      3000000       max_evaluations         1173.4233 
5      1033244070    7.8233184382842219e+13   nan                      3000000       max_evaluations         1180.9955 
6      1034244107    1.2314767322582016e+14   nan                      3000000       max_evaluations         1176.4658 
7      1035244144    7.1625158935701672e+13   nan                      3000000       max_evaluations         1182.9364 
8      1036244181    4.7921549579580281e+13   nan                      3000000       max_evaluations         1288.0366 
9      1037244218    3.2636016734977648e+13   nan                      3000000       max_evaluations         1289.8353 
10     1038244255    8.7794578556830234e+13   nan                      3000000       max_evaluations         1292.2085 
11     1039244292    7.2998317696593016e+13   nan                      3000000       max_evaluations         1290.8407 
12     1040244329    1.0673076490389091e+14   nan                      3000000       max_evaluations         1294.1600 
13     1041244366    5.3303453897157125e+13   nan                      3000000       max_evaluations         1293.3151 
14     1042244403    4.2875777910974180e+13   nan                      3000000       max_evaluations         1195.4391 
15     1043244440    4.9846616395753531e+13   nan                      3000000       max_evaluations         1189.2403 
16     1044244477    5.5358829502016680e+13   nan                      3000000       max_evaluations         1193.6860 
17     1045244514    1.5521864101471393e+13   nan                      3000000       max_evaluations         1193.1749 
18     1046244551    9.3232829036142734e+13   nan                      3000000       max_evaluations         1193.1557 
19     1047244588    3.7687467232026109e+13   nan                      3000000       max_evaluations         1193.2855 
20     1048244625    2.9352239017694070e+13   nan                      3000000       max_evaluations         1215.3744 
21     1049244662    7.9543596121817938e+13   nan                      3000000       max_evaluations         1221.8417 
22     1050244699    1.0306327145733491e+14   nan                      3000000       max_evaluations         1216.2408 
23     1051244736    5.4452169068108375e+13   nan                      3000000       max_evaluations         1219.1084 
24     1052244773    1.5793997915313297e+13   nan                      3000000       max_evaluations         1218.8830 
25     1053244810    2.3291348712577355e+13   nan                      3000000       max_evaluations         1217.4768 

----- F9  D1000  (25 runs)  optimum=nan  target_error=nan -----
Run    Seed          Best_Fitness             Error                    NFEs          Termination             Runtime_s 
1      1030243955    8.8953983865478063e+08   nan                      3000000       max_evaluations         1714.5713 
2      1031243992    7.8291643771881509e+08   nan                      3000000       max_evaluations         1511.8564 
3      1032244029    8.4933844462720001e+08   nan                      3000000       max_evaluations         1506.3283 
4      1033244066    6.7994038070315242e+08   nan                      3000000       max_evaluations         1509.8223 
5      1034244103    7.6879858290532327e+08   nan                      3000000       max_evaluations         1518.2030 
6      1035244140    7.5622217903187990e+08   nan                      3000000       max_evaluations         1507.1527 
7      1036244177    7.2713813000568545e+08   nan                      3000000       max_evaluations         1515.7424 
8      1037244214    6.8116108569223297e+08   nan                      3000000       max_evaluations         1708.4802 
9      1038244251    7.9991960712093878e+08   nan                      3000000       max_evaluations         1711.7570 
10     1039244288    7.4327697793975711e+08   nan                      3000000       max_evaluations         1709.9405 
11     1040244325    7.9395692290187192e+08   nan                      3000000       max_evaluations         1714.1149 
12     1041244362    7.7820487962698817e+08   nan                      3000000       max_evaluations         1716.1553 
13     1042244399    8.7142088411679268e+08   nan                      3000000       max_evaluations         1705.9935 
14     1043244436    7.8398707266903245e+08   nan                      3000000       max_evaluations         1365.7139 
15     1044244473    7.3660415512860930e+08   nan                      3000000       max_evaluations         1371.6910 
16     1045244510    9.1782973835431588e+08   nan                      3000000       max_evaluations         1368.0415 
17     1046244547    8.5554816864192545e+08   nan                      3000000       max_evaluations         1363.1194 
18     1047244584    7.4342149275351250e+08   nan                      3000000       max_evaluations         1367.0700 
19     1048244621    7.4779839371942592e+08   nan                      3000000       max_evaluations         1368.4014 
20     1049244658    8.6375686563305020e+08   nan                      3000000       max_evaluations         1427.6016 
21     1050244695    7.9955920624317789e+08   nan                      3000000       max_evaluations         1425.4109 
22     1051244732    7.4082697273531806e+08   nan                      3000000       max_evaluations         1426.5220 
23     1052244769    8.3299763558971095e+08   nan                      3000000       max_evaluations         1420.4725 
24     1053244806    8.2091404334354007e+08   nan                      3000000       max_evaluations         1423.4871 
25     1054244843    8.3161291983362961e+08   nan                      3000000       max_evaluations         1423.4330 

----- F10  D1000  (25 runs)  optimum=nan  target_error=nan -----
Run    Seed          Best_Fitness             Error                    NFEs          Termination             Runtime_s 
1      1031243988    9.2868309586699292e+07   nan                      3000000       max_evaluations         2006.6902 
2      1032244025    9.3002612120324731e+07   nan                      3000000       max_evaluations         1985.8928 
3      1033244062    9.3203522593212411e+07   nan                      3000000       max_evaluations         1988.0784 
4      1034244099    9.2107483464193717e+07   nan                      3000000       max_evaluations         1993.9166 
5      1035244136    9.3358778025139973e+07   nan                      3000000       max_evaluations         1991.8072 
6      1036244173    9.2962080850755602e+07   nan                      3000000       max_evaluations         2003.2209 
7      1037244210    9.2926242668557033e+07   nan                      3000000       max_evaluations         1993.6656 
8      1038244247    9.2746905187312096e+07   nan                      3000000       max_evaluations         2002.1800 
9      1039244284    9.3017001267304078e+07   nan                      3000000       max_evaluations         1996.5772 
10     1040244321    9.2930390506913662e+07   nan                      3000000       max_evaluations         2007.7963 
11     1041244358    9.2681803895361200e+07   nan                      3000000       max_evaluations         2006.9043 
12     1042244395    9.2555011233064353e+07   nan                      3000000       max_evaluations         2002.7416 
13     1043244432    9.2455779387067586e+07   nan                      3000000       max_evaluations         1993.7539 
14     1044244469    9.2884419510644838e+07   nan                      3000000       max_evaluations         1424.1455 
15     1045244506    9.2942817786869645e+07   nan                      3000000       max_evaluations         1425.8789 
16     1046244543    9.3377082983620554e+07   nan                      3000000       max_evaluations         1422.4549 
17     1047244580    9.2796175610544026e+07   nan                      3000000       max_evaluations         1426.0277 
18     1048244617    9.2264745632603481e+07   nan                      3000000       max_evaluations         1532.8500 
19     1049244654    9.2686133970060647e+07   nan                      3000000       max_evaluations         1420.9393 
20     1050244691    9.2816241948822215e+07   nan                      3000000       max_evaluations         1533.5018 
21     1051244728    9.2777650345770627e+07   nan                      3000000       max_evaluations         1523.0541 
22     1052244765    9.2252912436306223e+07   nan                      3000000       max_evaluations         1526.5464 
23     1053244802    9.2926259326779187e+07   nan                      3000000       max_evaluations         1419.5932 
24     1054244839    9.2786487034211472e+07   nan                      3000000       max_evaluations         1529.9910 
25     1055244876    9.2812961518111363e+07   nan                      3000000       max_evaluations         1527.3674 

----- F11  D1000  (25 runs)  optimum=nan  target_error=nan -----
Run    Seed          Best_Fitness             Error                    NFEs          Termination             Runtime_s 
1      1032244021    1.0259733361492299e+09   nan                      3000000       max_evaluations         1470.3753 
2      1033244058    2.0685541210774891e+09   nan                      3000000       max_evaluations         1326.7105 
3      1034244095    1.3136393977086973e+09   nan                      3000000       max_evaluations         1328.7005 
4      1035244132    3.5935346947210135e+09   nan                      3000000       max_evaluations         1328.0165 
5      1036244169    2.3844312078181391e+09   nan                      3000000       max_evaluations         1330.7565 
6      1037244206    3.3676059001918340e+09   nan                      3000000       max_evaluations         1330.5860 
7      1038244243    1.5127570877119474e+09   nan                      3000000       max_evaluations         1333.5576 
8      1039244280    1.8218686672824979e+09   nan                      3000000       max_evaluations         1473.1653 
9      1040244317    7.7111424318313189e+09   nan                      3000000       max_evaluations         1482.7563 
10     1041244354    8.1261288113751352e+08   nan                      3000000       max_evaluations         1478.2961 
11     1042244391    9.2850464237159622e+08   nan                      3000000       max_evaluations         1478.5016 
12     1043244428    6.4802687637309809e+09   nan                      3000000       max_evaluations         1472.4177 
13     1044244465    1.7486181158223488e+09   nan                      3000000       max_evaluations         1479.3358 
14     1045244502    1.8012295950348933e+09   nan                      3000000       max_evaluations         1177.1585 
15     1046244539    3.1350863113632121e+09   nan                      3000000       max_evaluations         1181.8557 
16     1047244576    3.6487204591975818e+09   nan                      3000000       max_evaluations         1178.6976 
17     1048244613    5.7885690773229704e+09   nan                      3000000       max_evaluations         1181.6736 
18     1049244650    1.7347623884802279e+09   nan                      3000000       max_evaluations         1183.0396 
19     1050244687    1.7091641249695220e+09   nan                      3000000       max_evaluations         1179.9472 
20     1051244724    9.6763070957249653e+08   nan                      3000000       max_evaluations         1217.9757 
21     1052244761    1.6629934522722332e+09   nan                      3000000       max_evaluations         1219.9331 
22     1053244798    1.0031089744986079e+09   nan                      3000000       max_evaluations         1218.2721 
23     1054244835    3.2297747169041171e+09   nan                      3000000       max_evaluations         1215.5859 
24     1055244872    1.9737266891354614e+10   nan                      3000000       max_evaluations         1216.1705 
25     1056244909    3.3564786107887397e+09   nan                      3000000       max_evaluations         1218.0599 

----- F12  D1000  (25 runs)  optimum=nan  target_error=nan -----
Run    Seed          Best_Fitness             Error                    NFEs          Termination             Runtime_s 
1      1033244054    9.3914657772692451e+09   nan                      3000000       max_evaluations         350.0811  
2      1034244091    2.6075582104942560e+09   nan                      3000000       max_evaluations         312.4433  
3      1035244128    6.1091754743289042e+09   nan                      3000000       max_evaluations         309.2831  
4      1036244165    3.3484905883840628e+09   nan                      3000000       max_evaluations         313.9899  
5      1037244202    4.9609880608106117e+09   nan                      3000000       max_evaluations         313.9316  
6      1038244239    8.0820451226534691e+09   nan                      3000000       max_evaluations         316.4053  
7      1039244276    6.7715726612617674e+09   nan                      3000000       max_evaluations         313.8197  
8      1040244313    5.5443343337429686e+09   nan                      3000000       max_evaluations         347.4985  
9      1041244350    8.3656939433023739e+09   nan                      3000000       max_evaluations         346.1295  
10     1042244387    7.3370805141879625e+09   nan                      3000000       max_evaluations         346.3075  
11     1043244424    7.4949029459702635e+09   nan                      3000000       max_evaluations         346.2203  
12     1044244461    3.0987112969410329e+09   nan                      3000000       max_evaluations         348.5751  
13     1045244498    1.2845529574600491e+10   nan                      3000000       max_evaluations         353.8688  
14     1046244535    7.2218459047771692e+09   nan                      3000000       max_evaluations         309.2975  
15     1047244572    4.8172980890078354e+09   nan                      3000000       max_evaluations         309.4243  
16     1048244609    1.2036892061490524e+10   nan                      3000000       max_evaluations         311.7072  
17     1049244646    5.8953800409396782e+09   nan                      3000000       max_evaluations         312.6050  
18     1050244683    5.1136460693420324e+09   nan                      3000000       max_evaluations         312.1569  
19     1051244720    6.2022588111364241e+09   nan                      3000000       max_evaluations         315.1063  
20     1052244757    8.6122594379273911e+09   nan                      3000000       max_evaluations         312.5739  
21     1053244794    8.0187081598274832e+09   nan                      3000000       max_evaluations         313.4088  
22     1054244831    9.5696190327894650e+09   nan                      3000000       max_evaluations         312.3630  
23     1055244868    8.7891896992938271e+09   nan                      3000000       max_evaluations         311.9828  
24     1056244905    4.7751786485584116e+09   nan                      3000000       max_evaluations         313.3007  
25     1057244942    1.1901245641718290e+10   nan                      3000000       max_evaluations         313.4962  

