==============================================================================================================
DETAILED PER-RUN LOG   DT-GSK   CEC2020   D10
runs per function : 30
functions         : [1 2 3 4 5 6 7 8 9 10]
statistics basis  : error vs known optimum
generated         : 2026-07-29_00.58.11
==============================================================================================================

----- F1  D10  (30 runs)  optimum=100  target_error=1e-08 -----
Run    Seed          Best_Fitness             Error                    NFEs          Termination             Runtime_s 
1      32240721      1.0000000000000000e+02   0.0000000000000000e+00   1000000       max_evaluations         67.5681   
2      33240758      1.0000000000000000e+02   0.0000000000000000e+00   1000000       max_evaluations         67.0905   
3      34240795      1.0000000000000000e+02   0.0000000000000000e+00   1000000       max_evaluations         67.0065   
4      35240832      1.0000000000000000e+02   0.0000000000000000e+00   1000000       max_evaluations         65.4015   
5      36240869      1.0000000000000000e+02   0.0000000000000000e+00   1000000       max_evaluations         66.0894   
6      37240906      1.0000000000000000e+02   0.0000000000000000e+00   1000000       max_evaluations         67.5321   
7      38240943      1.0000000000000000e+02   0.0000000000000000e+00   1000000       max_evaluations         66.5244   
8      39240980      1.0000000000000000e+02   0.0000000000000000e+00   1000000       max_evaluations         66.5953   
9      40241017      1.0000000000000000e+02   0.0000000000000000e+00   1000000       max_evaluations         67.7554   
10     41241054      1.0000000000000000e+02   0.0000000000000000e+00   1000000       max_evaluations         66.0517   
11     42241091      1.0000000000000000e+02   0.0000000000000000e+00   1000000       max_evaluations         65.3820   
12     43241128      1.0000000000000000e+02   0.0000000000000000e+00   1000000       max_evaluations         67.1476   
13     44241165      1.0000000000000000e+02   0.0000000000000000e+00   1000000       max_evaluations         65.8023   
14     45241202      1.0000000000000000e+02   0.0000000000000000e+00   1000000       max_evaluations         66.6926   
15     46241239      1.0000000000000000e+02   0.0000000000000000e+00   1000000       max_evaluations         69.7378   
16     47241276      1.0000000000000000e+02   0.0000000000000000e+00   1000000       max_evaluations         67.3413   
17     48241313      1.0000000000000000e+02   0.0000000000000000e+00   1000000       max_evaluations         70.2285   
18     49241350      1.0000000000000000e+02   0.0000000000000000e+00   1000000       max_evaluations         69.6569   
19     50241387      1.0000000000000000e+02   0.0000000000000000e+00   1000000       max_evaluations         68.3573   
20     51241424      1.0000000000000000e+02   0.0000000000000000e+00   1000000       max_evaluations         69.8653   
21     52241461      1.0000000000000000e+02   0.0000000000000000e+00   1000000       max_evaluations         69.1672   
22     53241498      1.0000000000000000e+02   0.0000000000000000e+00   1000000       max_evaluations         69.0987   
23     54241535      1.0000000000000000e+02   0.0000000000000000e+00   1000000       max_evaluations         68.2740   
24     55241572      1.0000000000000000e+02   0.0000000000000000e+00   1000000       max_evaluations         69.2706   
25     56241609      1.0000000000000000e+02   0.0000000000000000e+00   1000000       max_evaluations         67.7321   
26     57241646      1.0000000000000000e+02   0.0000000000000000e+00   1000000       max_evaluations         68.5818   
27     58241683      1.0000000000000000e+02   0.0000000000000000e+00   1000000       max_evaluations         69.1008   
28     59241720      1.0000000000000000e+02   0.0000000000000000e+00   1000000       max_evaluations         69.2259   
29     60241757      1.0000000000000000e+02   0.0000000000000000e+00   1000000       max_evaluations         24.4712   
30     61241794      1.0000000000000000e+02   0.0000000000000000e+00   1000000       max_evaluations         23.0978   

----- F2  D10  (30 runs)  optimum=1100  target_error=1e-08 -----
Run    Seed          Best_Fitness             Error                    NFEs          Termination             Runtime_s 
1      33240754      1.1140426352881768e+03   1.4042635288176800e+01   1000000       max_evaluations         69.8516   
2      34240791      1.1137062360011851e+03   1.3706236001184999e+01   1000000       max_evaluations         74.8060   
3      35240828      1.1101199731809993e+03   1.0119973180999301e+01   1000000       max_evaluations         80.7389   
4      36240865      1.1159386737174500e+03   1.5938673717450000e+01   1000000       max_evaluations         73.1995   
5      37240902      1.1139737724994238e+03   1.3973772499423800e+01   1000000       max_evaluations         73.1812   
6      38240939      1.1310396124929048e+03   3.1039612492904801e+01   1000000       max_evaluations         71.2808   
7      39240976      1.1008009952055427e+03   8.0099520554269998e-01   1000000       max_evaluations         71.9428   
8      40241013      1.1071902966803709e+03   7.1902966803709996e+00   1000000       max_evaluations         80.1054   
9      41241050      1.1251770957248336e+03   2.5177095724833599e+01   1000000       max_evaluations         82.3090   
10     42241087      1.1038743288796613e+03   3.8743288796613000e+00   1000000       max_evaluations         79.2003   
11     43241124      1.1103697909451539e+03   1.0369790945154000e+01   1000000       max_evaluations         81.7934   
12     44241161      1.1135349338686901e+03   1.3534933868690100e+01   1000000       max_evaluations         81.2034   
13     45241198      1.1038077777537128e+03   3.8077777537127999e+00   1000000       max_evaluations         80.7161   
14     46241235      1.1005541457821273e+03   5.5414578212730004e-01   1000000       max_evaluations         72.1982   
15     47241272      1.1150571225438371e+03   1.5057122543837000e+01   1000000       max_evaluations         71.9082   
16     48241309      1.1069548302574622e+03   6.9548302574622003e+00   1000000       max_evaluations         70.9241   
17     49241346      1.3016084488993206e+03   2.0160844889932059e+02   1000000       max_evaluations         69.7505   
18     50241383      1.1103697909451539e+03   1.0369790945154000e+01   1000000       max_evaluations         70.7234   
19     51241420      1.1103073365041146e+03   1.0307336504114600e+01   1000000       max_evaluations         70.0720   
20     52241457      1.1070797391395399e+03   7.0797391395400000e+00   1000000       max_evaluations         69.7884   
21     53241494      1.1104178089534071e+03   1.0417808953407000e+01   1000000       max_evaluations         69.8652   
22     54241531      1.1186630705358029e+03   1.8663070535803001e+01   1000000       max_evaluations         65.7536   
23     55241568      1.1109884896418089e+03   1.0988489641808901e+01   1000000       max_evaluations         66.5459   
24     56241605      1.1070126897468099e+03   7.0126897468099001e+00   1000000       max_evaluations         65.6232   
25     57241642      1.1036023240108088e+03   3.6023240108087999e+00   1000000       max_evaluations         66.4622   
26     58241679      1.1186594465546450e+03   1.8659446554645001e+01   1000000       max_evaluations         66.3304   
27     59241716      1.1153069403079917e+03   1.5306940307991701e+01   1000000       max_evaluations         66.1980   
28     60241753      1.1042020629715216e+03   4.2020629715215998e+00   1000000       max_evaluations         65.5937   
29     61241790      1.1002636551570758e+03   2.6365515707580001e-01   1000000       max_evaluations         23.2475   
30     62241827      1.1038266349424848e+03   3.8266349424847999e+00   1000000       max_evaluations         23.3222   

----- F3  D10  (30 runs)  optimum=700  target_error=1e-08 -----
Run    Seed          Best_Fitness             Error                    NFEs          Termination             Runtime_s 
1      34240787      7.1098805363698989e+02   1.0988053636989900e+01   1000000       max_evaluations         66.0909   
2      35240824      7.1046133964420108e+02   1.0461339644201100e+01   1000000       max_evaluations         65.9312   
3      36240861      7.1096548003152066e+02   1.0965480031520700e+01   1000000       max_evaluations         65.7189   
4      37240898      7.1166101949090921e+02   1.1661019490909201e+01   1000000       max_evaluations         65.6719   
5      38240935      7.1148624250874252e+02   1.1486242508742500e+01   1000000       max_evaluations         66.0675   
6      39240972      7.1065845082957810e+02   1.0658450829578101e+01   1000000       max_evaluations         68.0474   
7      40241009      7.1072587713659004e+02   1.0725877136590000e+01   1000000       max_evaluations         67.7852   
8      41241046      7.1217536139346589e+02   1.2175361393465900e+01   1000000       max_evaluations         66.5002   
9      42241083      7.1140715360030526e+02   1.1407153600305300e+01   1000000       max_evaluations         67.3008   
10     43241120      7.1053030701498665e+02   1.0530307014986599e+01   1000000       max_evaluations         66.4835   
11     44241157      7.1146737232082717e+02   1.1467372320827200e+01   1000000       max_evaluations         66.6390   
12     45241194      7.1207493530493571e+02   1.2074935304935700e+01   1000000       max_evaluations         68.9083   
13     46241231      7.1215205889341314e+02   1.2152058893413100e+01   1000000       max_evaluations         66.5956   
14     47241268      7.1165369260389218e+02   1.1653692603892200e+01   1000000       max_evaluations         67.5122   
15     48241305      7.1128247211355210e+02   1.1282472113552100e+01   1000000       max_evaluations         70.1736   
16     49241342      7.1088926337915632e+02   1.0889263379156301e+01   1000000       max_evaluations         69.2355   
17     50241379      7.0660043725599337e+02   6.6004372559934001e+00   1000000       max_evaluations         69.2523   
18     51241416      7.1086075412524121e+02   1.0860754125241201e+01   1000000       max_evaluations         69.5781   
19     52241453      7.1233937870868863e+02   1.2339378708688599e+01   1000000       max_evaluations         68.9340   
20     53241490      7.1098805363698989e+02   1.0988053636989900e+01   1000000       max_evaluations         70.9246   
21     54241527      7.1154791300033685e+02   1.1547913000336800e+01   1000000       max_evaluations         70.4422   
22     55241564      7.1065202915624116e+02   1.0652029156241200e+01   1000000       max_evaluations         70.1632   
23     56241601      7.0349426316038307e+02   3.4942631603830998e+00   1000000       max_evaluations         70.8219   
24     57241638      7.1067236984484907e+02   1.0672369844849101e+01   1000000       max_evaluations         69.8611   
25     58241675      7.1086075412524110e+02   1.0860754125241099e+01   1000000       max_evaluations         68.1740   
26     59241712      7.1122896482181102e+02   1.1228964821810999e+01   1000000       max_evaluations         70.8310   
27     60241749      7.1086075412524121e+02   1.0860754125241201e+01   1000000       max_evaluations         70.1815   
28     61241786      7.1105719895838251e+02   1.1057198958382500e+01   1000000       max_evaluations         70.0787   
29     62241823      7.1172722158342685e+02   1.1727221583426900e+01   1000000       max_evaluations         23.4993   
30     63241860      7.1036692077242037e+02   1.0366920772420400e+01   1000000       max_evaluations         23.3361   

----- F4  D10  (30 runs)  optimum=1900  target_error=1e-08 -----
Run    Seed          Best_Fitness             Error                    NFEs          Termination             Runtime_s 
1      35240820      1.9001717226153758e+03   1.7172261537580000e-01   1000000       max_evaluations         56.8341   
2      36240857      1.9001754881379077e+03   1.7548813790769999e-01   1000000       max_evaluations         57.3981   
3      37240894      1.9001755028028228e+03   1.7550280282280001e-01   1000000       max_evaluations         56.9061   
4      38240931      1.9001574524193509e+03   1.5745241935090001e-01   1000000       max_evaluations         56.4489   
5      39240968      1.9001452481476958e+03   1.4524814769580000e-01   1000000       max_evaluations         57.9334   
6      40241005      1.9001004545995640e+03   1.0045459956400001e-01   1000000       max_evaluations         58.5066   
7      41241042      1.9002140748178233e+03   2.1407481782330001e-01   1000000       max_evaluations         57.7466   
8      42241079      1.9002086215357556e+03   2.0862153575560000e-01   1000000       max_evaluations         57.7793   
9      43241116      1.9002116924275995e+03   2.1169242759949999e-01   1000000       max_evaluations         57.8805   
10     44241153      1.9002097575549039e+03   2.0975755490400000e-01   1000000       max_evaluations         58.4236   
11     45241190      1.9001669274683618e+03   1.6692746836180000e-01   1000000       max_evaluations         58.3718   
12     46241227      1.9001016770633842e+03   1.0167706338420000e-01   1000000       max_evaluations         56.8495   
13     47241264      1.9002171049780372e+03   2.1710497803720000e-01   1000000       max_evaluations         57.1627   
14     48241301      1.9001621645854673e+03   1.6216458546730000e-01   1000000       max_evaluations         58.7063   
15     49241338      1.9002174635802719e+03   2.1746358027200000e-01   1000000       max_evaluations         60.0265   
16     50241375      1.9002395725990434e+03   2.3957259904340000e-01   1000000       max_evaluations         59.4373   
17     51241412      1.9002081357052855e+03   2.0813570528549999e-01   1000000       max_evaluations         61.3823   
18     52241449      1.9002104307311279e+03   2.1043073112790001e-01   1000000       max_evaluations         59.2078   
19     53241486      1.9002042391336879e+03   2.0423913368800001e-01   1000000       max_evaluations         59.7301   
20     54241523      1.9001958013663611e+03   1.9580136636109999e-01   1000000       max_evaluations         57.8960   
21     55241560      1.9002005048877459e+03   2.0050488774590000e-01   1000000       max_evaluations         60.9371   
22     56241597      1.9001646454461720e+03   1.6464544617200000e-01   1000000       max_evaluations         60.9136   
23     57241634      1.9001763320346827e+03   1.7633203468270001e-01   1000000       max_evaluations         61.1918   
24     58241671      1.9002213548593334e+03   2.2135485933339999e-01   1000000       max_evaluations         59.4687   
25     59241708      1.9001619365638660e+03   1.6193656386600000e-01   1000000       max_evaluations         60.7181   
26     60241745      1.9002030594030805e+03   2.0305940308049999e-01   1000000       max_evaluations         61.2176   
27     61241782      1.9002518552709016e+03   2.5185527090159998e-01   1000000       max_evaluations         61.1792   
28     62241819      1.9002081054739326e+03   2.0810547393260001e-01   1000000       max_evaluations         60.5037   
29     63241856      1.9002173032182848e+03   2.1730321828480001e-01   1000000       max_evaluations         21.4240   
30     64241893      1.9001790180201428e+03   1.7901802014279999e-01   1000000       max_evaluations         20.5157   

----- F5  D10  (30 runs)  optimum=1700  target_error=1e-08 -----
Run    Seed          Best_Fitness             Error                    NFEs          Termination             Runtime_s 
1      36240853      1.7113810980688202e+03   1.1381098068820201e+01   1000000       max_evaluations         71.1322   
2      37240890      1.7006244289539370e+03   6.2442895393700004e-01   1000000       max_evaluations         70.9044   
3      38240927      1.7004162859692910e+03   4.1628596929099998e-01   1000000       max_evaluations         70.0357   
4      39240964      1.7004162859692910e+03   4.1628596929099998e-01   1000000       max_evaluations         71.4436   
5      40241001      1.7002081429846457e+03   2.0814298464570000e-01   1000000       max_evaluations         71.5968   
6      41241038      1.7006244289539370e+03   6.2442895393700004e-01   1000000       max_evaluations         71.8402   
7      42241075      1.7004162859692910e+03   4.1628596929099998e-01   1000000       max_evaluations         71.7934   
8      43241112      1.7002081429846455e+03   2.0814298464549999e-01   1000000       max_evaluations         71.9367   
9      44241149      1.7002081429846455e+03   2.0814298464549999e-01   1000000       max_evaluations         71.5380   
10     45241186      1.7390081759813961e+03   3.9008175981396001e+01   1000000       max_evaluations         72.1890   
11     46241223      1.7002081429846455e+03   2.0814298464549999e-01   1000000       max_evaluations         72.5498   
12     47241260      1.7004162859692910e+03   4.1628596929099998e-01   1000000       max_evaluations         71.6445   
13     48241297      1.7012031020417389e+03   1.2031020417389999e+00   1000000       max_evaluations         69.4444   
14     49241334      1.7006244289539368e+03   6.2442895393679998e-01   1000000       max_evaluations         69.7606   
15     50241371      1.7004162859692910e+03   4.1628596929099998e-01   1000000       max_evaluations         71.6194   
16     51241408      1.7000000000000000e+03   0.0000000000000000e+00   1000000       max_evaluations         70.7148   
17     52241445      1.7004162859692913e+03   4.1628596929130002e-01   1000000       max_evaluations         71.2600   
18     53241482      1.7004162859692910e+03   4.1628596929099998e-01   1000000       max_evaluations         72.2242   
19     54241519      1.7004162859692910e+03   4.1628596929099998e-01   1000000       max_evaluations         72.4468   
20     55241556      1.7000000000000000e+03   0.0000000000000000e+00   1000000       max_evaluations         71.4019   
21     56241593      1.7004162859692910e+03   4.1628596929099998e-01   1000000       max_evaluations         72.6646   
22     57241630      1.7006244289539368e+03   6.2442895393679998e-01   1000000       max_evaluations         72.5344   
23     58241667      1.7004162859692910e+03   4.1628596929099998e-01   1000000       max_evaluations         71.9509   
24     59241704      1.7002081429846455e+03   2.0814298464549999e-01   1000000       max_evaluations         72.6064   
25     60241741      1.7000000000000002e+03   0.0000000000000000e+00   1000000       max_evaluations         70.5385   
26     61241778      1.7113810980688202e+03   1.1381098068820201e+01   1000000       max_evaluations         72.2191   
27     62241815      1.7004162859692910e+03   4.1628596929099998e-01   1000000       max_evaluations         71.1437   
28     63241852      1.7004162859692910e+03   4.1628596929099998e-01   1000000       max_evaluations         72.3623   
29     64241889      1.7004162859692910e+03   4.1628596929099998e-01   1000000       max_evaluations         24.7515   
30     65241926      1.7000000000000000e+03   0.0000000000000000e+00   1000000       max_evaluations         24.5076   

----- F6  D10  (30 runs)  optimum=1600  target_error=1e-08 -----
Run    Seed          Best_Fitness             Error                    NFEs          Termination             Runtime_s 
1      37240886      1.6004364268583056e+03   4.3642685830560002e-01   1000000       max_evaluations         69.2801   
2      38240923      1.6005870408668536e+03   5.8704086685360002e-01   1000000       max_evaluations         70.1828   
3      39240960      1.6002120902508047e+03   2.1209025080470001e-01   1000000       max_evaluations         68.9118   
4      40240997      1.6003795471129010e+03   3.7954711290100002e-01   1000000       max_evaluations         68.1651   
5      41241034      1.6002324331990585e+03   2.3243319905849999e-01   1000000       max_evaluations         69.9515   
6      42241071      1.6000125672706038e+03   1.2567270603800000e-02   1000000       max_evaluations         69.0974   
7      43241108      1.6000003698809817e+03   3.6988098169999999e-04   1000000       max_evaluations         70.5150   
8      44241145      1.6000244933740501e+03   2.4493374049999999e-02   1000000       max_evaluations         70.2038   
9      45241182      1.6002090611910976e+03   2.0906119109759999e-01   1000000       max_evaluations         69.6539   
10     46241219      1.6004357983678046e+03   4.3579836780460002e-01   1000000       max_evaluations         69.8242   
11     47241256      1.6003964133508061e+03   3.9641335080610002e-01   1000000       max_evaluations         70.2678   
12     48241293      1.6000209625993389e+03   2.0962599338900000e-02   1000000       max_evaluations         69.8800   
13     49241330      1.6004353635906991e+03   4.3536359069910002e-01   1000000       max_evaluations         67.9228   
14     50241367      1.6002118717202891e+03   2.1187172028900000e-01   1000000       max_evaluations         69.4019   
15     51241404      1.6006484183931411e+03   6.4841839314109995e-01   1000000       max_evaluations         70.2612   
16     52241441      1.6002280321914629e+03   2.2803219146299999e-01   1000000       max_evaluations         69.8472   
17     53241478      1.6004362892321096e+03   4.3628923210960002e-01   1000000       max_evaluations         70.4745   
18     54241515      1.6004811726040373e+03   4.8117260403730000e-01   1000000       max_evaluations         71.2346   
19     55241552      1.6003799012192567e+03   3.7990121925670001e-01   1000000       max_evaluations         69.6926   
20     56241589      1.6000447094172578e+03   4.4709417257799998e-02   1000000       max_evaluations         69.5638   
21     57241626      1.6004982431684530e+03   4.9824316845299998e-01   1000000       max_evaluations         71.3090   
22     58241663      1.6006304484110922e+03   6.3044841109219996e-01   1000000       max_evaluations         71.9063   
23     59241700      1.6000454186432428e+03   4.5418643242799997e-02   1000000       max_evaluations         72.1651   
24     60241737      1.6000411630194801e+03   4.1163019480000000e-02   1000000       max_evaluations         71.2034   
25     61241774      1.6002757141334982e+03   2.7571413349820001e-01   1000000       max_evaluations         71.3855   
26     62241811      1.6002430477381279e+03   2.4304773812790001e-01   1000000       max_evaluations         71.3894   
27     63241848      1.6000050824876125e+03   5.0824876124999996e-03   1000000       max_evaluations         71.4491   
28     64241885      1.6004440313344003e+03   4.4403133440030002e-01   1000000       max_evaluations         71.6321   
29     65241922      1.6000041994783242e+03   4.1994783241999997e-03   1000000       max_evaluations         24.0601   
30     66241959      1.6002083019514314e+03   2.0830195143140001e-01   1000000       max_evaluations         24.1939   

----- F7  D10  (30 runs)  optimum=2100  target_error=1e-08 -----
Run    Seed          Best_Fitness             Error                    NFEs          Termination             Runtime_s 
1      38240919      2.1006751282006194e+03   6.7512820061940004e-01   1000000       max_evaluations         75.2962   
2      39240956      2.1004906262920695e+03   4.9062629206949998e-01   1000000       max_evaluations         76.6919   
3      40240993      2.1000013673132048e+03   1.3673132050000000e-03   1000000       max_evaluations         75.5508   
4      41241030      2.1000002368481896e+03   2.3684818960000001e-04   1000000       max_evaluations         75.3853   
5      42241067      2.1003122294692939e+03   3.1222946929399997e-01   1000000       max_evaluations         76.3182   
6      43241104      2.1008120082612509e+03   8.1200826125100001e-01   1000000       max_evaluations         76.8681   
7      44241141      2.1000000770266020e+03   7.7026601999999998e-05   1000000       max_evaluations         77.6575   
8      45241178      2.1011211087896568e+03   1.1211087896570000e+00   1000000       max_evaluations         76.6963   
9      46241215      2.1000007059637910e+03   7.0596379099999997e-04   1000000       max_evaluations         76.5410   
10     47241252      2.1003192925369090e+03   3.1929253690900000e-01   1000000       max_evaluations         76.8272   
11     48241289      2.1006480801099638e+03   6.4808010996380006e-01   1000000       max_evaluations         76.1639   
12     49241326      2.1000046923681093e+03   4.6923681093000002e-03   1000000       max_evaluations         76.3791   
13     50241363      2.1006579481367412e+03   6.5794813674099994e-01   1000000       max_evaluations         75.3056   
14     51241400      2.1003153104250418e+03   3.1531042504200002e-01   1000000       max_evaluations         75.3498   
15     52241437      2.1003250797377614e+03   3.2507973776139998e-01   1000000       max_evaluations         81.6221   
16     53241474      2.1003835928543244e+03   3.8359285432439999e-01   1000000       max_evaluations         82.1967   
17     54241511      2.1003128709833827e+03   3.1287098338269997e-01   1000000       max_evaluations         80.5052   
18     55241548      2.1000027629814676e+03   2.7629814675999998e-03   1000000       max_evaluations         81.5817   
19     56241585      2.1000000092230275e+03   9.2230274999999998e-06   1000000       max_evaluations         82.5380   
20     57241622      2.1003171700566595e+03   3.1717005665949999e-01   1000000       max_evaluations         83.1624   
21     58241659      2.1000001953388046e+03   1.9533880459999999e-04   1000000       max_evaluations         83.2678   
22     59241696      2.1006260211155682e+03   6.2602111556800000e-01   1000000       max_evaluations         83.1838   
23     60241733      2.1003190999216904e+03   3.1909992169040002e-01   1000000       max_evaluations         83.3323   
24     61241770      2.1000021450416311e+03   2.1450416310000000e-03   1000000       max_evaluations         82.0603   
25     62241807      2.1000061284148283e+03   6.1284148283000002e-03   1000000       max_evaluations         83.8875   
26     63241844      2.1000031740661552e+03   3.1740661549999999e-03   1000000       max_evaluations         83.3881   
27     64241881      2.1000020536231732e+03   2.0536231729999998e-03   1000000       max_evaluations         81.9173   
28     65241918      2.1000002617423138e+03   2.6174231400000002e-04   1000000       max_evaluations         82.4475   
29     66241955      2.1007942226902223e+03   7.9422269022229997e-01   1000000       max_evaluations         26.4215   
30     67241992      2.1004156906404228e+03   4.1569064042300002e-01   1000000       max_evaluations         25.4021   

----- F8  D10  (30 runs)  optimum=2200  target_error=1e-08 -----
Run    Seed          Best_Fitness             Error                    NFEs          Termination             Runtime_s 
1      39240952      2.3002890459318251e+03   1.0028904593182500e+02   1000000       max_evaluations         79.0076   
2      40240989      2.3000000000000005e+03   1.0000000000000050e+02   1000000       max_evaluations         78.3606   
3      41241026      2.3000000000000005e+03   1.0000000000000050e+02   1000000       max_evaluations         79.3834   
4      42241063      2.3000000000000000e+03   1.0000000000000000e+02   1000000       max_evaluations         78.3765   
5      43241100      2.3000000000000005e+03   1.0000000000000050e+02   1000000       max_evaluations         78.5877   
6      44241137      2.2000000000000005e+03   0.0000000000000000e+00   1000000       max_evaluations         82.8431   
7      45241174      2.3000000000000009e+03   1.0000000000000099e+02   1000000       max_evaluations         83.3518   
8      46241211      2.3000000000000005e+03   1.0000000000000050e+02   1000000       max_evaluations         82.8100   
9      47241248      2.2288869923815168e+03   2.8886992381517000e+01   1000000       max_evaluations         83.6212   
10     48241285      2.3000000000000005e+03   1.0000000000000050e+02   1000000       max_evaluations         81.9983   
11     49241322      2.3000000000000005e+03   1.0000000000000050e+02   1000000       max_evaluations         83.3820   
12     50241359      2.3000000000000005e+03   1.0000000000000050e+02   1000000       max_evaluations         83.1192   
13     51241396      2.2279441529475107e+03   2.7944152947510698e+01   1000000       max_evaluations         77.7944   
14     52241433      2.3000000000000005e+03   1.0000000000000050e+02   1000000       max_evaluations         77.7410   
15     53241470      2.3000000000000005e+03   1.0000000000000050e+02   1000000       max_evaluations         82.3340   
16     54241507      2.3000000000000005e+03   1.0000000000000050e+02   1000000       max_evaluations         80.8021   
17     55241544      2.3000000000000005e+03   1.0000000000000050e+02   1000000       max_evaluations         82.3907   
18     56241581      2.3000000000000005e+03   1.0000000000000050e+02   1000000       max_evaluations         81.2401   
19     57241618      2.3000000000000005e+03   1.0000000000000050e+02   1000000       max_evaluations         82.2273   
20     58241655      2.3000000000000005e+03   1.0000000000000050e+02   1000000       max_evaluations         81.4391   
21     59241692      2.2366553594060892e+03   3.6655359406089197e+01   1000000       max_evaluations         82.1962   
22     60241729      2.2225031356711966e+03   2.2503135671196599e+01   1000000       max_evaluations         82.6955   
23     61241766      2.3000000000000005e+03   1.0000000000000050e+02   1000000       max_evaluations         82.8324   
24     62241803      2.2464906765620794e+03   4.6490676562079400e+01   1000000       max_evaluations         82.4373   
25     63241840      2.3000000000000005e+03   1.0000000000000050e+02   1000000       max_evaluations         82.2723   
26     64241877      2.3000000000000005e+03   1.0000000000000050e+02   1000000       max_evaluations         82.1440   
27     65241914      2.2000000000000005e+03   0.0000000000000000e+00   1000000       max_evaluations         81.9197   
28     66241951      2.3000000000000005e+03   1.0000000000000050e+02   1000000       max_evaluations         82.1613   
29     67241988      2.3000000000000005e+03   1.0000000000000050e+02   1000000       max_evaluations         28.0594   
30     68242025      2.2180300008718214e+03   1.8030000871821400e+01   1000000       max_evaluations         27.2834   

----- F9  D10  (30 runs)  optimum=2400  target_error=1e-08 -----
Run    Seed          Best_Fitness             Error                    NFEs          Termination             Runtime_s 
1      40240985      2.7211681580975956e+03   3.2116815809759561e+02   1000000       max_evaluations         78.9569   
2      41241022      2.7241431689368051e+03   3.2414316893680501e+02   1000000       max_evaluations         77.8649   
3      42241059      2.7267351434025818e+03   3.2673514340258203e+02   1000000       max_evaluations         77.0903   
4      43241096      2.7192768891812457e+03   3.1927688918124568e+02   1000000       max_evaluations         77.4587   
5      44241133      2.7192768891812457e+03   3.1927688918124568e+02   1000000       max_evaluations         78.5523   
6      45241170      2.7000000000000009e+03   3.0000000000000102e+02   1000000       max_evaluations         80.2722   
7      46241207      2.7295443203713580e+03   3.2954432037135803e+02   1000000       max_evaluations         79.9480   
8      47241244      2.7000000000000005e+03   3.0000000000000051e+02   1000000       max_evaluations         80.8681   
9      48241281      2.7211681580975956e+03   3.2116815809759561e+02   1000000       max_evaluations         79.9269   
10     49241318      2.7239072514792510e+03   3.2390725147925099e+02   1000000       max_evaluations         79.8325   
11     50241355      2.5000000000000005e+03   1.0000000000000050e+02   1000000       max_evaluations         79.2396   
12     51241392      2.7280110094779620e+03   3.2801100947796198e+02   1000000       max_evaluations         79.3839   
13     52241429      2.7000000000000009e+03   3.0000000000000102e+02   1000000       max_evaluations         77.4179   
14     53241466      2.7000000000000005e+03   3.0000000000000051e+02   1000000       max_evaluations         78.7090   
15     54241503      2.7283188295486202e+03   3.2831882954861999e+02   1000000       max_evaluations         78.9449   
16     55241540      2.7000000000000005e+03   3.0000000000000051e+02   1000000       max_evaluations         78.5648   
17     56241577      2.5000000000000005e+03   1.0000000000000050e+02   1000000       max_evaluations         77.4582   
18     57241614      2.7281571896375763e+03   3.2815718963757632e+02   1000000       max_evaluations         78.1539   
19     58241651      2.5000000000000009e+03   1.0000000000000099e+02   1000000       max_evaluations         78.4201   
20     59241688      2.7285885395525556e+03   3.2858853955255557e+02   1000000       max_evaluations         78.5931   
21     60241725      2.7211990898409522e+03   3.2119908984095201e+02   1000000       max_evaluations         76.6035   
22     61241762      2.7241239516864016e+03   3.2412395168640160e+02   1000000       max_evaluations         79.1487   
23     62241799      2.7000000000000005e+03   3.0000000000000051e+02   1000000       max_evaluations         78.3696   
24     63241836      2.7000000000000005e+03   3.0000000000000051e+02   1000000       max_evaluations         79.4071   
25     64241873      2.7285885395525556e+03   3.2858853955255557e+02   1000000       max_evaluations         79.0332   
26     65241910      2.5000000000000009e+03   1.0000000000000099e+02   1000000       max_evaluations         77.7934   
27     66241947      2.7000000000000005e+03   3.0000000000000051e+02   1000000       max_evaluations         77.7221   
28     67241984      2.7000000000000005e+03   3.0000000000000051e+02   1000000       max_evaluations         78.9257   
29     68242021      2.5000000000000009e+03   1.0000000000000099e+02   1000000       max_evaluations         26.8202   
30     69242058      2.7270895895787148e+03   3.2708958957871499e+02   1000000       max_evaluations         25.8298   

----- F10  D10  (30 runs)  optimum=2500  target_error=1e-08 -----
Run    Seed          Best_Fitness             Error                    NFEs          Termination             Runtime_s 
1      41241018      2.8980089894405774e+03   3.9800898944057741e+02   1000000       max_evaluations         80.4181   
2      42241055      2.8980089894405774e+03   3.9800898944057741e+02   1000000       max_evaluations         80.4507   
3      43241092      2.8980089894405774e+03   3.9800898944057741e+02   1000000       max_evaluations         80.6110   
4      44241129      2.8977572312287475e+03   3.9775723122874751e+02   1000000       max_evaluations         81.4007   
5      45241166      2.8977428694699875e+03   3.9774286946998751e+02   1000000       max_evaluations         80.5855   
6      46241203      2.8980089894405774e+03   3.9800898944057741e+02   1000000       max_evaluations         81.8894   
7      47241240      2.8980965015916158e+03   3.9809650159161600e+02   1000000       max_evaluations         82.2526   
8      48241277      2.8995849678716786e+03   3.9958496787167860e+02   1000000       max_evaluations         80.9030   
9      49241314      2.8977456708757909e+03   3.9774567087579101e+02   1000000       max_evaluations         80.6588   
10     50241351      2.8995849678716786e+03   3.9958496787167860e+02   1000000       max_evaluations         82.7417   
11     51241388      2.8980319604511119e+03   3.9803196045111201e+02   1000000       max_evaluations         81.4954   
12     52241425      2.8981306037428863e+03   3.9813060374288631e+02   1000000       max_evaluations         81.4198   
13     53241462      2.8977428694699879e+03   3.9774286946998802e+02   1000000       max_evaluations         80.0397   
14     54241499      2.8980578929523772e+03   3.9805789295237702e+02   1000000       max_evaluations         79.9045   
15     55241536      2.8980769430889118e+03   3.9807694308891200e+02   1000000       max_evaluations         79.9777   
16     56241573      2.8980319604511114e+03   3.9803196045111139e+02   1000000       max_evaluations         78.4210   
17     57241610      2.9433567180485325e+03   4.4335671804853251e+02   1000000       max_evaluations         78.3483   
18     58241647      2.8977428694699875e+03   3.9774286946998751e+02   1000000       max_evaluations         79.1509   
19     59241684      2.8980319604511114e+03   3.9803196045111139e+02   1000000       max_evaluations         77.6517   
20     60241721      2.8983991496537078e+03   3.9839914965370798e+02   1000000       max_evaluations         78.3930   
21     61241758      2.8977572312287475e+03   3.9775723122874751e+02   1000000       max_evaluations         79.6336   
22     62241795      2.8980785348571617e+03   3.9807853485716169e+02   1000000       max_evaluations         79.5954   
23     63241832      2.8980887366837510e+03   3.9808873668375099e+02   1000000       max_evaluations         79.2079   
24     64241869      2.8977428694699879e+03   3.9774286946998802e+02   1000000       max_evaluations         78.7090   
25     65241906      2.8977428694699875e+03   3.9774286946998751e+02   1000000       max_evaluations         79.0418   
26     66241943      2.8977428694699879e+03   3.9774286946998802e+02   1000000       max_evaluations         78.8091   
27     67241980      2.8980319604511114e+03   3.9803196045111139e+02   1000000       max_evaluations         79.2674   
28     68242017      2.8977857304284325e+03   3.9778573042843249e+02   1000000       max_evaluations         78.5789   
29     69242054      2.8977428694699875e+03   3.9774286946998751e+02   1000000       max_evaluations         25.6198   
30     70242091      2.8977456708757909e+03   3.9774567087579101e+02   1000000       max_evaluations         25.7065   

