==============================================================================================================
DETAILED PER-RUN LOG   DT-GSK   CEC2020   D20
runs per function : 30
functions         : [2 3 4 5 6 7 8 9 10]
statistics basis  : error vs known optimum
generated         : 2026-07-29_07.59.26
==============================================================================================================

----- F2  D20  (30 runs)  optimum=1100  target_error=1e-08 -----
Run    Seed          Best_Fitness             Error                    NFEs          Termination             Runtime_s 
1      43240784      1.1177741475531293e+03   1.7774147553129300e+01   10000000      max_evaluations         613.5518  
2      44240821      1.3281773103251435e+03   2.2817731032514351e+02   10000000      max_evaluations         631.4873  
3      45240858      1.1153075467927411e+03   1.5307546792741000e+01   10000000      max_evaluations         638.2108  
4      46240895      1.1178053760109688e+03   1.7805376010968800e+01   10000000      max_evaluations         629.1341  
5      47240932      1.1144839653884501e+03   1.4483965388450001e+01   10000000      max_evaluations         619.0914  
6      48240969      1.1169214094172457e+03   1.6921409417245702e+01   10000000      max_evaluations         626.3883  
7      49241006      1.2653558141929407e+03   1.6535581419294070e+02   10000000      max_evaluations         613.6271  
8      50241043      1.1217942257485920e+03   2.1794225748592002e+01   10000000      max_evaluations         648.4085  
9      51241080      1.2404199311100638e+03   1.4041993111006380e+02   10000000      max_evaluations         624.8488  
10     52241117      1.3451938194817621e+03   2.4519381948176209e+02   10000000      max_evaluations         627.2564  
11     53241154      1.3356495922308086e+03   2.3564959223080859e+02   10000000      max_evaluations         628.5432  
12     54241191      1.3452875048552796e+03   2.4528750485527959e+02   10000000      max_evaluations         614.6825  
13     55241228      1.3250744989074938e+03   2.2507449890749379e+02   10000000      max_evaluations         637.4168  
14     56241265      1.1160353710972722e+03   1.6035371097272201e+01   10000000      max_evaluations         634.2601  
15     57241302      1.2278621129245057e+03   1.2786211292450569e+02   10000000      max_evaluations         580.4661  
16     58241339      1.1118903790704553e+03   1.1890379070455300e+01   10000000      max_evaluations         590.2655  
17     59241376      1.4294992461934144e+03   3.2949924619341442e+02   10000000      max_evaluations         592.9046  
18     60241413      1.1094550067679065e+03   9.4550067679065002e+00   10000000      max_evaluations         580.2835  
19     61241450      1.1177741475531311e+03   1.7774147553131101e+01   10000000      max_evaluations         579.8534  
20     62241487      1.4705305382822662e+03   3.7053053828226621e+02   10000000      max_evaluations         562.3401  
21     63241524      1.1202428200397662e+03   2.0242820039766201e+01   10000000      max_evaluations         574.7336  
22     64241561      1.7426911302402596e+03   6.4269113024025955e+02   10000000      max_evaluations         584.5458  
23     65241598      1.4088206742332686e+03   3.0882067423326862e+02   10000000      max_evaluations         579.2749  
24     66241635      1.3257086378385075e+03   2.2570863783850751e+02   10000000      max_evaluations         571.1027  
25     67241672      1.4740657605405795e+03   3.7406576054057950e+02   10000000      max_evaluations         576.4566  
26     68241709      1.1169526378750834e+03   1.6952637875083401e+01   10000000      max_evaluations         575.9271  
27     69241746      1.6896298312781873e+03   5.8962983127818734e+02   10000000      max_evaluations         573.8446  
28     70241783      1.1128701027639454e+03   1.2870102763945400e+01   10000000      max_evaluations         572.9862  
29     71241820      1.1136291555263142e+03   1.3629155526314200e+01   10000000      max_evaluations         299.4105  
30     72241857      1.2356171752549744e+03   1.3561717525497440e+02   10000000      max_evaluations         315.9966  

----- F3  D20  (30 runs)  optimum=700  target_error=1e-08 -----
Run    Seed          Best_Fitness             Error                    NFEs          Termination             Runtime_s 
1      44240817      7.2820660329025395e+02   2.8206603290254002e+01   10000000      max_evaluations         715.7844  
2      45240854      7.3070627930224214e+02   3.0706279302242098e+01   10000000      max_evaluations         736.3114  
3      46240891      7.2629144822050250e+02   2.6291448220502499e+01   10000000      max_evaluations         710.7786  
4      47240928      7.2828249293345652e+02   2.8282492933456499e+01   10000000      max_evaluations         781.8706  
5      48240965      7.2740048395637484e+02   2.7400483956374799e+01   10000000      max_evaluations         763.1352  
6      49241002      7.3025221179724042e+02   3.0252211797240399e+01   10000000      max_evaluations         750.4013  
7      50241039      7.2648256128908497e+02   2.6482561289085002e+01   10000000      max_evaluations         760.2170  
8      51241076      7.2673715111260447e+02   2.6737151112604501e+01   10000000      max_evaluations         715.8684  
9      52241113      7.3030320089450515e+02   3.0303200894505199e+01   10000000      max_evaluations         714.0942  
10     53241150      7.2760721647299363e+02   2.7607216472993599e+01   10000000      max_evaluations         751.3032  
11     54241187      7.2895685971869193e+02   2.8956859718691899e+01   10000000      max_evaluations         721.2147  
12     55241224      7.3137627901328176e+02   3.1376279013281799e+01   10000000      max_evaluations         717.4800  
13     56241261      7.2631101489205014e+02   2.6311014892050100e+01   10000000      max_evaluations         732.6305  
14     57241298      7.3005923983807952e+02   3.0059239838079499e+01   10000000      max_evaluations         752.7327  
15     58241335      7.2433706581639137e+02   2.4337065816391402e+01   10000000      max_evaluations         700.8305  
16     59241372      7.2343514516846653e+02   2.3435145168466502e+01   10000000      max_evaluations         705.2609  
17     60241409      7.2673135629712726e+02   2.6731356297127299e+01   10000000      max_evaluations         701.9452  
18     61241446      7.2553572671111260e+02   2.5535726711112599e+01   10000000      max_evaluations         718.0144  
19     62241483      7.2444116216134603e+02   2.4441162161346000e+01   10000000      max_evaluations         699.5863  
20     63241520      7.2548560155949690e+02   2.5485601559496899e+01   10000000      max_evaluations         696.1562  
21     64241557      7.2395283645186657e+02   2.3952836451866599e+01   10000000      max_evaluations         698.9092  
22     65241594      7.2738276675504358e+02   2.7382766755043601e+01   10000000      max_evaluations         759.8788  
23     66241631      7.2484239939201143e+02   2.4842399392011401e+01   10000000      max_evaluations         732.8490  
24     67241668      7.2829288685441929e+02   2.8292886854419301e+01   10000000      max_evaluations         749.2321  
25     68241705      7.2582073545654862e+02   2.5820735456548601e+01   10000000      max_evaluations         735.9951  
26     69241742      7.2407422889947031e+02   2.4074228899470299e+01   10000000      max_evaluations         735.9512  
27     70241779      7.2510890455199410e+02   2.5108904551994101e+01   10000000      max_evaluations         727.6331  
28     71241816      7.2835787758655079e+02   2.8357877586550799e+01   10000000      max_evaluations         740.7304  
29     72241853      7.3009834215436740e+02   3.0098342154367401e+01   10000000      max_evaluations         350.5385  
30     73241890      7.2748627157230442e+02   2.7486271572304400e+01   10000000      max_evaluations         346.8471  

----- F4  D20  (30 runs)  optimum=1900  target_error=1e-08 -----
Run    Seed          Best_Fitness             Error                    NFEs          Termination             Runtime_s 
1      45240850      1.9016209672769430e+03   1.6209672769429999e+00   10000000      max_evaluations         644.3614  
2      46240887      1.9012208605334406e+03   1.2208605334406000e+00   10000000      max_evaluations         653.0754  
3      47240924      1.9011917755551067e+03   1.1917755551067000e+00   10000000      max_evaluations         631.7736  
4      48240961      1.9013796713949348e+03   1.3796713949348001e+00   10000000      max_evaluations         618.8640  
5      49240998      1.9012815200631978e+03   1.2815200631978001e+00   10000000      max_evaluations         633.8661  
6      50241035      1.9013966780519347e+03   1.3966780519347000e+00   10000000      max_evaluations         697.4585  
7      51241072      1.9019872526029678e+03   1.9872526029677999e+00   10000000      max_evaluations         706.2241  
8      52241109      1.9013883455163730e+03   1.3883455163730001e+00   10000000      max_evaluations         690.7945  
9      53241146      1.9012490914436673e+03   1.2490914436673000e+00   10000000      max_evaluations         704.2976  
10     54241183      1.9010436247199671e+03   1.0436247199669999e+00   10000000      max_evaluations         716.4062  
11     55241220      1.9016093090352342e+03   1.6093090352342001e+00   10000000      max_evaluations         692.9122  
12     56241257      1.9010154961507083e+03   1.0154961507083000e+00   10000000      max_evaluations         704.3323  
13     57241294      1.9014096684468857e+03   1.4096684468856999e+00   10000000      max_evaluations         629.5064  
14     58241331      1.9039563029830433e+03   3.9563029830433001e+00   10000000      max_evaluations         641.4036  
15     59241368      1.9017146456273254e+03   1.7146456273254000e+00   10000000      max_evaluations         639.2438  
16     60241405      1.9042147715717974e+03   4.2147715717974004e+00   10000000      max_evaluations         628.9809  
17     61241442      1.9018771965000396e+03   1.8771965000396000e+00   10000000      max_evaluations         649.2270  
18     62241479      1.9009375473077394e+03   9.3754730773939998e-01   10000000      max_evaluations         659.1385  
19     63241516      1.9019084647476270e+03   1.9084647476270000e+00   10000000      max_evaluations         658.1108  
20     64241553      1.9019474209082425e+03   1.9474209082425000e+00   10000000      max_evaluations         640.4790  
21     65241590      1.9032762563344274e+03   3.2762563344274001e+00   10000000      max_evaluations         636.9993  
22     66241627      1.9018068210375516e+03   1.8068210375516001e+00   10000000      max_evaluations         683.2129  
23     67241664      1.9009402333690687e+03   9.4023336906870003e-01   10000000      max_evaluations         672.8945  
24     68241701      1.9019874206782629e+03   1.9874206782629000e+00   10000000      max_evaluations         654.5781  
25     69241738      1.9008924168338492e+03   8.9241683384920001e-01   10000000      max_evaluations         673.6581  
26     70241775      1.9013349105526079e+03   1.3349105526078999e+00   10000000      max_evaluations         677.9031  
27     71241812      1.9009001639229095e+03   9.0016392290949998e-01   10000000      max_evaluations         676.2975  
28     72241849      1.9010339080339095e+03   1.0339080339094999e+00   10000000      max_evaluations         680.8246  
29     73241886      1.9013306125425167e+03   1.3306125425166999e+00   10000000      max_evaluations         349.9065  
30     74241923      1.9010632642902815e+03   1.0632642902814999e+00   10000000      max_evaluations         346.9900  

----- F5  D20  (30 runs)  optimum=1700  target_error=1e-08 -----
Run    Seed          Best_Fitness             Error                    NFEs          Termination             Runtime_s 
1      46240883      1.8507050921081448e+03   1.5070509210814481e+02   10000000      max_evaluations         700.4078  
2      47240920      1.9475801894572714e+03   2.4758018945727139e+02   10000000      max_evaluations         696.4160  
3      48240957      1.8257744486629538e+03   1.2577444866295380e+02   10000000      max_evaluations         698.4615  
4      49240994      1.8370640675411912e+03   1.3706406754119121e+02   10000000      max_evaluations         712.1652  
5      50241031      1.8709964971503252e+03   1.7099649715032521e+02   10000000      max_evaluations         712.9072  
6      51241068      1.8303667048641819e+03   1.3036670486418191e+02   10000000      max_evaluations         780.0987  
7      52241105      1.7336659710886943e+03   3.3665971088694299e+01   10000000      max_evaluations         775.1283  
8      53241142      1.8359539201225039e+03   1.3595392012250389e+02   10000000      max_evaluations         780.5721  
9      54241179      1.7708495677381075e+03   7.0849567738107496e+01   10000000      max_evaluations         805.1427  
10     55241216      1.8810833849572241e+03   1.8108338495722401e+02   10000000      max_evaluations         780.6845  
11     56241253      1.8646224781487954e+03   1.6462247814879541e+02   10000000      max_evaluations         765.2428  
12     57241290      1.7406187910636315e+03   4.0618791063631498e+01   10000000      max_evaluations         761.2210  
13     58241327      1.8328432422611779e+03   1.3284324226117801e+02   10000000      max_evaluations         704.0973  
14     59241364      1.8358280941979242e+03   1.3582809419792420e+02   10000000      max_evaluations         720.8275  
15     60241401      1.8397487096001080e+03   1.3974870960010799e+02   10000000      max_evaluations         706.2554  
16     61241438      1.8260154679869463e+03   1.2601546798694631e+02   10000000      max_evaluations         718.7517  
17     62241475      1.8272185975168204e+03   1.2721859751682040e+02   10000000      max_evaluations         705.3144  
18     63241512      1.7739407167903239e+03   7.3940716790324004e+01   10000000      max_evaluations         708.2741  
19     64241549      1.8221771515188184e+03   1.2217715151881841e+02   10000000      max_evaluations         708.8415  
20     65241586      1.8530992647602252e+03   1.5309926476022520e+02   10000000      max_evaluations         708.7397  
21     66241623      1.8450137916134324e+03   1.4501379161343240e+02   10000000      max_evaluations         713.5986  
22     67241660      1.7410012030106438e+03   4.1001203010643799e+01   10000000      max_evaluations         744.3509  
23     68241697      1.8283176418103039e+03   1.2831764181030400e+02   10000000      max_evaluations         738.7723  
24     69241734      1.8272185975168204e+03   1.2721859751682040e+02   10000000      max_evaluations         746.0738  
25     70241771      1.7650059149120791e+03   6.5005914912079007e+01   10000000      max_evaluations         737.2433  
26     71241808      1.8273226827532108e+03   1.2732268275321080e+02   10000000      max_evaluations         746.6159  
27     72241845      1.7092668821851917e+03   9.2668821851916992e+00   10000000      max_evaluations         729.3248  
28     73241882      1.8221771515188184e+03   1.2217715151881841e+02   10000000      max_evaluations         731.1287  
29     74241919      1.8205323379650147e+03   1.2053233796501470e+02   10000000      max_evaluations         355.7507  
30     75241956      1.7065821743154154e+03   6.5821743154153998e+00   10000000      max_evaluations         349.3622  

----- F6  D20  (30 runs)  optimum=1600  target_error=1e-08 -----
Run    Seed          Best_Fitness             Error                    NFEs          Termination             Runtime_s 
1      47240916      1.6007440659307599e+03   7.4406593076000005e-01   10000000      max_evaluations         732.7259  
2      48240953      1.6009149317079384e+03   9.1493170793839995e-01   10000000      max_evaluations         723.7451  
3      49240990      1.6008297940270470e+03   8.2979402704700000e-01   10000000      max_evaluations         731.3272  
4      50241027      1.6004279415514061e+03   4.2794155140599999e-01   10000000      max_evaluations         736.2142  
5      51241064      1.6020179339603178e+03   2.0179339603178001e+00   10000000      max_evaluations         718.3209  
6      52241101      1.6007229212787549e+03   7.2292127875500001e-01   10000000      max_evaluations         793.4902  
7      53241138      1.6010550304878225e+03   1.0550304878225001e+00   10000000      max_evaluations         790.8010  
8      54241175      1.6008312177688956e+03   8.3121776889559995e-01   10000000      max_evaluations         806.0386  
9      55241212      1.6006952486479843e+03   6.9524864798429997e-01   10000000      max_evaluations         806.8222  
10     56241249      1.6021115555875556e+03   2.1115555875555998e+00   10000000      max_evaluations         810.4058  
11     57241286      1.6015169424044934e+03   1.5169424044933999e+00   10000000      max_evaluations         807.6648  
12     58241323      1.6007578221793094e+03   7.5782217930939999e-01   10000000      max_evaluations         801.8024  
13     59241360      1.6018279965874560e+03   1.8279965874560000e+00   10000000      max_evaluations         724.8442  
14     60241397      1.6010465525427599e+03   1.0465525427599001e+00   10000000      max_evaluations         736.6628  
15     61241434      1.6006848129086907e+03   6.8481290869070000e-01   10000000      max_evaluations         709.0768  
16     62241471      1.6008925344628171e+03   8.9253446281710003e-01   10000000      max_evaluations         723.7454  
17     63241508      1.6010535633842574e+03   1.0535633842573999e+00   10000000      max_evaluations         704.3571  
18     64241545      1.6007446764201090e+03   7.4467642010900004e-01   10000000      max_evaluations         717.5345  
19     65241582      1.6009325898149464e+03   9.3258981494640003e-01   10000000      max_evaluations         727.0613  
20     66241619      1.6007229500259243e+03   7.2295002592430002e-01   10000000      max_evaluations         722.1992  
21     67241656      1.6022908437704048e+03   2.2908437704048001e+00   10000000      max_evaluations         726.3582  
22     68241693      1.6003676715411993e+03   3.6767154119930001e-01   10000000      max_evaluations         757.1566  
23     69241730      1.6007254154568795e+03   7.2541545687950004e-01   10000000      max_evaluations         758.0714  
24     70241767      1.6064371205178784e+03   6.4371205178783999e+00   10000000      max_evaluations         756.0489  
25     71241804      1.6018422810024679e+03   1.8422810024678999e+00   10000000      max_evaluations         744.5195  
26     72241841      1.6008413548491883e+03   8.4135484918829995e-01   10000000      max_evaluations         746.4473  
27     73241878      1.6014660394900095e+03   1.4660394900095000e+00   10000000      max_evaluations         749.6403  
28     74241915      1.6006858087821281e+03   6.8580878212800001e-01   10000000      max_evaluations         752.4589  
29     75241952      1.6072091249446639e+03   7.2091249446639996e+00   10000000      max_evaluations         358.9548  
30     76241989      1.6009338384005141e+03   9.3383840051400002e-01   10000000      max_evaluations         361.8865  

----- F7  D20  (30 runs)  optimum=2100  target_error=1e-08 -----
Run    Seed          Best_Fitness             Error                    NFEs          Termination             Runtime_s 
1      48240949      2.1124149994687114e+03   1.2414999468711400e+01   10000000      max_evaluations         750.0841  
2      49240986      2.2239451536526758e+03   1.2394515365267600e+02   10000000      max_evaluations         732.6883  
3      50241023      2.1084318478054556e+03   8.4318478054556003e+00   10000000      max_evaluations         742.9960  
4      51241060      2.1379919869951327e+03   3.7991986995132699e+01   10000000      max_evaluations         738.5572  
5      52241097      2.1087535985790018e+03   8.7535985790020003e+00   10000000      max_evaluations         741.3454  
6      53241134      2.1330419999467304e+03   3.3041999946730400e+01   10000000      max_evaluations         820.1536  
7      54241171      2.1006754576967642e+03   6.7545769676400003e-01   10000000      max_evaluations         799.7808  
8      55241208      2.1009853959821999e+03   9.8539598220000002e-01   10000000      max_evaluations         827.4011  
9      56241245      2.1091912891386319e+03   9.1912891386319995e+00   10000000      max_evaluations         819.7048  
10     57241282      2.2427330047969403e+03   1.4273300479694029e+02   10000000      max_evaluations         816.1248  
11     58241319      2.1008200202308672e+03   8.2002023086700004e-01   10000000      max_evaluations         810.5104  
12     59241356      2.1041776491014493e+03   4.1776491014493002e+00   10000000      max_evaluations         806.3278  
13     60241393      2.2394713038476661e+03   1.3947130384766601e+02   10000000      max_evaluations         738.2003  
14     61241430      2.2284686473836778e+03   1.2846864738367779e+02   10000000      max_evaluations         751.9773  
15     62241467      2.2198704494824287e+03   1.1987044948242870e+02   10000000      max_evaluations         737.6446  
16     63241504      2.1376747593863120e+03   3.7674759386311997e+01   10000000      max_evaluations         721.9270  
17     64241541      2.1093679721767926e+03   9.3679721767926001e+00   10000000      max_evaluations         734.4686  
18     65241578      2.2204004838700357e+03   1.2040048387003570e+02   10000000      max_evaluations         742.4467  
19     66241615      2.1125808677623636e+03   1.2580867762363599e+01   10000000      max_evaluations         762.5682  
20     67241652      2.1090502897762162e+03   9.0502897762162000e+00   10000000      max_evaluations         742.3789  
21     68241689      2.1088729444043420e+03   8.8729444043420003e+00   10000000      max_evaluations         738.0439  
22     69241726      2.1336350216200863e+03   3.3635021620086299e+01   10000000      max_evaluations         780.3501  
23     70241763      2.1124323198977208e+03   1.2432319897720999e+01   10000000      max_evaluations         781.8574  
24     71241800      2.1010098434709912e+03   1.0098434709910000e+00   10000000      max_evaluations         764.5065  
25     72241837      2.1088931730439645e+03   8.8931730439645005e+00   10000000      max_evaluations         776.7273  
26     73241874      2.2309155699171038e+03   1.3091556991710380e+02   10000000      max_evaluations         775.0010  
27     74241911      2.1046808720494041e+03   4.6808720494039999e+00   10000000      max_evaluations         778.8864  
28     75241948      2.1093672337540756e+03   9.3672337540756008e+00   10000000      max_evaluations         769.5017  
29     76241985      2.1745796189492344e+03   7.4579618949234401e+01   10000000      max_evaluations         353.8725  
30     77242022      2.1295890372110789e+03   2.9589037211078999e+01   10000000      max_evaluations         346.9846  

----- F8  D20  (30 runs)  optimum=2200  target_error=1e-08 -----
Run    Seed          Best_Fitness             Error                    NFEs          Termination             Runtime_s 
1      49240982      2.3000000000000005e+03   1.0000000000000050e+02   10000000      max_evaluations         774.4889  
2      50241019      2.3000000000000005e+03   1.0000000000000050e+02   10000000      max_evaluations         786.4056  
3      51241056      2.2783461649545943e+03   7.8346164954594300e+01   10000000      max_evaluations         798.6770  
4      52241093      2.3000000000000005e+03   1.0000000000000050e+02   10000000      max_evaluations         786.0059  
5      53241130      2.3000000000000005e+03   1.0000000000000050e+02   10000000      max_evaluations         805.8095  
6      54241167      2.3000000000000005e+03   1.0000000000000050e+02   10000000      max_evaluations         867.4945  
7      55241204      2.3000000000000005e+03   1.0000000000000050e+02   10000000      max_evaluations         875.4174  
8      56241241      2.3000000000000005e+03   1.0000000000000050e+02   10000000      max_evaluations         869.7851  
9      57241278      2.3000000000000005e+03   1.0000000000000050e+02   10000000      max_evaluations         877.9533  
10     58241315      2.3000000000000005e+03   1.0000000000000050e+02   10000000      max_evaluations         867.1764  
11     59241352      2.3000000000000005e+03   1.0000000000000050e+02   10000000      max_evaluations         872.7984  
12     60241389      2.3000000000000005e+03   1.0000000000000050e+02   10000000      max_evaluations         867.9625  
13     61241426      2.3000000000000005e+03   1.0000000000000050e+02   10000000      max_evaluations         788.8768  
14     62241463      2.3000000000000005e+03   1.0000000000000050e+02   10000000      max_evaluations         788.7342  
15     63241500      2.3000000000000005e+03   1.0000000000000050e+02   10000000      max_evaluations         782.0036  
16     64241537      2.3000000000000005e+03   1.0000000000000050e+02   10000000      max_evaluations         777.6933  
17     65241574      2.3000000000000005e+03   1.0000000000000050e+02   10000000      max_evaluations         785.0126  
18     66241611      2.3000000000000005e+03   1.0000000000000050e+02   10000000      max_evaluations         790.9217  
19     67241648      2.3000000000000005e+03   1.0000000000000050e+02   10000000      max_evaluations         753.9142  
20     68241685      2.3000000000000005e+03   1.0000000000000050e+02   10000000      max_evaluations         780.9510  
21     69241722      2.3000000000000005e+03   1.0000000000000050e+02   10000000      max_evaluations         790.1676  
22     70241759      2.3000000000000005e+03   1.0000000000000050e+02   10000000      max_evaluations         822.4767  
23     71241796      2.3000000000000005e+03   1.0000000000000050e+02   10000000      max_evaluations         819.5808  
24     72241833      2.3000000000000005e+03   1.0000000000000050e+02   10000000      max_evaluations         825.1987  
25     73241870      2.3000000000000005e+03   1.0000000000000050e+02   10000000      max_evaluations         821.1262  
26     74241907      2.3000000000000000e+03   1.0000000000000000e+02   10000000      max_evaluations         817.0613  
27     75241944      2.3000000000000005e+03   1.0000000000000050e+02   10000000      max_evaluations         816.5940  
28     76241981      2.3000000000000005e+03   1.0000000000000050e+02   10000000      max_evaluations         813.3336  
29     77242018      2.3000000000000005e+03   1.0000000000000050e+02   10000000      max_evaluations         423.4687  
30     78242055      2.3000000000000005e+03   1.0000000000000050e+02   10000000      max_evaluations         416.9961  

----- F9  D20  (30 runs)  optimum=2400  target_error=1e-08 -----
Run    Seed          Best_Fitness             Error                    NFEs          Termination             Runtime_s 
1      50241015      2.7691283582236069e+03   3.6912835822360699e+02   10000000      max_evaluations         806.6143  
2      51241052      2.7997949090403972e+03   3.9979490904039699e+02   10000000      max_evaluations         812.5782  
3      52241089      2.7590657383255984e+03   3.5906573832559837e+02   10000000      max_evaluations         781.0510  
4      53241126      2.7957152158627437e+03   3.9571521586274372e+02   10000000      max_evaluations         814.3163  
5      54241163      2.7454867917716033e+03   3.4548679177160329e+02   10000000      max_evaluations         812.7663  
6      55241200      2.7837665982535018e+03   3.8376659825350202e+02   10000000      max_evaluations         894.3384  
7      56241237      2.7457771237332572e+03   3.4577712373325699e+02   10000000      max_evaluations         884.3692  
8      57241274      2.8024938679519887e+03   4.0249386795198870e+02   10000000      max_evaluations         886.0590  
9      58241311      2.7454867917716033e+03   3.4548679177160329e+02   10000000      max_evaluations         859.2934  
10     59241348      2.8086456706097129e+03   4.0864567060971302e+02   10000000      max_evaluations         899.6655  
11     60241385      2.8045239533609501e+03   4.0452395336094997e+02   10000000      max_evaluations         874.1321  
12     61241422      2.8006825299561765e+03   4.0068252995617650e+02   10000000      max_evaluations         885.8942  
13     62241459      2.7590657383255984e+03   3.5906573832559837e+02   10000000      max_evaluations         800.0451  
14     63241496      2.8061439811064170e+03   4.0614398110641702e+02   10000000      max_evaluations         814.3419  
15     64241533      2.7896608124772824e+03   3.8966081247728238e+02   10000000      max_evaluations         790.5525  
16     65241570      2.7979818732809636e+03   3.9798187328096361e+02   10000000      max_evaluations         796.3085  
17     66241607      2.7869612729377823e+03   3.8696127293778233e+02   10000000      max_evaluations         793.5771  
18     67241644      2.7795281070937062e+03   3.7952810709370618e+02   10000000      max_evaluations         782.8358  
19     68241681      2.7722264204467556e+03   3.7222642044675558e+02   10000000      max_evaluations         803.6069  
20     69241718      2.7000000000000005e+03   3.0000000000000051e+02   10000000      max_evaluations         799.5307  
21     70241755      2.7806266105278660e+03   3.8062661052786598e+02   10000000      max_evaluations         786.3726  
22     71241792      2.7885970385294004e+03   3.8859703852940038e+02   10000000      max_evaluations         842.2012  
23     72241829      2.7507775826242164e+03   3.5077758262421639e+02   10000000      max_evaluations         825.2691  
24     73241866      2.7000000000000005e+03   3.0000000000000051e+02   10000000      max_evaluations         814.3702  
25     74241903      2.8020735191431868e+03   4.0207351914318701e+02   10000000      max_evaluations         823.4896  
26     75241940      2.7893016337337131e+03   3.8930163373371300e+02   10000000      max_evaluations         825.9655  
27     76241977      2.8031944615328762e+03   4.0319446153287601e+02   10000000      max_evaluations         823.7156  
28     77242014      2.7876159463077488e+03   3.8761594630774903e+02   10000000      max_evaluations         816.4478  
29     78242051      2.8029417462249162e+03   4.0294174622491602e+02   10000000      max_evaluations         405.3359  
30     79242088      2.8027540273831764e+03   4.0275402738317638e+02   10000000      max_evaluations         382.5419  

----- F10  D20  (30 runs)  optimum=2500  target_error=1e-08 -----
Run    Seed          Best_Fitness             Error                    NFEs          Termination             Runtime_s 
1      51241048      2.8994618072110311e+03   3.9946180721103099e+02   10000000      max_evaluations         847.5021  
2      52241085      2.9024843178777555e+03   4.0248431787775547e+02   10000000      max_evaluations         825.8242  
3      53241122      2.9137337802030743e+03   4.1373378020307428e+02   10000000      max_evaluations         840.7220  
4      54241159      2.9141908106781434e+03   4.1419081067814341e+02   10000000      max_evaluations         830.7655  
5      55241196      2.9141261279737269e+03   4.1412612797372702e+02   10000000      max_evaluations         845.0174  
6      56241233      2.9104468269914169e+03   4.1044682699141703e+02   10000000      max_evaluations         915.8669  
7      57241270      2.8993454835974594e+03   3.9934548359745941e+02   10000000      max_evaluations         928.5275  
8      58241307      2.9014323068977246e+03   4.0143230689772457e+02   10000000      max_evaluations         915.5618  
9      59241344      2.9137793082744324e+03   4.1377930827443242e+02   10000000      max_evaluations         917.2197  
10     60241381      2.9136800074366065e+03   4.1368000743660650e+02   10000000      max_evaluations         927.6439  
11     61241418      2.9027995455656437e+03   4.0279954556564371e+02   10000000      max_evaluations         920.2095  
12     62241455      2.9014696001700813e+03   4.0146960017008132e+02   10000000      max_evaluations         922.0128  
13     63241492      2.9136722954586003e+03   4.1367229545860027e+02   10000000      max_evaluations         833.1950  
14     64241529      2.9100971803533230e+03   4.1009718035332298e+02   10000000      max_evaluations         833.3005  
15     65241566      2.9137850898830161e+03   4.1378508988301598e+02   10000000      max_evaluations         823.4852  
16     66241603      2.9136784035669502e+03   4.1367840356695018e+02   10000000      max_evaluations         820.0501  
17     67241640      2.9100937887292284e+03   4.1009378872922838e+02   10000000      max_evaluations         822.8229  
18     68241677      2.9102525451556626e+03   4.1025254515566257e+02   10000000      max_evaluations         822.9035  
19     69241714      2.9137470196223367e+03   4.1374701962233672e+02   10000000      max_evaluations         827.4302  
20     70241751      2.9103117862550589e+03   4.1031178625505902e+02   10000000      max_evaluations         831.5003  
21     71241788      2.9137802512714798e+03   4.1378025127147981e+02   10000000      max_evaluations         820.7517  
22     72241825      2.9136978061091186e+03   4.1369780610911857e+02   10000000      max_evaluations         864.1790  
23     73241862      2.8991354187018219e+03   3.9913541870182200e+02   10000000      max_evaluations         869.0785  
24     74241899      2.9101043793507174e+03   4.1010437935071741e+02   10000000      max_evaluations         859.5113  
25     75241936      2.9012369719035373e+03   4.0123697190353732e+02   10000000      max_evaluations         860.2610  
26     76241973      2.9137114860355796e+03   4.1371148603557958e+02   10000000      max_evaluations         861.0512  
27     77242010      2.9100938194104156e+03   4.1009381941041562e+02   10000000      max_evaluations         860.5222  
28     78242047      2.9101275946665387e+03   4.1012759466653870e+02   10000000      max_evaluations         856.7938  
29     79242084      2.9137253296646659e+03   4.1372532966466599e+02   10000000      max_evaluations         406.9624  
30     80242121      2.8992504625841593e+03   3.9925046258415932e+02   10000000      max_evaluations         400.6697  

