==============================================================================================================
DETAILED PER-RUN LOG   DT-GSK   CEC2020   D5
runs per function : 30
functions         : [1 2 3 4 5 8 9 10]
statistics basis  : error vs known optimum
generated         : 2026-07-28_22.54.33
==============================================================================================================

----- F1  D5  (30 runs)  optimum=100  target_error=1e-08 -----
Run    Seed          Best_Fitness             Error                    NFEs          Termination             Runtime_s 
1      27240706      1.0000000000000000e+02   0.0000000000000000e+00   50000         max_evaluations         3.4434    
2      28240743      1.0000000000000000e+02   0.0000000000000000e+00   50000         max_evaluations         3.4172    
3      29240780      1.0000000000000000e+02   0.0000000000000000e+00   50000         max_evaluations         3.3726    
4      30240817      1.0000000000000000e+02   0.0000000000000000e+00   50000         max_evaluations         3.4933    
5      31240854      1.0000000000000000e+02   0.0000000000000000e+00   50000         max_evaluations         3.4254    
6      32240891      1.0000000000000000e+02   0.0000000000000000e+00   50000         max_evaluations         3.4778    
7      33240928      1.0000000000000000e+02   0.0000000000000000e+00   50000         max_evaluations         3.3783    
8      34240965      1.0000000000000000e+02   0.0000000000000000e+00   50000         max_evaluations         3.4652    
9      35241002      1.0000000000000000e+02   0.0000000000000000e+00   50000         max_evaluations         3.4703    
10     36241039      1.0000000000000000e+02   0.0000000000000000e+00   50000         max_evaluations         3.4248    
11     37241076      1.0000000000000000e+02   0.0000000000000000e+00   50000         max_evaluations         3.4900    
12     38241113      1.0000000000000000e+02   0.0000000000000000e+00   50000         max_evaluations         3.3550    
13     39241150      1.0000000000000000e+02   0.0000000000000000e+00   50000         max_evaluations         3.3458    
14     40241187      1.0000000000000000e+02   0.0000000000000000e+00   50000         max_evaluations         3.3597    
15     41241224      1.0000000000000000e+02   0.0000000000000000e+00   50000         max_evaluations         2.0470    
16     42241261      1.0000000000000000e+02   0.0000000000000000e+00   50000         max_evaluations         2.1155    
17     43241298      1.0000000000000000e+02   0.0000000000000000e+00   50000         max_evaluations         1.9285    
18     44241335      1.0000000000000000e+02   0.0000000000000000e+00   50000         max_evaluations         2.0058    
19     45241372      1.0000000000000000e+02   0.0000000000000000e+00   50000         max_evaluations         2.0259    
20     46241409      1.0000000000000000e+02   0.0000000000000000e+00   50000         max_evaluations         2.0232    
21     47241446      1.0000000000000000e+02   0.0000000000000000e+00   50000         max_evaluations         1.9465    
22     48241483      1.0000000000000000e+02   0.0000000000000000e+00   50000         max_evaluations         1.9595    
23     49241520      1.0000000000000000e+02   0.0000000000000000e+00   50000         max_evaluations         1.9404    
24     50241557      1.0000000000000000e+02   0.0000000000000000e+00   50000         max_evaluations         1.9479    
25     51241594      1.0000000000000000e+02   0.0000000000000000e+00   50000         max_evaluations         2.0518    
26     52241631      1.0000000000000000e+02   0.0000000000000000e+00   50000         max_evaluations         2.0299    
27     53241668      1.0000000000000000e+02   0.0000000000000000e+00   50000         max_evaluations         1.9607    
28     54241705      1.0000000000000000e+02   0.0000000000000000e+00   50000         max_evaluations         2.0689    
29     55241742      1.0000000000000000e+02   0.0000000000000000e+00   50000         max_evaluations         1.3631    
30     56241779      1.0000000000000000e+02   0.0000000000000000e+00   50000         max_evaluations         1.3586    

----- F2  D5  (30 runs)  optimum=1100  target_error=1e-08 -----
Run    Seed          Best_Fitness             Error                    NFEs          Termination             Runtime_s 
1      28240739      1.1007265944394940e+03   7.2659443949400004e-01   50000         max_evaluations         2.0730    
2      29240776      1.1028474072646022e+03   2.8474072646022002e+00   50000         max_evaluations         2.1837    
3      30240813      1.1045129559816296e+03   4.5129559816295997e+00   50000         max_evaluations         1.9785    
4      31240850      1.1018708209464762e+03   1.8708209464762000e+00   50000         max_evaluations         2.1238    
5      32240887      1.1004995959389330e+03   4.9959593893299997e-01   50000         max_evaluations         1.9554    
6      33240924      1.1004976141403176e+03   4.9761414031759998e-01   50000         max_evaluations         2.1743    
7      34240961      1.1029936429880627e+03   2.9936429880627000e+00   50000         max_evaluations         2.0616    
8      35240998      1.1005664604795793e+03   5.6646047957930001e-01   50000         max_evaluations         2.1513    
9      36241035      1.1027308638556501e+03   2.7308638556500999e+00   50000         max_evaluations         2.1406    
10     37241072      1.1092441709669752e+03   9.2441709669752008e+00   50000         max_evaluations         2.0710    
11     38241109      1.1024658458201825e+03   2.4658458201825000e+00   50000         max_evaluations         2.1020    
12     39241146      1.2260040144513609e+03   1.2600401445136100e+02   50000         max_evaluations         2.1423    
13     40241183      1.1006617821934856e+03   6.6178219348559997e-01   50000         max_evaluations         1.9957    
14     41241220      1.1007987682883040e+03   7.9876828830400004e-01   50000         max_evaluations         1.9871    
15     42241257      1.1002497979694667e+03   2.4979796946669999e-01   50000         max_evaluations         3.8975    
16     43241294      1.1010929229223402e+03   1.0929229223401999e+00   50000         max_evaluations         4.0256    
17     44241331      1.1006004793426018e+03   6.0047934260180003e-01   50000         max_evaluations         3.7806    
18     45241368      1.1003746969541999e+03   3.7469695419990001e-01   50000         max_evaluations         3.7771    
19     46241405      1.1013335834720610e+03   1.3335834720610000e+00   50000         max_evaluations         3.7326    
20     47241442      1.1006812635812721e+03   6.8126358127200004e-01   50000         max_evaluations         3.7935    
21     48241479      1.1068293802201288e+03   6.8293802201288001e+00   50000         max_evaluations         3.8632    
22     49241516      1.1002497979694667e+03   2.4979796946669999e-01   50000         max_evaluations         3.6819    
23     50241553      1.1002497979694667e+03   2.4979796946669999e-01   50000         max_evaluations         4.0180    
24     51241590      1.1005075039147628e+03   5.0750391476279999e-01   50000         max_evaluations         3.7662    
25     52241627      1.1002097290689521e+03   2.0972906895210000e-01   50000         max_evaluations         3.9918    
26     53241664      1.1019329469879240e+03   1.9329469879240000e+00   50000         max_evaluations         3.8883    
27     54241701      1.1005718281555578e+03   5.7182815555779998e-01   50000         max_evaluations         4.0063    
28     55241738      1.1007879795395829e+03   7.8797953958300004e-01   50000         max_evaluations         3.9480    
29     56241775      1.1068293802201288e+03   6.8293802201288001e+00   50000         max_evaluations         1.9191    
30     57241812      1.1007361703133806e+03   7.3617031338060002e-01   50000         max_evaluations         1.9165    

----- F3  D5  (30 runs)  optimum=700  target_error=1e-08 -----
Run    Seed          Best_Fitness             Error                    NFEs          Termination             Runtime_s 
1      29240772      7.0308803408881306e+02   3.0880340888130999e+00   50000         max_evaluations         2.7990    
2      30240809      7.0535157840425313e+02   5.3515784042531003e+00   50000         max_evaluations         2.7376    
3      31240846      7.0538311648054560e+02   5.3831164805456000e+00   50000         max_evaluations         2.7682    
4      32240883      7.0514822796606131e+02   5.1482279660612997e+00   50000         max_evaluations         2.7068    
5      33240920      7.0514822796606131e+02   5.1482279660612997e+00   50000         max_evaluations         2.7867    
6      34240957      7.0540346788463114e+02   5.4034678846310999e+00   50000         max_evaluations         2.8358    
7      35240994      7.0514822796606131e+02   5.1482279660612997e+00   50000         max_evaluations         2.7022    
8      36241031      7.0514822796606143e+02   5.1482279660614001e+00   50000         max_evaluations         2.7269    
9      37241068      7.0514835218500855e+02   5.1483521850085001e+00   50000         max_evaluations         2.5737    
10     38241105      7.0539916906102030e+02   5.3991690610202996e+00   50000         max_evaluations         2.7318    
11     39241142      7.0514822796606131e+02   5.1482279660612997e+00   50000         max_evaluations         2.6830    
12     40241179      7.0514822796606131e+02   5.1482279660612997e+00   50000         max_evaluations         2.7107    
13     41241216      7.0514822796606131e+02   5.1482279660612997e+00   50000         max_evaluations         2.9234    
14     42241253      7.0514822796606131e+02   5.1482279660612997e+00   50000         max_evaluations         2.6514    
15     43241290      7.0514822796606165e+02   5.1482279660617003e+00   50000         max_evaluations         3.8212    
16     44241327      7.0514822796606131e+02   5.1482279660612997e+00   50000         max_evaluations         3.6832    
17     45241364      7.0514822796606131e+02   5.1482279660612997e+00   50000         max_evaluations         3.8332    
18     46241401      7.0455900040645759e+02   4.5590004064576002e+00   50000         max_evaluations         3.9170    
19     47241438      7.0514822796606131e+02   5.1482279660612997e+00   50000         max_evaluations         4.1670    
20     48241475      7.0514822796606131e+02   5.1482279660612997e+00   50000         max_evaluations         3.9134    
21     49241512      7.0514823384869283e+02   5.1482338486927999e+00   50000         max_evaluations         3.8101    
22     50241549      7.0514822796606131e+02   5.1482279660612997e+00   50000         max_evaluations         3.9123    
23     51241586      7.0514822796606131e+02   5.1482279660612997e+00   50000         max_evaluations         3.7309    
24     52241623      7.0514822796606131e+02   5.1482279660612997e+00   50000         max_evaluations         4.2041    
25     53241660      7.0514822796606131e+02   5.1482279660612997e+00   50000         max_evaluations         3.9850    
26     54241697      7.0227922911828375e+02   2.2792291182838000e+00   50000         max_evaluations         3.7917    
27     55241734      7.0514822796606143e+02   5.1482279660614001e+00   50000         max_evaluations         3.9631    
28     56241771      7.0514822796606131e+02   5.1482279660612997e+00   50000         max_evaluations         3.9191    
29     57241808      7.0530888731294033e+02   5.3088873129402998e+00   50000         max_evaluations         2.0915    
30     58241845      7.0514822796606143e+02   5.1482279660614001e+00   50000         max_evaluations         2.0178    

----- F4  D5  (30 runs)  optimum=1900  target_error=1e-08 -----
Run    Seed          Best_Fitness             Error                    NFEs          Termination             Runtime_s 
1      30240805      1.9001080641437818e+03   1.0806414378180000e-01   50000         max_evaluations         2.2746    
2      31240842      1.9001515671250720e+03   1.5156712507199999e-01   50000         max_evaluations         2.3160    
3      32240879      1.9000509860188383e+03   5.0986018838300000e-02   50000         max_evaluations         2.2759    
4      33240916      1.9000985188516634e+03   9.8518851663400006e-02   50000         max_evaluations         2.3154    
5      34240953      1.9001199107848745e+03   1.1991078487450001e-01   50000         max_evaluations         2.3190    
6      35240990      1.9000659464540759e+03   6.5946454075899996e-02   50000         max_evaluations         2.2891    
7      36241027      1.9000734720733963e+03   7.3472073396300006e-02   50000         max_evaluations         2.3590    
8      37241064      1.9001464092112456e+03   1.4640921124560000e-01   50000         max_evaluations         2.3476    
9      38241101      1.9001775417171204e+03   1.7754171712040001e-01   50000         max_evaluations         2.3633    
10     39241138      1.9001062428261002e+03   1.0624282610020000e-01   50000         max_evaluations         2.3888    
11     40241175      1.9000516802079042e+03   5.1680207904199998e-02   50000         max_evaluations         2.2942    
12     41241212      1.9000435095570481e+03   4.3509557047999997e-02   50000         max_evaluations         2.3236    
13     42241249      1.9001202143076937e+03   1.2021430769370001e-01   50000         max_evaluations         2.2461    
14     43241286      1.9000484998997717e+03   4.8499899771700002e-02   50000         max_evaluations         2.2632    
15     44241323      1.9001323637307755e+03   1.3236373077550001e-01   50000         max_evaluations         3.3846    
16     45241360      1.9001199946348866e+03   1.1999463488660000e-01   50000         max_evaluations         3.3011    
17     46241397      1.9001097154631520e+03   1.0971546315200000e-01   50000         max_evaluations         3.3262    
18     47241434      1.9000847290249762e+03   8.4729024976199996e-02   50000         max_evaluations         3.2848    
19     48241471      1.9000728759635997e+03   7.2875963599700000e-02   50000         max_evaluations         3.3047    
20     49241508      1.9001151924412281e+03   1.1519244122810000e-01   50000         max_evaluations         3.2409    
21     50241545      1.9001232420342765e+03   1.2324203427650000e-01   50000         max_evaluations         3.4055    
22     51241582      1.9000000293825185e+03   2.9382518499999999e-05   50000         max_evaluations         3.2947    
23     52241619      1.9001090776775520e+03   1.0907767755200000e-01   50000         max_evaluations         3.3519    
24     53241656      1.9001286172085247e+03   1.2861720852469999e-01   50000         max_evaluations         3.1712    
25     54241693      1.9001330146526645e+03   1.3301465266449999e-01   50000         max_evaluations         3.3577    
26     55241730      1.9000395332203261e+03   3.9533220326100002e-02   50000         max_evaluations         3.3461    
27     56241767      1.9000875978743704e+03   8.7597874370399995e-02   50000         max_evaluations         3.3704    
28     57241804      1.9000899790545907e+03   8.9979054590700006e-02   50000         max_evaluations         3.4378    
29     58241841      1.9000813520081299e+03   8.1352008130000000e-02   50000         max_evaluations         1.8326    
30     59241878      1.9000817610004892e+03   8.1761000489200000e-02   50000         max_evaluations         1.7593    

----- F5  D5  (30 runs)  optimum=1700  target_error=1e-08 -----
Run    Seed          Best_Fitness             Error                    NFEs          Termination             Runtime_s 
1      31240838      1.7000000000000000e+03   0.0000000000000000e+00   50000         max_evaluations         2.7948    
2      32240875      1.7000000000000000e+03   0.0000000000000000e+00   50000         max_evaluations         2.7782    
3      33240912      1.7000000000000000e+03   0.0000000000000000e+00   50000         max_evaluations         2.8883    
4      34240949      1.7000000000000000e+03   0.0000000000000000e+00   50000         max_evaluations         2.7350    
5      35240986      1.7000000000000000e+03   0.0000000000000000e+00   50000         max_evaluations         2.8017    
6      36241023      1.7000000000000000e+03   0.0000000000000000e+00   50000         max_evaluations         2.8495    
7      37241060      1.7000000000000414e+03   0.0000000000000000e+00   50000         max_evaluations         2.7860    
8      38241097      1.7000000000000000e+03   0.0000000000000000e+00   50000         max_evaluations         2.8508    
9      39241134      1.7000000000000000e+03   0.0000000000000000e+00   50000         max_evaluations         2.7585    
10     40241171      1.7000000000000000e+03   0.0000000000000000e+00   50000         max_evaluations         2.8779    
11     41241208      1.7000000000000000e+03   0.0000000000000000e+00   50000         max_evaluations         2.8219    
12     42241245      1.7000000000000000e+03   0.0000000000000000e+00   50000         max_evaluations         2.8378    
13     43241282      1.7000000000000000e+03   0.0000000000000000e+00   50000         max_evaluations         2.7321    
14     44241319      1.7000000000000000e+03   0.0000000000000000e+00   50000         max_evaluations         2.9209    
15     45241356      1.7000000000000000e+03   0.0000000000000000e+00   50000         max_evaluations         3.8293    
16     46241393      1.7000000000000000e+03   0.0000000000000000e+00   50000         max_evaluations         3.9187    
17     47241430      1.7000000000000000e+03   0.0000000000000000e+00   50000         max_evaluations         4.0979    
18     48241467      1.7000000000000000e+03   0.0000000000000000e+00   50000         max_evaluations         4.0648    
19     49241504      1.7000000000000000e+03   0.0000000000000000e+00   50000         max_evaluations         3.7677    
20     50241541      1.7000000000000000e+03   0.0000000000000000e+00   50000         max_evaluations         3.9732    
21     51241578      1.7000000000000000e+03   0.0000000000000000e+00   50000         max_evaluations         3.9604    
22     52241615      1.7000000000000000e+03   0.0000000000000000e+00   50000         max_evaluations         3.9847    
23     53241652      1.7000000000000000e+03   0.0000000000000000e+00   50000         max_evaluations         3.9224    
24     54241689      1.7000000000000000e+03   0.0000000000000000e+00   50000         max_evaluations         4.0707    
25     55241726      1.7006240993205097e+03   6.2409932050969996e-01   50000         max_evaluations         3.9563    
26     56241763      1.7000000000000000e+03   0.0000000000000000e+00   50000         max_evaluations         3.8101    
27     57241800      1.7000000000000000e+03   0.0000000000000000e+00   50000         max_evaluations         3.9631    
28     58241837      1.7000000000000002e+03   0.0000000000000000e+00   50000         max_evaluations         3.8747    
29     59241874      1.7006240993205097e+03   6.2409932050969996e-01   50000         max_evaluations         2.0728    
30     60241911      1.7000000000000002e+03   0.0000000000000000e+00   50000         max_evaluations         2.0492    

----- F8  D5  (30 runs)  optimum=2200  target_error=1e-08 -----
Run    Seed          Best_Fitness             Error                    NFEs          Termination             Runtime_s 
1      34240937      2.2000000000000000e+03   0.0000000000000000e+00   50000         max_evaluations         2.9304    
2      35240974      2.2000000000000005e+03   0.0000000000000000e+00   50000         max_evaluations         3.0249    
3      36241011      2.2000000000000005e+03   0.0000000000000000e+00   50000         max_evaluations         2.9943    
4      37241048      2.2000000000000000e+03   0.0000000000000000e+00   50000         max_evaluations         2.8667    
5      38241085      2.2000000000000000e+03   0.0000000000000000e+00   50000         max_evaluations         3.0059    
6      39241122      2.2000000000000005e+03   0.0000000000000000e+00   50000         max_evaluations         3.1054    
7      40241159      2.2000000000000000e+03   0.0000000000000000e+00   50000         max_evaluations         3.1386    
8      41241196      2.2000000000000005e+03   0.0000000000000000e+00   50000         max_evaluations         3.0837    
9      42241233      2.2000000000000005e+03   0.0000000000000000e+00   50000         max_evaluations         3.0289    
10     43241270      2.2000000000000005e+03   0.0000000000000000e+00   50000         max_evaluations         3.0355    
11     44241307      2.3003506880249388e+03   1.0035068802493900e+02   50000         max_evaluations         3.1564    
12     45241344      2.2000000000000000e+03   0.0000000000000000e+00   50000         max_evaluations         3.0176    
13     46241381      2.2000000000000005e+03   0.0000000000000000e+00   50000         max_evaluations         3.0565    
14     47241418      2.2000000000000000e+03   0.0000000000000000e+00   50000         max_evaluations         2.8758    
15     48241455      2.2000000000000000e+03   0.0000000000000000e+00   50000         max_evaluations         4.1439    
16     49241492      2.2000000000000000e+03   0.0000000000000000e+00   50000         max_evaluations         4.3958    
17     50241529      2.2000000000000000e+03   0.0000000000000000e+00   50000         max_evaluations         4.0969    
18     51241566      2.3000000000000005e+03   1.0000000000000050e+02   50000         max_evaluations         4.1769    
19     52241603      2.2102558364375263e+03   1.0255836437526300e+01   50000         max_evaluations         4.3404    
20     53241640      2.2000000000000000e+03   0.0000000000000000e+00   50000         max_evaluations         4.3416    
21     54241677      2.2000000000000005e+03   0.0000000000000000e+00   50000         max_evaluations         4.0539    
22     55241714      2.2000000000000000e+03   0.0000000000000000e+00   50000         max_evaluations         4.0176    
23     56241751      2.2066059859635461e+03   6.6059859635459999e+00   50000         max_evaluations         4.1844    
24     57241788      2.2000000000000005e+03   0.0000000000000000e+00   50000         max_evaluations         3.9524    
25     58241825      2.2000000000000005e+03   0.0000000000000000e+00   50000         max_evaluations         3.8530    
26     59241862      2.2000000000000005e+03   0.0000000000000000e+00   50000         max_evaluations         4.0730    
27     60241899      2.2000000000000000e+03   0.0000000000000000e+00   50000         max_evaluations         4.1921    
28     61241936      2.2000000000000005e+03   0.0000000000000000e+00   50000         max_evaluations         4.2171    
29     62241973      2.2000000000000005e+03   0.0000000000000000e+00   50000         max_evaluations         2.0503    
30     63242010      2.2000000000000000e+03   0.0000000000000000e+00   50000         max_evaluations         1.9911    

----- F9  D5  (30 runs)  optimum=2400  target_error=1e-08 -----
Run    Seed          Best_Fitness             Error                    NFEs          Termination             Runtime_s 
1      35240970      2.5000000000000005e+03   1.0000000000000050e+02   50000         max_evaluations         3.3261    
2      36241007      2.5000000000000005e+03   1.0000000000000050e+02   50000         max_evaluations         3.5742    
3      37241044      2.5000000000000005e+03   1.0000000000000050e+02   50000         max_evaluations         3.3861    
4      38241081      2.5000000000000000e+03   1.0000000000000000e+02   50000         max_evaluations         3.5956    
5      39241118      2.5000000000000000e+03   1.0000000000000000e+02   50000         max_evaluations         3.5646    
6      40241155      2.5000000000000000e+03   1.0000000000000000e+02   50000         max_evaluations         3.5193    
7      41241192      2.4000000000000005e+03   0.0000000000000000e+00   50000         max_evaluations         3.4322    
8      42241229      2.6004694996788398e+03   2.0046949967884001e+02   50000         max_evaluations         3.7153    
9      43241266      2.5000000000000000e+03   1.0000000000000000e+02   50000         max_evaluations         3.5537    
10     44241303      2.5000000000000005e+03   1.0000000000000050e+02   50000         max_evaluations         3.4823    
11     45241340      2.5000000000000000e+03   1.0000000000000000e+02   50000         max_evaluations         3.6862    
12     46241377      2.5000000000000000e+03   1.0000000000000000e+02   50000         max_evaluations         3.4960    
13     47241414      2.5000000000000005e+03   1.0000000000000050e+02   50000         max_evaluations         3.5845    
14     48241451      2.4000000000000000e+03   0.0000000000000000e+00   50000         max_evaluations         3.5321    
15     49241488      2.5000000000000005e+03   1.0000000000000050e+02   50000         max_evaluations         4.6498    
16     50241525      2.5000000000000005e+03   1.0000000000000050e+02   50000         max_evaluations         4.8728    
17     51241562      2.5000000000000005e+03   1.0000000000000050e+02   50000         max_evaluations         4.6481    
18     52241599      2.5000000000000000e+03   1.0000000000000000e+02   50000         max_evaluations         4.6877    
19     53241636      2.7000000000000000e+03   3.0000000000000000e+02   50000         max_evaluations         4.5889    
20     54241673      2.5000000000000000e+03   1.0000000000000000e+02   50000         max_evaluations         4.7714    
21     55241710      2.5000000000000000e+03   1.0000000000000000e+02   50000         max_evaluations         4.7935    
22     56241747      2.5000000000000000e+03   1.0000000000000000e+02   50000         max_evaluations         4.4126    
23     57241784      2.5000000000000005e+03   1.0000000000000050e+02   50000         max_evaluations         4.4786    
24     58241821      2.5000000000007776e+03   1.0000000000077760e+02   50000         max_evaluations         4.7504    
25     59241858      2.5000000000000005e+03   1.0000000000000050e+02   50000         max_evaluations         4.4791    
26     60241895      2.5000000000000005e+03   1.0000000000000050e+02   50000         max_evaluations         4.4149    
27     61241932      2.5000000000000005e+03   1.0000000000000050e+02   50000         max_evaluations         4.8150    
28     62241969      2.6004659407582444e+03   2.0046594075824439e+02   50000         max_evaluations         4.5280    
29     63242006      2.5000000000000000e+03   1.0000000000000000e+02   50000         max_evaluations         2.0928    
30     64242043      2.4000000000000000e+03   0.0000000000000000e+00   50000         max_evaluations         2.0344    

----- F10  D5  (30 runs)  optimum=2500  target_error=1e-08 -----
Run    Seed          Best_Fitness             Error                    NFEs          Termination             Runtime_s 
1      36241003      2.8473669159351875e+03   3.4736691593518748e+02   50000         max_evaluations         3.2248    
2      37241040      2.8000000000000000e+03   3.0000000000000000e+02   50000         max_evaluations         3.3310    
3      38241077      2.8473669159351875e+03   3.4736691593518748e+02   50000         max_evaluations         3.4939    
4      39241114      2.8000000060468196e+03   3.0000000604681958e+02   50000         max_evaluations         3.2055    
5      40241151      2.5000000000000005e+03   0.0000000000000000e+00   50000         max_evaluations         3.4505    
6      41241188      2.8473669159351875e+03   3.4736691593518748e+02   50000         max_evaluations         3.2467    
7      42241225      2.8473669159351875e+03   3.4736691593518748e+02   50000         max_evaluations         3.3237    
8      43241262      2.8473669159351875e+03   3.4736691593518748e+02   50000         max_evaluations         3.3203    
9      44241299      2.8473669159351875e+03   3.4736691593518748e+02   50000         max_evaluations         3.5158    
10     45241336      2.8473669159351875e+03   3.4736691593518748e+02   50000         max_evaluations         3.3637    
11     46241373      2.8473669159351880e+03   3.4736691593518799e+02   50000         max_evaluations         3.3661    
12     47241410      2.8473669159351875e+03   3.4736691593518748e+02   50000         max_evaluations         3.4577    
13     48241447      2.8473669159351875e+03   3.4736691593518748e+02   50000         max_evaluations         3.2697    
14     49241484      2.8473669159351875e+03   3.4736691593518748e+02   50000         max_evaluations         3.3023    
15     50241521      2.8000000000000009e+03   3.0000000000000102e+02   50000         max_evaluations         4.3295    
16     51241558      2.8473669159351875e+03   3.4736691593518748e+02   50000         max_evaluations         4.9254    
17     52241595      2.8000000000000005e+03   3.0000000000000051e+02   50000         max_evaluations         4.6918    
18     53241632      2.8473669159351875e+03   3.4736691593518748e+02   50000         max_evaluations         4.6924    
19     54241669      2.8473669159351875e+03   3.4736691593518748e+02   50000         max_evaluations         4.7161    
20     55241706      2.8473669159351875e+03   3.4736691593518748e+02   50000         max_evaluations         4.8273    
21     56241743      2.8473669159351875e+03   3.4736691593518748e+02   50000         max_evaluations         4.3744    
22     57241780      2.8473669159351875e+03   3.4736691593518748e+02   50000         max_evaluations         4.3742    
23     58241817      2.8000000000000000e+03   3.0000000000000000e+02   50000         max_evaluations         4.8892    
24     59241854      2.8473669159351875e+03   3.4736691593518748e+02   50000         max_evaluations         4.5017    
25     60241891      2.8473669159351875e+03   3.4736691593518748e+02   50000         max_evaluations         4.6091    
26     61241928      2.8473669159351875e+03   3.4736691593518748e+02   50000         max_evaluations         4.3881    
27     62241965      2.8473669159351875e+03   3.4736691593518748e+02   50000         max_evaluations         4.6367    
28     63242002      2.8473669159351875e+03   3.4736691593518748e+02   50000         max_evaluations         4.4965    
29     64242039      2.8473669159351875e+03   3.4736691593518748e+02   50000         max_evaluations         2.3281    
30     65242076      2.8473669159351875e+03   3.4736691593518748e+02   50000         max_evaluations         2.2718    

