Eval,BestError,Log10Error
500,1.7898372078522152e+04,4.2528135321270550e+00
750,1.7898372078522152e+04,4.2528135321270550e+00
1000,1.7898372078522152e+04,4.2528135321270550e+00
1250,1.7116435450090328e+04,4.2334133266063443e+00
1499,1.7116435450090328e+04,4.2334133266063443e+00
1748,1.7116435450090328e+04,4.2334133266063443e+00
1997,1.7116435450090328e+04,4.2334133266063443e+00
2246,1.7116435450090328e+04,4.2334133266063443e+00
2495,1.7116435450090328e+04,4.2334133266063443e+00
2744,1.7116435450090328e+04,4.2334133266063443e+00
2993,1.7116435450090328e+04,4.2334133266063443e+00
3242,1.7116435450090328e+04,4.2334133266063443e+00
3490,1.7116435450090328e+04,4.2334133266063443e+00
3738,1.7116435450090328e+04,4.2334133266063443e+00
3986,1.7116435450090328e+04,4.2334133266063443e+00
4234,1.7116435450090328e+04,4.2334133266063443e+00
4482,1.7116435450090328e+04,4.2334133266063443e+00
4730,1.7116435450090328e+04,4.2334133266063443e+00
4978,1.7116435450090328e+04,4.2334133266063443e+00
5226,1.7116435450090328e+04,4.2334133266063443e+00
5474,1.7116435450090328e+04,4.2334133266063443e+00
5721,1.7116435450090328e+04,4.2334133266063443e+00
5968,1.7116435450090328e+04,4.2334133266063443e+00
6215,1.7116435450090328e+04,4.2334133266063443e+00
6462,1.7116435450090328e+04,4.2334133266063443e+00
6709,1.7116435450090328e+04,4.2334133266063443e+00
6956,1.7116435450090328e+04,4.2334133266063443e+00
7203,1.7054460394182122e+04,4.2318379828148629e+00
7450,1.7054460394182122e+04,4.2318379828148629e+00
7696,1.7054460394182122e+04,4.2318379828148629e+00
7942,1.5943977849348434e+04,4.2025966823361571e+00
8188,1.5943977849348434e+04,4.2025966823361571e+00
8434,1.5943977849348434e+04,4.2025966823361571e+00
8680,1.5943977849348434e+04,4.2025966823361571e+00
8926,1.5943977849348434e+04,4.2025966823361571e+00
9172,1.5943977849348434e+04,4.2025966823361571e+00
9418,1.5943977849348434e+04,4.2025966823361571e+00
9663,1.5943977849348434e+04,4.2025966823361571e+00
9908,1.5545271446974875e+04,4.1915983099684064e+00
10153,1.5545271446974875e+04,4.1915983099684064e+00
10398,1.5545271446974875e+04,4.1915983099684064e+00
10643,1.5545271446974875e+04,4.1915983099684064e+00
10888,1.5545271446974875e+04,4.1915983099684064e+00
11133,1.5545271446974875e+04,4.1915983099684064e+00
11378,1.5545271446974875e+04,4.1915983099684064e+00
11622,1.5545271446974875e+04,4.1915983099684064e+00
11866,1.5545271446974875e+04,4.1915983099684064e+00
12110,1.5545271446974875e+04,4.1915983099684064e+00
12354,1.5545271446974875e+04,4.1915983099684064e+00
12598,1.5545271446974875e+04,4.1915983099684064e+00
12842,1.5545271446974875e+04,4.1915983099684064e+00
13086,1.5545271446974875e+04,4.1915983099684064e+00
13330,1.5545271446974875e+04,4.1915983099684064e+00
13573,1.5545271446974875e+04,4.1915983099684064e+00
13816,1.5545271446974875e+04,4.1915983099684064e+00
14059,1.5545271446974875e+04,4.1915983099684064e+00
14302,1.5545271446974875e+04,4.1915983099684064e+00
14545,1.5545271446974875e+04,4.1915983099684064e+00
14788,1.5545271446974875e+04,4.1915983099684064e+00
15031,1.5545271446974875e+04,4.1915983099684064e+00
15273,1.5545271446974875e+04,4.1915983099684064e+00
15515,1.5545271446974875e+04,4.1915983099684064e+00
15757,1.5545271446974875e+04,4.1915983099684064e+00
15999,1.5545271446974875e+04,4.1915983099684064e+00
16241,1.5545271446974875e+04,4.1915983099684064e+00
16483,1.5545271446974875e+04,4.1915983099684064e+00
16725,1.5545271446974875e+04,4.1915983099684064e+00
16967,1.5545271446974875e+04,4.1915983099684064e+00
17208,1.5545271446974875e+04,4.1915983099684064e+00
17449,1.5545271446974875e+04,4.1915983099684064e+00
17690,1.5545271446974875e+04,4.1915983099684064e+00
17931,1.5545271446974875e+04,4.1915983099684064e+00
18172,1.5545271446974875e+04,4.1915983099684064e+00
18413,1.5545271446974875e+04,4.1915983099684064e+00
18654,1.5545271446974875e+04,4.1915983099684064e+00
18895,1.5545271446974875e+04,4.1915983099684064e+00
19135,1.5545271446974875e+04,4.1915983099684064e+00
19375,1.5545271446974875e+04,4.1915983099684064e+00
19615,1.5545271446974875e+04,4.1915983099684064e+00
19855,1.5545271446974875e+04,4.1915983099684064e+00
20095,1.5545271446974875e+04,4.1915983099684064e+00
20335,1.5545271446974875e+04,4.1915983099684064e+00
20575,1.5545271446974875e+04,4.1915983099684064e+00
20814,1.5545271446974875e+04,4.1915983099684064e+00
21053,1.5545271446974875e+04,4.1915983099684064e+00
21292,1.5545271446974875e+04,4.1915983099684064e+00
21531,1.5545271446974875e+04,4.1915983099684064e+00
21770,1.5545271446974875e+04,4.1915983099684064e+00
22009,1.5545271446974875e+04,4.1915983099684064e+00
22248,1.5545271446974875e+04,4.1915983099684064e+00
22487,1.5545271446974875e+04,4.1915983099684064e+00
22725,1.5545271446974875e+04,4.1915983099684064e+00
22963,1.5545271446974875e+04,4.1915983099684064e+00
23201,1.5545271446974875e+04,4.1915983099684064e+00
23439,1.5545271446974875e+04,4.1915983099684064e+00
23677,1.5545271446974875e+04,4.1915983099684064e+00
23915,1.5545271446974875e+04,4.1915983099684064e+00
24153,1.5545271446974875e+04,4.1915983099684064e+00
24390,1.5545271446974875e+04,4.1915983099684064e+00
24627,1.5545271446974875e+04,4.1915983099684064e+00
24864,1.5545271446974875e+04,4.1915983099684064e+00
25101,1.5545271446974875e+04,4.1915983099684064e+00
25338,1.5545271446974875e+04,4.1915983099684064e+00
25575,1.5545271446974875e+04,4.1915983099684064e+00
25812,1.5545271446974875e+04,4.1915983099684064e+00
26048,1.5545271446974875e+04,4.1915983099684064e+00
26284,1.5545271446974875e+04,4.1915983099684064e+00
26520,1.5545271446974875e+04,4.1915983099684064e+00
26756,1.5545271446974875e+04,4.1915983099684064e+00
26992,1.5545271446974875e+04,4.1915983099684064e+00
27228,1.5545271446974875e+04,4.1915983099684064e+00
27464,1.5545271446974875e+04,4.1915983099684064e+00
27700,1.5545271446974875e+04,4.1915983099684064e+00
27935,1.5545271446974875e+04,4.1915983099684064e+00
28170,1.5545271446974875e+04,4.1915983099684064e+00
28405,1.5545271446974875e+04,4.1915983099684064e+00
28640,1.5545271446974875e+04,4.1915983099684064e+00
28875,1.5545271446974875e+04,4.1915983099684064e+00
29110,1.5545271446974875e+04,4.1915983099684064e+00
29345,1.5545271446974875e+04,4.1915983099684064e+00
29579,1.5545271446974875e+04,4.1915983099684064e+00
29813,1.5545271446974875e+04,4.1915983099684064e+00
30047,1.5545271446974875e+04,4.1915983099684064e+00
30281,1.5545271446974875e+04,4.1915983099684064e+00
30515,1.5545271446974875e+04,4.1915983099684064e+00
30749,1.5545271446974875e+04,4.1915983099684064e+00
30983,1.5545271446974875e+04,4.1915983099684064e+00
31216,1.5545271446974875e+04,4.1915983099684064e+00
31449,1.5545271446974875e+04,4.1915983099684064e+00
31682,1.5545271446974875e+04,4.1915983099684064e+00
31915,1.5545271446974875e+04,4.1915983099684064e+00
32148,1.5545271446974875e+04,4.1915983099684064e+00
32381,1.5545271446974875e+04,4.1915983099684064e+00
32614,1.5545271446974875e+04,4.1915983099684064e+00
32846,1.5545271446974875e+04,4.1915983099684064e+00
33078,1.5545271446974875e+04,4.1915983099684064e+00
33310,1.5545271446974875e+04,4.1915983099684064e+00
33542,1.5545271446974875e+04,4.1915983099684064e+00
33774,1.5545271446974875e+04,4.1915983099684064e+00
34006,1.5545271446974875e+04,4.1915983099684064e+00
34238,1.5545271446974875e+04,4.1915983099684064e+00
34469,1.5545271446974875e+04,4.1915983099684064e+00
34700,1.5545271446974875e+04,4.1915983099684064e+00
34931,1.5545271446974875e+04,4.1915983099684064e+00
35162,1.5545271446974875e+04,4.1915983099684064e+00
35393,1.5545271446974875e+04,4.1915983099684064e+00
35624,1.5545271446974875e+04,4.1915983099684064e+00
35855,1.5545271446974875e+04,4.1915983099684064e+00
36086,1.5545271446974875e+04,4.1915983099684064e+00
36316,1.5545271446974875e+04,4.1915983099684064e+00
36546,1.5545271446974875e+04,4.1915983099684064e+00
36776,1.5545271446974875e+04,4.1915983099684064e+00
37006,1.5545271446974875e+04,4.1915983099684064e+00
37236,1.5545271446974875e+04,4.1915983099684064e+00
37466,1.5545271446974875e+04,4.1915983099684064e+00
37696,1.5545271446974875e+04,4.1915983099684064e+00
37925,1.5545271446974875e+04,4.1915983099684064e+00
38154,1.5545271446974875e+04,4.1915983099684064e+00
38383,1.5545271446974875e+04,4.1915983099684064e+00
38612,1.5545271446974875e+04,4.1915983099684064e+00
38841,1.5545271446974875e+04,4.1915983099684064e+00
39070,1.5545271446974875e+04,4.1915983099684064e+00
39299,1.5545271446974875e+04,4.1915983099684064e+00
39527,1.5545271446974875e+04,4.1915983099684064e+00
39755,1.5545271446974875e+04,4.1915983099684064e+00
39983,1.5545271446974875e+04,4.1915983099684064e+00
40211,1.5545271446974875e+04,4.1915983099684064e+00
40439,1.5545271446974875e+04,4.1915983099684064e+00
40667,1.5545271446974875e+04,4.1915983099684064e+00
40895,1.5545271446974875e+04,4.1915983099684064e+00
41122,1.5545271446974875e+04,4.1915983099684064e+00
41349,1.5545271446974875e+04,4.1915983099684064e+00
41576,1.5545271446974875e+04,4.1915983099684064e+00
41803,1.5545271446974875e+04,4.1915983099684064e+00
42030,1.5545271446974875e+04,4.1915983099684064e+00
42257,1.5545271446974875e+04,4.1915983099684064e+00
42484,1.5293616119252998e+04,4.1845101848863573e+00
42710,1.5293616119252998e+04,4.1845101848863573e+00
42936,1.5293616119252998e+04,4.1845101848863573e+00
43162,1.5293616119252998e+04,4.1845101848863573e+00
43388,1.5293616119252998e+04,4.1845101848863573e+00
43614,1.5293616119252998e+04,4.1845101848863573e+00
43840,1.5293616119252998e+04,4.1845101848863573e+00
44066,1.5293616119252998e+04,4.1845101848863573e+00
44291,1.5293616119252998e+04,4.1845101848863573e+00
44516,1.5293616119252998e+04,4.1845101848863573e+00
44741,1.5293616119252998e+04,4.1845101848863573e+00
44966,1.5293616119252998e+04,4.1845101848863573e+00
45191,1.5293616119252998e+04,4.1845101848863573e+00
45416,1.5293616119252998e+04,4.1845101848863573e+00
45641,1.5293616119252998e+04,4.1845101848863573e+00
45865,1.5293616119252998e+04,4.1845101848863573e+00
46089,1.5293616119252998e+04,4.1845101848863573e+00
46313,1.5293616119252998e+04,4.1845101848863573e+00
46537,1.5293616119252998e+04,4.1845101848863573e+00
46761,1.5293616119252998e+04,4.1845101848863573e+00
46985,1.5293616119252998e+04,4.1845101848863573e+00
47209,1.5293616119252998e+04,4.1845101848863573e+00
47432,1.5293616119252998e+04,4.1845101848863573e+00
47655,1.5293616119252998e+04,4.1845101848863573e+00
47878,1.5293616119252998e+04,4.1845101848863573e+00
48101,1.5293616119252998e+04,4.1845101848863573e+00
48324,1.5293616119252998e+04,4.1845101848863573e+00
48547,1.5293616119252998e+04,4.1845101848863573e+00
48770,1.5293616119252998e+04,4.1845101848863573e+00
48992,1.5293616119252998e+04,4.1845101848863573e+00
49214,1.5293616119252998e+04,4.1845101848863573e+00
49436,1.5293616119252998e+04,4.1845101848863573e+00
49658,1.5293616119252998e+04,4.1845101848863573e+00
49880,1.5293616119252998e+04,4.1845101848863573e+00
50102,1.5293616119252998e+04,4.1845101848863573e+00
50324,1.5293616119252998e+04,4.1845101848863573e+00
50545,1.5293616119252998e+04,4.1845101848863573e+00
50766,1.5293616119252998e+04,4.1845101848863573e+00
50987,1.5293616119252998e+04,4.1845101848863573e+00
51208,1.5293616119252998e+04,4.1845101848863573e+00
51429,1.5293616119252998e+04,4.1845101848863573e+00
51650,1.5293616119252998e+04,4.1845101848863573e+00
51871,1.5293616119252998e+04,4.1845101848863573e+00
52091,1.5293616119252998e+04,4.1845101848863573e+00
52311,1.5293616119252998e+04,4.1845101848863573e+00
52531,1.5293616119252998e+04,4.1845101848863573e+00
52751,1.5293616119252998e+04,4.1845101848863573e+00
52971,1.5293616119252998e+04,4.1845101848863573e+00
53191,1.5293616119252998e+04,4.1845101848863573e+00
53411,1.5293616119252998e+04,4.1845101848863573e+00
53630,1.5293616119252998e+04,4.1845101848863573e+00
53849,1.5293616119252998e+04,4.1845101848863573e+00
54068,1.5293616119252998e+04,4.1845101848863573e+00
54287,1.5293616119252998e+04,4.1845101848863573e+00
54506,1.5293616119252998e+04,4.1845101848863573e+00
54725,1.5293616119252998e+04,4.1845101848863573e+00
54944,1.5293616119252998e+04,4.1845101848863573e+00
55162,1.5293616119252998e+04,4.1845101848863573e+00
55380,1.5293616119252998e+04,4.1845101848863573e+00
55598,1.5293616119252998e+04,4.1845101848863573e+00
55816,1.5293616119252998e+04,4.1845101848863573e+00
56034,1.5293616119252998e+04,4.1845101848863573e+00
56252,1.5293616119252998e+04,4.1845101848863573e+00
56470,1.5293616119252998e+04,4.1845101848863573e+00
56687,1.5293616119252998e+04,4.1845101848863573e+00
56904,1.5293616119252998e+04,4.1845101848863573e+00
57121,1.5293616119252998e+04,4.1845101848863573e+00
57338,1.5293616119252998e+04,4.1845101848863573e+00
57555,1.5293616119252998e+04,4.1845101848863573e+00
57772,1.5293616119252998e+04,4.1845101848863573e+00
57989,1.5293616119252998e+04,4.1845101848863573e+00
58205,1.5293616119252998e+04,4.1845101848863573e+00
58421,1.5293616119252998e+04,4.1845101848863573e+00
58637,1.5293616119252998e+04,4.1845101848863573e+00
58853,1.5293616119252998e+04,4.1845101848863573e+00
59069,1.5293616119252998e+04,4.1845101848863573e+00
59285,1.5293616119252998e+04,4.1845101848863573e+00
59501,1.5293616119252998e+04,4.1845101848863573e+00
59717,1.5293616119252998e+04,4.1845101848863573e+00
59932,1.5293616119252998e+04,4.1845101848863573e+00
60147,1.5293616119252998e+04,4.1845101848863573e+00
60362,1.5293616119252998e+04,4.1845101848863573e+00
60577,1.5293616119252998e+04,4.1845101848863573e+00
60792,1.5293616119252998e+04,4.1845101848863573e+00
61007,1.5293616119252998e+04,4.1845101848863573e+00
61222,1.5293616119252998e+04,4.1845101848863573e+00
61436,1.5293616119252998e+04,4.1845101848863573e+00
61650,1.5293616119252998e+04,4.1845101848863573e+00
61864,1.5293616119252998e+04,4.1845101848863573e+00
62078,1.5293616119252998e+04,4.1845101848863573e+00
62292,1.5293616119252998e+04,4.1845101848863573e+00
62506,1.5293616119252998e+04,4.1845101848863573e+00
62720,1.5293616119252998e+04,4.1845101848863573e+00
62933,1.5293616119252998e+04,4.1845101848863573e+00
63146,1.5293616119252998e+04,4.1845101848863573e+00
63359,1.5293616119252998e+04,4.1845101848863573e+00
63572,1.5293616119252998e+04,4.1845101848863573e+00
63785,1.5293616119252998e+04,4.1845101848863573e+00
63998,1.5293616119252998e+04,4.1845101848863573e+00
64211,1.5293616119252998e+04,4.1845101848863573e+00
64423,1.5293616119252998e+04,4.1845101848863573e+00
64635,1.5293616119252998e+04,4.1845101848863573e+00
64847,1.5293616119252998e+04,4.1845101848863573e+00
65059,1.5293616119252998e+04,4.1845101848863573e+00
65271,1.5293616119252998e+04,4.1845101848863573e+00
65483,1.5293616119252998e+04,4.1845101848863573e+00
65695,1.5293616119252998e+04,4.1845101848863573e+00
65906,1.5293616119252998e+04,4.1845101848863573e+00
66117,1.5293616119252998e+04,4.1845101848863573e+00
66328,1.5293616119252998e+04,4.1845101848863573e+00
66539,1.5293616119252998e+04,4.1845101848863573e+00
66750,1.5293616119252998e+04,4.1845101848863573e+00
66961,1.5293616119252998e+04,4.1845101848863573e+00
67172,1.5293616119252998e+04,4.1845101848863573e+00
67382,1.5293616119252998e+04,4.1845101848863573e+00
67592,1.5293616119252998e+04,4.1845101848863573e+00
67802,1.5293616119252998e+04,4.1845101848863573e+00
68012,1.5293616119252998e+04,4.1845101848863573e+00
68222,1.5293616119252998e+04,4.1845101848863573e+00
68432,1.5293616119252998e+04,4.1845101848863573e+00
68642,1.5293616119252998e+04,4.1845101848863573e+00
68851,1.5293616119252998e+04,4.1845101848863573e+00
69060,1.5293616119252998e+04,4.1845101848863573e+00
69269,1.5293616119252998e+04,4.1845101848863573e+00
69478,1.5293616119252998e+04,4.1845101848863573e+00
69687,1.5293616119252998e+04,4.1845101848863573e+00
69896,1.5293616119252998e+04,4.1845101848863573e+00
70105,1.5293616119252998e+04,4.1845101848863573e+00
70313,1.5293616119252998e+04,4.1845101848863573e+00
70521,1.5293616119252998e+04,4.1845101848863573e+00
70729,1.5293616119252998e+04,4.1845101848863573e+00
70937,1.5293616119252998e+04,4.1845101848863573e+00
71145,1.5293616119252998e+04,4.1845101848863573e+00
71353,1.5293616119252998e+04,4.1845101848863573e+00
71561,1.5293616119252998e+04,4.1845101848863573e+00
71768,1.5293616119252998e+04,4.1845101848863573e+00
71975,1.5293616119252998e+04,4.1845101848863573e+00
72182,1.5293616119252998e+04,4.1845101848863573e+00
72389,1.5293616119252998e+04,4.1845101848863573e+00
72596,1.5293616119252998e+04,4.1845101848863573e+00
72803,1.5293616119252998e+04,4.1845101848863573e+00
73010,1.5293616119252998e+04,4.1845101848863573e+00
73216,1.5293616119252998e+04,4.1845101848863573e+00
73422,1.5293616119252998e+04,4.1845101848863573e+00
73628,1.5293616119252998e+04,4.1845101848863573e+00
73834,1.5293616119252998e+04,4.1845101848863573e+00
74040,1.5293616119252998e+04,4.1845101848863573e+00
74246,1.5293616119252998e+04,4.1845101848863573e+00
74452,1.5293616119252998e+04,4.1845101848863573e+00
74658,1.5293616119252998e+04,4.1845101848863573e+00
74863,1.5293616119252998e+04,4.1845101848863573e+00
75068,1.5293616119252998e+04,4.1845101848863573e+00
75273,1.5293616119252998e+04,4.1845101848863573e+00
75478,1.5293616119252998e+04,4.1845101848863573e+00
75683,1.5293616119252998e+04,4.1845101848863573e+00
75888,1.5219817052678207e+04,4.1824094321001350e+00
76093,1.5219817052678207e+04,4.1824094321001350e+00
76297,1.5219817052678207e+04,4.1824094321001350e+00
76501,1.5219817052678207e+04,4.1824094321001350e+00
76705,1.5219817052678207e+04,4.1824094321001350e+00
76909,1.5219817052678207e+04,4.1824094321001350e+00
77113,1.5219817052678207e+04,4.1824094321001350e+00
77317,1.5219817052678207e+04,4.1824094321001350e+00
77521,1.5219817052678207e+04,4.1824094321001350e+00
77724,1.5219817052678207e+04,4.1824094321001350e+00
77927,1.5219817052678207e+04,4.1824094321001350e+00
78130,1.5219817052678207e+04,4.1824094321001350e+00
78333,1.5219817052678207e+04,4.1824094321001350e+00
78536,1.5219817052678207e+04,4.1824094321001350e+00
78739,1.5219817052678207e+04,4.1824094321001350e+00
78942,1.5219817052678207e+04,4.1824094321001350e+00
79144,1.5219817052678207e+04,4.1824094321001350e+00
79346,1.5219817052678207e+04,4.1824094321001350e+00
79548,1.5219817052678207e+04,4.1824094321001350e+00
79750,1.5219817052678207e+04,4.1824094321001350e+00
79952,1.5219817052678207e+04,4.1824094321001350e+00
80154,1.5219817052678207e+04,4.1824094321001350e+00
80356,1.5219817052678207e+04,4.1824094321001350e+00
80557,1.5219817052678207e+04,4.1824094321001350e+00
80758,1.5219817052678207e+04,4.1824094321001350e+00
80959,1.5219817052678207e+04,4.1824094321001350e+00
81160,1.5219817052678207e+04,4.1824094321001350e+00
81361,1.5219817052678207e+04,4.1824094321001350e+00
81562,1.5219817052678207e+04,4.1824094321001350e+00
81763,1.5219817052678207e+04,4.1824094321001350e+00
81964,1.5219817052678207e+04,4.1824094321001350e+00
82164,1.5219817052678207e+04,4.1824094321001350e+00
82364,1.5219817052678207e+04,4.1824094321001350e+00
82564,1.5219817052678207e+04,4.1824094321001350e+00
82764,1.5219817052678207e+04,4.1824094321001350e+00
82964,1.5219817052678207e+04,4.1824094321001350e+00
83164,1.5219817052678207e+04,4.1824094321001350e+00
83364,1.5219817052678207e+04,4.1824094321001350e+00
83563,1.5219817052678207e+04,4.1824094321001350e+00
83762,1.5219817052678207e+04,4.1824094321001350e+00
83961,1.5219817052678207e+04,4.1824094321001350e+00
84160,1.5219817052678207e+04,4.1824094321001350e+00
84359,1.5219817052678207e+04,4.1824094321001350e+00
84558,1.5219817052678207e+04,4.1824094321001350e+00
84757,1.5219817052678207e+04,4.1824094321001350e+00
84955,1.5219817052678207e+04,4.1824094321001350e+00
85153,1.5219817052678207e+04,4.1824094321001350e+00
85351,1.5219817052678207e+04,4.1824094321001350e+00
85549,1.5219817052678207e+04,4.1824094321001350e+00
85747,1.5219817052678207e+04,4.1824094321001350e+00
85945,1.5219817052678207e+04,4.1824094321001350e+00
86143,1.5219817052678207e+04,4.1824094321001350e+00
86341,1.5219817052678207e+04,4.1824094321001350e+00
86538,1.5219817052678207e+04,4.1824094321001350e+00
86735,1.5219817052678207e+04,4.1824094321001350e+00
86932,1.5219817052678207e+04,4.1824094321001350e+00
87129,1.5219817052678207e+04,4.1824094321001350e+00
87326,1.5219817052678207e+04,4.1824094321001350e+00
87523,1.5219817052678207e+04,4.1824094321001350e+00
87720,1.5219817052678207e+04,4.1824094321001350e+00
87916,1.5219817052678207e+04,4.1824094321001350e+00
88112,1.5219817052678207e+04,4.1824094321001350e+00
88308,1.5219817052678207e+04,4.1824094321001350e+00
88504,1.5219817052678207e+04,4.1824094321001350e+00
88700,1.5219817052678207e+04,4.1824094321001350e+00
88896,1.5219817052678207e+04,4.1824094321001350e+00
89092,1.5219817052678207e+04,4.1824094321001350e+00
89287,1.5219817052678207e+04,4.1824094321001350e+00
89482,1.5057997008166862e+04,4.1777672065158455e+00
89677,1.5057997008166862e+04,4.1777672065158455e+00
89872,1.5057997008166862e+04,4.1777672065158455e+00
90067,1.5057997008166862e+04,4.1777672065158455e+00
90262,1.5057997008166862e+04,4.1777672065158455e+00
90457,1.5057997008166862e+04,4.1777672065158455e+00
90652,1.5057997008166862e+04,4.1777672065158455e+00
90846,1.5057997008166862e+04,4.1777672065158455e+00
91040,1.5057997008166862e+04,4.1777672065158455e+00
91234,1.5057997008166862e+04,4.1777672065158455e+00
91428,1.5057997008166862e+04,4.1777672065158455e+00
91622,1.5057997008166862e+04,4.1777672065158455e+00
91816,1.5057997008166862e+04,4.1777672065158455e+00
92010,1.5057997008166862e+04,4.1777672065158455e+00
92203,1.5057997008166862e+04,4.1777672065158455e+00
92396,1.5057997008166862e+04,4.1777672065158455e+00
92589,1.5057997008166862e+04,4.1777672065158455e+00
92782,1.5057997008166862e+04,4.1777672065158455e+00
92975,1.5057997008166862e+04,4.1777672065158455e+00
93168,1.5057997008166862e+04,4.1777672065158455e+00
93361,1.5057997008166862e+04,4.1777672065158455e+00
93554,1.5057997008166862e+04,4.1777672065158455e+00
93746,1.5057997008166862e+04,4.1777672065158455e+00
93938,1.5057997008166862e+04,4.1777672065158455e+00
94130,1.5057997008166862e+04,4.1777672065158455e+00
94322,1.5057997008166862e+04,4.1777672065158455e+00
94514,1.5057997008166862e+04,4.1777672065158455e+00
94706,1.5057997008166862e+04,4.1777672065158455e+00
94898,1.5057997008166862e+04,4.1777672065158455e+00
95089,1.5057997008166862e+04,4.1777672065158455e+00
95280,1.5057997008166862e+04,4.1777672065158455e+00
95471,1.5057997008166862e+04,4.1777672065158455e+00
95662,1.5057997008166862e+04,4.1777672065158455e+00
95853,1.5057997008166862e+04,4.1777672065158455e+00
96044,1.5057997008166862e+04,4.1777672065158455e+00
96235,1.5057997008166862e+04,4.1777672065158455e+00
96426,1.5057997008166862e+04,4.1777672065158455e+00
96616,1.5057997008166862e+04,4.1777672065158455e+00
96806,1.5057997008166862e+04,4.1777672065158455e+00
96996,1.5057997008166862e+04,4.1777672065158455e+00
97186,1.5057997008166862e+04,4.1777672065158455e+00
97376,1.5057997008166862e+04,4.1777672065158455e+00
97566,1.5057997008166862e+04,4.1777672065158455e+00
97756,1.5057997008166862e+04,4.1777672065158455e+00
97945,1.5057997008166862e+04,4.1777672065158455e+00
98134,1.5057997008166862e+04,4.1777672065158455e+00
98323,1.5057997008166862e+04,4.1777672065158455e+00
98512,1.5057997008166862e+04,4.1777672065158455e+00
98701,1.5057997008166862e+04,4.1777672065158455e+00
98890,1.5057997008166862e+04,4.1777672065158455e+00
99079,1.5057997008166862e+04,4.1777672065158455e+00
99268,1.5057997008166862e+04,4.1777672065158455e+00
99456,1.5057997008166862e+04,4.1777672065158455e+00
99644,1.5057997008166862e+04,4.1777672065158455e+00
99832,1.5057997008166862e+04,4.1777672065158455e+00
100020,1.5057997008166862e+04,4.1777672065158455e+00
100208,1.5057997008166862e+04,4.1777672065158455e+00
100396,1.5057997008166862e+04,4.1777672065158455e+00
100584,1.5057997008166862e+04,4.1777672065158455e+00
100772,1.5057997008166862e+04,4.1777672065158455e+00
100959,1.5057997008166862e+04,4.1777672065158455e+00
101146,1.5057997008166862e+04,4.1777672065158455e+00
101333,1.5057997008166862e+04,4.1777672065158455e+00
101520,1.5057997008166862e+04,4.1777672065158455e+00
101707,1.5057997008166862e+04,4.1777672065158455e+00
101894,1.5057997008166862e+04,4.1777672065158455e+00
102081,1.5057997008166862e+04,4.1777672065158455e+00
102267,1.5057997008166862e+04,4.1777672065158455e+00
102453,1.5057997008166862e+04,4.1777672065158455e+00
102639,1.5057997008166862e+04,4.1777672065158455e+00
102825,1.5057997008166862e+04,4.1777672065158455e+00
103011,1.5057997008166862e+04,4.1777672065158455e+00
103197,1.5057997008166862e+04,4.1777672065158455e+00
103383,1.5057997008166862e+04,4.1777672065158455e+00
103569,1.5057997008166862e+04,4.1777672065158455e+00
103754,1.5057997008166862e+04,4.1777672065158455e+00
103939,1.5057997008166862e+04,4.1777672065158455e+00
104124,1.5057997008166862e+04,4.1777672065158455e+00
104309,1.5057997008166862e+04,4.1777672065158455e+00
104494,1.5057997008166862e+04,4.1777672065158455e+00
104679,1.5057997008166862e+04,4.1777672065158455e+00
104864,1.5057997008166862e+04,4.1777672065158455e+00
105049,1.5057997008166862e+04,4.1777672065158455e+00
105233,1.5057997008166862e+04,4.1777672065158455e+00
105417,1.5057997008166862e+04,4.1777672065158455e+00
105601,1.5057997008166862e+04,4.1777672065158455e+00
105785,1.5057997008166862e+04,4.1777672065158455e+00
105969,1.5057997008166862e+04,4.1777672065158455e+00
106153,1.5057997008166862e+04,4.1777672065158455e+00
106337,1.5057997008166862e+04,4.1777672065158455e+00
106520,1.5057997008166862e+04,4.1777672065158455e+00
106703,1.5057997008166862e+04,4.1777672065158455e+00
106886,1.5057997008166862e+04,4.1777672065158455e+00
107069,1.5057997008166862e+04,4.1777672065158455e+00
107252,1.5057997008166862e+04,4.1777672065158455e+00
107435,1.5057997008166862e+04,4.1777672065158455e+00
107618,1.5057997008166862e+04,4.1777672065158455e+00
107801,1.5057997008166862e+04,4.1777672065158455e+00
107983,1.5057997008166862e+04,4.1777672065158455e+00
108165,1.5057997008166862e+04,4.1777672065158455e+00
108347,1.5057997008166862e+04,4.1777672065158455e+00
108529,1.5057997008166862e+04,4.1777672065158455e+00
108711,1.5057997008166862e+04,4.1777672065158455e+00
108893,1.5057997008166862e+04,4.1777672065158455e+00
109075,1.5057997008166862e+04,4.1777672065158455e+00
109257,1.5057997008166862e+04,4.1777672065158455e+00
109438,1.5057997008166862e+04,4.1777672065158455e+00
109619,1.5057997008166862e+04,4.1777672065158455e+00
109800,1.5057997008166862e+04,4.1777672065158455e+00
109981,1.5057997008166862e+04,4.1777672065158455e+00
110162,1.5057997008166862e+04,4.1777672065158455e+00
110343,1.5057997008166862e+04,4.1777672065158455e+00
110524,1.5057997008166862e+04,4.1777672065158455e+00
110705,1.5057997008166862e+04,4.1777672065158455e+00
110885,1.5057997008166862e+04,4.1777672065158455e+00
111065,1.5057997008166862e+04,4.1777672065158455e+00
111245,1.5057997008166862e+04,4.1777672065158455e+00
111425,1.5057997008166862e+04,4.1777672065158455e+00
111605,1.5057997008166862e+04,4.1777672065158455e+00
111785,1.5057997008166862e+04,4.1777672065158455e+00
111965,1.5057997008166862e+04,4.1777672065158455e+00
112145,1.5057997008166862e+04,4.1777672065158455e+00
112324,1.5057997008166862e+04,4.1777672065158455e+00
112503,1.5057997008166862e+04,4.1777672065158455e+00
112682,1.5057997008166862e+04,4.1777672065158455e+00
112861,1.5057997008166862e+04,4.1777672065158455e+00
113040,1.5057997008166862e+04,4.1777672065158455e+00
113219,1.5057997008166862e+04,4.1777672065158455e+00
113398,1.5057997008166862e+04,4.1777672065158455e+00
113577,1.5057997008166862e+04,4.1777672065158455e+00
113755,1.5057997008166862e+04,4.1777672065158455e+00
113933,1.5057997008166862e+04,4.1777672065158455e+00
114111,1.5057997008166862e+04,4.1777672065158455e+00
114289,1.5057997008166862e+04,4.1777672065158455e+00
114467,1.5057997008166862e+04,4.1777672065158455e+00
114645,1.5057997008166862e+04,4.1777672065158455e+00
114823,1.5057997008166862e+04,4.1777672065158455e+00
115001,1.5057997008166862e+04,4.1777672065158455e+00
115178,1.5057997008166862e+04,4.1777672065158455e+00
115355,1.5057997008166862e+04,4.1777672065158455e+00
115532,1.5057997008166862e+04,4.1777672065158455e+00
115709,1.5057997008166862e+04,4.1777672065158455e+00
115886,1.5057997008166862e+04,4.1777672065158455e+00
116063,1.5057997008166862e+04,4.1777672065158455e+00
116240,1.5057997008166862e+04,4.1777672065158455e+00
116417,1.5057997008166862e+04,4.1777672065158455e+00
116593,1.5057997008166862e+04,4.1777672065158455e+00
116769,1.5057997008166862e+04,4.1777672065158455e+00
116945,1.5057997008166862e+04,4.1777672065158455e+00
117121,1.5057997008166862e+04,4.1777672065158455e+00
117297,1.5057997008166862e+04,4.1777672065158455e+00
117473,1.5057997008166862e+04,4.1777672065158455e+00
117649,1.5057997008166862e+04,4.1777672065158455e+00
117825,1.5057997008166862e+04,4.1777672065158455e+00
118000,1.5057997008166862e+04,4.1777672065158455e+00
118175,1.5057997008166862e+04,4.1777672065158455e+00
118350,1.5057997008166862e+04,4.1777672065158455e+00
118525,1.5057997008166862e+04,4.1777672065158455e+00
118700,1.5057997008166862e+04,4.1777672065158455e+00
118875,1.5057997008166862e+04,4.1777672065158455e+00
119050,1.5057997008166862e+04,4.1777672065158455e+00
119225,1.5057997008166862e+04,4.1777672065158455e+00
119399,1.5057997008166862e+04,4.1777672065158455e+00
119573,1.5057997008166862e+04,4.1777672065158455e+00
119747,1.5057997008166862e+04,4.1777672065158455e+00
119921,1.5057997008166862e+04,4.1777672065158455e+00
120095,1.5057997008166862e+04,4.1777672065158455e+00
120269,1.5057997008166862e+04,4.1777672065158455e+00
120443,1.5057997008166862e+04,4.1777672065158455e+00
120617,1.5057997008166862e+04,4.1777672065158455e+00
120791,1.5057997008166862e+04,4.1777672065158455e+00
120964,1.5057997008166862e+04,4.1777672065158455e+00
121137,1.5057997008166862e+04,4.1777672065158455e+00
121310,1.5057997008166862e+04,4.1777672065158455e+00
121483,1.5057997008166862e+04,4.1777672065158455e+00
121656,1.5057997008166862e+04,4.1777672065158455e+00
121829,1.5057997008166862e+04,4.1777672065158455e+00
122002,1.5057997008166862e+04,4.1777672065158455e+00
122175,1.5057997008166862e+04,4.1777672065158455e+00
122347,1.5057997008166862e+04,4.1777672065158455e+00
122519,1.5057997008166862e+04,4.1777672065158455e+00
122691,1.5057997008166862e+04,4.1777672065158455e+00
122863,1.5057997008166862e+04,4.1777672065158455e+00
123035,1.5057997008166862e+04,4.1777672065158455e+00
123207,1.5057997008166862e+04,4.1777672065158455e+00
123379,1.5057997008166862e+04,4.1777672065158455e+00
123551,1.5057997008166862e+04,4.1777672065158455e+00
123722,1.5057997008166862e+04,4.1777672065158455e+00
123893,1.5057997008166862e+04,4.1777672065158455e+00
124064,1.5057997008166862e+04,4.1777672065158455e+00
124235,1.5057997008166862e+04,4.1777672065158455e+00
124406,1.5057997008166862e+04,4.1777672065158455e+00
124577,1.5057997008166862e+04,4.1777672065158455e+00
124748,1.5057997008166862e+04,4.1777672065158455e+00
124919,1.5057997008166862e+04,4.1777672065158455e+00
125090,1.5057997008166862e+04,4.1777672065158455e+00
125260,1.5057997008166862e+04,4.1777672065158455e+00
125430,1.5057997008166862e+04,4.1777672065158455e+00
125600,1.5057997008166862e+04,4.1777672065158455e+00
125770,1.5057997008166862e+04,4.1777672065158455e+00
125940,1.5057997008166862e+04,4.1777672065158455e+00
126110,1.5057997008166862e+04,4.1777672065158455e+00
126280,1.5057997008166862e+04,4.1777672065158455e+00
126450,1.5057997008166862e+04,4.1777672065158455e+00
126619,1.5057997008166862e+04,4.1777672065158455e+00
126788,1.5057997008166862e+04,4.1777672065158455e+00
126957,1.5057997008166862e+04,4.1777672065158455e+00
127126,1.5057997008166862e+04,4.1777672065158455e+00
127295,1.5057997008166862e+04,4.1777672065158455e+00
127464,1.5057997008166862e+04,4.1777672065158455e+00
127633,1.5057997008166862e+04,4.1777672065158455e+00
127802,1.5057997008166862e+04,4.1777672065158455e+00
127970,1.5057997008166862e+04,4.1777672065158455e+00
128138,1.5057997008166862e+04,4.1777672065158455e+00
128306,1.5057997008166862e+04,4.1777672065158455e+00
128474,1.5057997008166862e+04,4.1777672065158455e+00
128642,1.5057997008166862e+04,4.1777672065158455e+00
128810,1.3578388529398331e+04,4.1328482313349575e+00
128978,1.3578388529398331e+04,4.1328482313349575e+00
129146,1.3578388529398331e+04,4.1328482313349575e+00
129314,1.3578388529398331e+04,4.1328482313349575e+00
129481,1.3578388529398331e+04,4.1328482313349575e+00
129648,1.3578388529398331e+04,4.1328482313349575e+00
129815,1.3578388529398331e+04,4.1328482313349575e+00
129982,1.3578388529398331e+04,4.1328482313349575e+00
130149,1.3578388529398331e+04,4.1328482313349575e+00
130316,1.3578388529398331e+04,4.1328482313349575e+00
130483,1.3578388529398331e+04,4.1328482313349575e+00
130650,1.3578388529398331e+04,4.1328482313349575e+00
130817,1.3578388529398331e+04,4.1328482313349575e+00
130983,1.3578388529398331e+04,4.1328482313349575e+00
131149,1.3578388529398331e+04,4.1328482313349575e+00
131315,1.3578388529398331e+04,4.1328482313349575e+00
131481,1.3578388529398331e+04,4.1328482313349575e+00
131647,1.3578388529398331e+04,4.1328482313349575e+00
131813,1.3578388529398331e+04,4.1328482313349575e+00
131979,1.3578388529398331e+04,4.1328482313349575e+00
132145,1.3578388529398331e+04,4.1328482313349575e+00
132310,1.3578388529398331e+04,4.1328482313349575e+00
132475,1.3578388529398331e+04,4.1328482313349575e+00
132640,1.3578388529398331e+04,4.1328482313349575e+00
132805,1.3578388529398331e+04,4.1328482313349575e+00
132970,1.3578388529398331e+04,4.1328482313349575e+00
133135,1.3578388529398331e+04,4.1328482313349575e+00
133300,1.3578388529398331e+04,4.1328482313349575e+00
133465,1.3578388529398331e+04,4.1328482313349575e+00
133630,1.3578388529398331e+04,4.1328482313349575e+00
133794,1.3578388529398331e+04,4.1328482313349575e+00
133958,1.3578388529398331e+04,4.1328482313349575e+00
134122,1.3578388529398331e+04,4.1328482313349575e+00
134286,1.3578388529398331e+04,4.1328482313349575e+00
134450,1.3578388529398331e+04,4.1328482313349575e+00
134614,1.3578388529398331e+04,4.1328482313349575e+00
134778,1.3578388529398331e+04,4.1328482313349575e+00
134942,1.3578388529398331e+04,4.1328482313349575e+00
135106,1.3578388529398331e+04,4.1328482313349575e+00
135269,1.3578388529398331e+04,4.1328482313349575e+00
135432,1.3578388529398331e+04,4.1328482313349575e+00
135595,1.3578388529398331e+04,4.1328482313349575e+00
135758,1.3578388529398331e+04,4.1328482313349575e+00
135921,1.3578388529398331e+04,4.1328482313349575e+00
136084,1.3578388529398331e+04,4.1328482313349575e+00
136247,1.3578388529398331e+04,4.1328482313349575e+00
136410,1.3578388529398331e+04,4.1328482313349575e+00
136573,1.3578388529398331e+04,4.1328482313349575e+00
136735,1.3578388529398331e+04,4.1328482313349575e+00
136897,1.3578388529398331e+04,4.1328482313349575e+00
137059,1.3578388529398331e+04,4.1328482313349575e+00
137221,1.3578388529398331e+04,4.1328482313349575e+00
137383,1.3578388529398331e+04,4.1328482313349575e+00
137545,1.3578388529398331e+04,4.1328482313349575e+00
137707,1.3578388529398331e+04,4.1328482313349575e+00
137869,1.3578388529398331e+04,4.1328482313349575e+00
138030,1.3578388529398331e+04,4.1328482313349575e+00
138191,1.3578388529398331e+04,4.1328482313349575e+00
138352,1.3578388529398331e+04,4.1328482313349575e+00
138513,1.3578388529398331e+04,4.1328482313349575e+00
138674,1.3578388529398331e+04,4.1328482313349575e+00
138835,1.3578388529398331e+04,4.1328482313349575e+00
138996,1.3578388529398331e+04,4.1328482313349575e+00
139157,1.3578388529398331e+04,4.1328482313349575e+00
139318,1.3578388529398331e+04,4.1328482313349575e+00
139478,1.3578388529398331e+04,4.1328482313349575e+00
139638,1.3578388529398331e+04,4.1328482313349575e+00
139798,1.3578388529398331e+04,4.1328482313349575e+00
139958,1.3578388529398331e+04,4.1328482313349575e+00
140118,1.3578388529398331e+04,4.1328482313349575e+00
140278,1.3578388529398331e+04,4.1328482313349575e+00
140438,1.3578388529398331e+04,4.1328482313349575e+00
140598,1.3578388529398331e+04,4.1328482313349575e+00
140758,1.3578388529398331e+04,4.1328482313349575e+00
140917,1.3578388529398331e+04,4.1328482313349575e+00
141076,1.3578388529398331e+04,4.1328482313349575e+00
141235,1.3578388529398331e+04,4.1328482313349575e+00
141394,1.3578388529398331e+04,4.1328482313349575e+00
141553,1.3578388529398331e+04,4.1328482313349575e+00
141712,1.3578388529398331e+04,4.1328482313349575e+00
141871,1.3578388529398331e+04,4.1328482313349575e+00
142030,1.3578388529398331e+04,4.1328482313349575e+00
142189,1.3578388529398331e+04,4.1328482313349575e+00
142348,1.3578388529398331e+04,4.1328482313349575e+00
142506,1.3578388529398331e+04,4.1328482313349575e+00
142664,1.3578388529398331e+04,4.1328482313349575e+00
142822,1.3578388529398331e+04,4.1328482313349575e+00
142980,1.3578388529398331e+04,4.1328482313349575e+00
143138,1.3578388529398331e+04,4.1328482313349575e+00
143296,1.3578388529398331e+04,4.1328482313349575e+00
143454,1.3578388529398331e+04,4.1328482313349575e+00
143612,1.3578388529398331e+04,4.1328482313349575e+00
143770,1.3578388529398331e+04,4.1328482313349575e+00
143927,1.3578388529398331e+04,4.1328482313349575e+00
144084,1.3578388529398331e+04,4.1328482313349575e+00
144241,1.3578388529398331e+04,4.1328482313349575e+00
144398,1.3578388529398331e+04,4.1328482313349575e+00
144555,1.3578388529398331e+04,4.1328482313349575e+00
144712,1.3578388529398331e+04,4.1328482313349575e+00
144869,1.3578388529398331e+04,4.1328482313349575e+00
145026,1.3578388529398331e+04,4.1328482313349575e+00
145183,1.3578388529398331e+04,4.1328482313349575e+00
145339,1.3578388529398331e+04,4.1328482313349575e+00
145495,1.3578388529398331e+04,4.1328482313349575e+00
145651,1.3578388529398331e+04,4.1328482313349575e+00
145807,1.3578388529398331e+04,4.1328482313349575e+00
145963,1.3578388529398331e+04,4.1328482313349575e+00
146119,1.3578388529398331e+04,4.1328482313349575e+00
146275,1.3578388529398331e+04,4.1328482313349575e+00
146431,1.3578388529398331e+04,4.1328482313349575e+00
146587,1.3578388529398331e+04,4.1328482313349575e+00
146742,1.3578388529398331e+04,4.1328482313349575e+00
146897,1.3578388529398331e+04,4.1328482313349575e+00
147052,1.3578388529398331e+04,4.1328482313349575e+00
147207,1.3578388529398331e+04,4.1328482313349575e+00
147362,1.3578388529398331e+04,4.1328482313349575e+00
147517,1.3578388529398331e+04,4.1328482313349575e+00
147672,1.3578388529398331e+04,4.1328482313349575e+00
147827,1.3578388529398331e+04,4.1328482313349575e+00
147982,1.3578388529398331e+04,4.1328482313349575e+00
148137,1.3578388529398331e+04,4.1328482313349575e+00
148291,1.3578388529398331e+04,4.1328482313349575e+00
148445,1.3578388529398331e+04,4.1328482313349575e+00
148599,1.3578388529398331e+04,4.1328482313349575e+00
148753,1.3578388529398331e+04,4.1328482313349575e+00
148907,1.3578388529398331e+04,4.1328482313349575e+00
149061,1.3578388529398331e+04,4.1328482313349575e+00
149215,1.3578388529398331e+04,4.1328482313349575e+00
149369,1.3578388529398331e+04,4.1328482313349575e+00
149523,1.3578388529398331e+04,4.1328482313349575e+00
149676,1.3578388529398331e+04,4.1328482313349575e+00
149829,1.3578388529398331e+04,4.1328482313349575e+00
149982,1.3578388529398331e+04,4.1328482313349575e+00
150135,1.3578388529398331e+04,4.1328482313349575e+00
150288,1.3578388529398331e+04,4.1328482313349575e+00
150441,1.3578388529398331e+04,4.1328482313349575e+00
150594,1.3578388529398331e+04,4.1328482313349575e+00
150747,1.3578388529398331e+04,4.1328482313349575e+00
150900,1.3578388529398331e+04,4.1328482313349575e+00
151053,1.3578388529398331e+04,4.1328482313349575e+00
151205,1.3578388529398331e+04,4.1328482313349575e+00
151357,1.3578388529398331e+04,4.1328482313349575e+00
151509,1.3578388529398331e+04,4.1328482313349575e+00
151661,1.3578388529398331e+04,4.1328482313349575e+00
151813,1.3578388529398331e+04,4.1328482313349575e+00
151965,1.3578388529398331e+04,4.1328482313349575e+00
152117,1.3578388529398331e+04,4.1328482313349575e+00
152269,1.3578388529398331e+04,4.1328482313349575e+00
152421,1.3578388529398331e+04,4.1328482313349575e+00
152572,1.3578388529398331e+04,4.1328482313349575e+00
152723,1.3578388529398331e+04,4.1328482313349575e+00
152874,1.3578388529398331e+04,4.1328482313349575e+00
153025,1.3578388529398331e+04,4.1328482313349575e+00
153176,1.3578388529398331e+04,4.1328482313349575e+00
153327,1.3578388529398331e+04,4.1328482313349575e+00
153478,1.3578388529398331e+04,4.1328482313349575e+00
153629,1.3578388529398331e+04,4.1328482313349575e+00
153780,1.3578388529398331e+04,4.1328482313349575e+00
153931,1.3578388529398331e+04,4.1328482313349575e+00
154081,1.3578388529398331e+04,4.1328482313349575e+00
154231,1.3578388529398331e+04,4.1328482313349575e+00
154381,1.3578388529398331e+04,4.1328482313349575e+00
154531,1.3578388529398331e+04,4.1328482313349575e+00
154681,1.3578388529398331e+04,4.1328482313349575e+00
154831,1.3578388529398331e+04,4.1328482313349575e+00
154981,1.3578388529398331e+04,4.1328482313349575e+00
155131,1.3578388529398331e+04,4.1328482313349575e+00
155281,1.3578388529398331e+04,4.1328482313349575e+00
155431,1.3578388529398331e+04,4.1328482313349575e+00
155580,1.3578388529398331e+04,4.1328482313349575e+00
155729,1.3578388529398331e+04,4.1328482313349575e+00
155878,1.3578388529398331e+04,4.1328482313349575e+00
156027,1.3578388529398331e+04,4.1328482313349575e+00
156176,1.3578388529398331e+04,4.1328482313349575e+00
156325,1.3578388529398331e+04,4.1328482313349575e+00
156474,1.3578388529398331e+04,4.1328482313349575e+00
156623,1.3578388529398331e+04,4.1328482313349575e+00
156772,1.3578388529398331e+04,4.1328482313349575e+00
156921,1.3578388529398331e+04,4.1328482313349575e+00
157069,1.3578388529398331e+04,4.1328482313349575e+00
157217,1.3578388529398331e+04,4.1328482313349575e+00
157365,1.3578388529398331e+04,4.1328482313349575e+00
157513,1.3578388529398331e+04,4.1328482313349575e+00
157661,1.3578388529398331e+04,4.1328482313349575e+00
157809,1.3578388529398331e+04,4.1328482313349575e+00
157957,1.3578388529398331e+04,4.1328482313349575e+00
158105,1.3578388529398331e+04,4.1328482313349575e+00
158253,1.3578388529398331e+04,4.1328482313349575e+00
158401,1.3578388529398331e+04,4.1328482313349575e+00
158548,1.3578388529398331e+04,4.1328482313349575e+00
158695,1.3578388529398331e+04,4.1328482313349575e+00
158842,1.3578388529398331e+04,4.1328482313349575e+00
158989,1.3578388529398331e+04,4.1328482313349575e+00
159136,1.3578388529398331e+04,4.1328482313349575e+00
159283,1.3578388529398331e+04,4.1328482313349575e+00
159430,1.3578388529398331e+04,4.1328482313349575e+00
159577,1.3578388529398331e+04,4.1328482313349575e+00
159724,1.3578388529398331e+04,4.1328482313349575e+00
159871,1.3578388529398331e+04,4.1328482313349575e+00
160017,1.3578388529398331e+04,4.1328482313349575e+00
160163,1.3578388529398331e+04,4.1328482313349575e+00
160309,1.3578388529398331e+04,4.1328482313349575e+00
160455,1.3578388529398331e+04,4.1328482313349575e+00
160601,1.3578388529398331e+04,4.1328482313349575e+00
160747,1.3578388529398331e+04,4.1328482313349575e+00
160893,1.3578388529398331e+04,4.1328482313349575e+00
161039,1.3578388529398331e+04,4.1328482313349575e+00
161185,1.3578388529398331e+04,4.1328482313349575e+00
161331,1.3578388529398331e+04,4.1328482313349575e+00
161476,1.3578388529398331e+04,4.1328482313349575e+00
161621,1.3578388529398331e+04,4.1328482313349575e+00
161766,1.3578388529398331e+04,4.1328482313349575e+00
161911,1.3578388529398331e+04,4.1328482313349575e+00
162056,1.3578388529398331e+04,4.1328482313349575e+00
162201,1.3578388529398331e+04,4.1328482313349575e+00
162346,1.3578388529398331e+04,4.1328482313349575e+00
162491,1.3578388529398331e+04,4.1328482313349575e+00
162636,1.3578388529398331e+04,4.1328482313349575e+00
162781,1.3578388529398331e+04,4.1328482313349575e+00
162925,1.3578388529398331e+04,4.1328482313349575e+00
163069,1.3578388529398331e+04,4.1328482313349575e+00
163213,1.3578388529398331e+04,4.1328482313349575e+00
163357,1.3578388529398331e+04,4.1328482313349575e+00
163501,1.3578388529398331e+04,4.1328482313349575e+00
163645,1.3578388529398331e+04,4.1328482313349575e+00
163789,1.3578388529398331e+04,4.1328482313349575e+00
163933,1.3578388529398331e+04,4.1328482313349575e+00
164077,1.3578388529398331e+04,4.1328482313349575e+00
164221,1.3578388529398331e+04,4.1328482313349575e+00
164364,1.3578388529398331e+04,4.1328482313349575e+00
164507,1.3578388529398331e+04,4.1328482313349575e+00
164650,1.3578388529398331e+04,4.1328482313349575e+00
164793,1.3578388529398331e+04,4.1328482313349575e+00
164936,1.3578388529398331e+04,4.1328482313349575e+00
165079,1.3578388529398331e+04,4.1328482313349575e+00
165222,1.3578388529398331e+04,4.1328482313349575e+00
165365,1.3578388529398331e+04,4.1328482313349575e+00
165508,1.3578388529398331e+04,4.1328482313349575e+00
165651,1.3578388529398331e+04,4.1328482313349575e+00
165794,1.3578388529398331e+04,4.1328482313349575e+00
165936,1.3578388529398331e+04,4.1328482313349575e+00
166078,1.3578388529398331e+04,4.1328482313349575e+00
166220,1.3578388529398331e+04,4.1328482313349575e+00
166362,1.3578388529398331e+04,4.1328482313349575e+00
166504,1.3578388529398331e+04,4.1328482313349575e+00
166646,1.3578388529398331e+04,4.1328482313349575e+00
166788,1.3578388529398331e+04,4.1328482313349575e+00
166930,1.3578388529398331e+04,4.1328482313349575e+00
167072,1.3578388529398331e+04,4.1328482313349575e+00
167214,1.3578388529398331e+04,4.1328482313349575e+00
167355,1.3578388529398331e+04,4.1328482313349575e+00
167496,1.3578388529398331e+04,4.1328482313349575e+00
167637,1.3578388529398331e+04,4.1328482313349575e+00
167778,1.3578388529398331e+04,4.1328482313349575e+00
167919,1.3578388529398331e+04,4.1328482313349575e+00
168060,1.3578388529398331e+04,4.1328482313349575e+00
168201,1.3578388529398331e+04,4.1328482313349575e+00
168342,1.3578388529398331e+04,4.1328482313349575e+00
168483,1.3578388529398331e+04,4.1328482313349575e+00
168624,1.3578388529398331e+04,4.1328482313349575e+00
168765,1.3578388529398331e+04,4.1328482313349575e+00
168905,1.3578388529398331e+04,4.1328482313349575e+00
169045,1.3578388529398331e+04,4.1328482313349575e+00
169185,1.3578388529398331e+04,4.1328482313349575e+00
169325,1.3578388529398331e+04,4.1328482313349575e+00
169465,1.3578388529398331e+04,4.1328482313349575e+00
169605,1.3578388529398331e+04,4.1328482313349575e+00
169745,1.3578388529398331e+04,4.1328482313349575e+00
169885,1.3578388529398331e+04,4.1328482313349575e+00
170025,1.3578388529398331e+04,4.1328482313349575e+00
170165,1.3578388529398331e+04,4.1328482313349575e+00
170304,1.3578388529398331e+04,4.1328482313349575e+00
170443,1.3578388529398331e+04,4.1328482313349575e+00
170582,1.3578388529398331e+04,4.1328482313349575e+00
170721,1.3578388529398331e+04,4.1328482313349575e+00
170860,1.3578388529398331e+04,4.1328482313349575e+00
170999,1.3578388529398331e+04,4.1328482313349575e+00
171138,1.3578388529398331e+04,4.1328482313349575e+00
171277,1.3578388529398331e+04,4.1328482313349575e+00
171416,1.3578388529398331e+04,4.1328482313349575e+00
171555,1.3578388529398331e+04,4.1328482313349575e+00
171694,1.3578388529398331e+04,4.1328482313349575e+00
171832,1.3578388529398331e+04,4.1328482313349575e+00
171970,1.3578388529398331e+04,4.1328482313349575e+00
172108,1.3578388529398331e+04,4.1328482313349575e+00
172246,1.3578388529398331e+04,4.1328482313349575e+00
172384,1.3578388529398331e+04,4.1328482313349575e+00
172522,1.3578388529398331e+04,4.1328482313349575e+00
172660,1.3578388529398331e+04,4.1328482313349575e+00
172798,1.3578388529398331e+04,4.1328482313349575e+00
172936,1.3578388529398331e+04,4.1328482313349575e+00
173074,1.3578388529398331e+04,4.1328482313349575e+00
173212,1.3578388529398331e+04,4.1328482313349575e+00
173349,1.3578388529398331e+04,4.1328482313349575e+00
173486,1.3578388529398331e+04,4.1328482313349575e+00
173623,1.3578388529398331e+04,4.1328482313349575e+00
173760,1.3578388529398331e+04,4.1328482313349575e+00
173897,1.3578388529398331e+04,4.1328482313349575e+00
174034,1.3578388529398331e+04,4.1328482313349575e+00
174171,1.3578388529398331e+04,4.1328482313349575e+00
174308,1.3578388529398331e+04,4.1328482313349575e+00
174445,1.3578388529398331e+04,4.1328482313349575e+00
174582,1.3578388529398331e+04,4.1328482313349575e+00
174719,1.3578388529398331e+04,4.1328482313349575e+00
174855,1.3578388529398331e+04,4.1328482313349575e+00
174991,1.3578388529398331e+04,4.1328482313349575e+00
175127,1.3578388529398331e+04,4.1328482313349575e+00
175263,1.3578388529398331e+04,4.1328482313349575e+00
175399,1.3578388529398331e+04,4.1328482313349575e+00
175535,1.3578388529398331e+04,4.1328482313349575e+00
175671,1.3578388529398331e+04,4.1328482313349575e+00
175807,1.3578388529398331e+04,4.1328482313349575e+00
175943,1.3578388529398331e+04,4.1328482313349575e+00
176079,1.3578388529398331e+04,4.1328482313349575e+00
176215,1.3578388529398331e+04,4.1328482313349575e+00
176350,1.3578388529398331e+04,4.1328482313349575e+00
176485,1.3578388529398331e+04,4.1328482313349575e+00
176620,1.3578388529398331e+04,4.1328482313349575e+00
176755,1.3578388529398331e+04,4.1328482313349575e+00
176890,1.3578388529398331e+04,4.1328482313349575e+00
177025,1.3578388529398331e+04,4.1328482313349575e+00
177160,1.3578388529398331e+04,4.1328482313349575e+00
177295,1.3578388529398331e+04,4.1328482313349575e+00
177430,1.3578388529398331e+04,4.1328482313349575e+00
177565,1.3578388529398331e+04,4.1328482313349575e+00
177700,1.3578388529398331e+04,4.1328482313349575e+00
177835,1.3578388529398331e+04,4.1328482313349575e+00
177969,1.3578388529398331e+04,4.1328482313349575e+00
178103,1.3578388529398331e+04,4.1328482313349575e+00
178237,1.3578388529398331e+04,4.1328482313349575e+00
178371,1.3578388529398331e+04,4.1328482313349575e+00
178505,1.3578388529398331e+04,4.1328482313349575e+00
178639,1.3578388529398331e+04,4.1328482313349575e+00
178773,1.3578388529398331e+04,4.1328482313349575e+00
178907,1.3578388529398331e+04,4.1328482313349575e+00
179041,1.3578388529398331e+04,4.1328482313349575e+00
179175,1.3578388529398331e+04,4.1328482313349575e+00
179309,1.3578388529398331e+04,4.1328482313349575e+00
179442,1.3578388529398331e+04,4.1328482313349575e+00
179575,1.3578388529398331e+04,4.1328482313349575e+00
179708,1.3578388529398331e+04,4.1328482313349575e+00
179841,1.3578388529398331e+04,4.1328482313349575e+00
179974,1.3578388529398331e+04,4.1328482313349575e+00
180107,1.3578388529398331e+04,4.1328482313349575e+00
180240,1.3578388529398331e+04,4.1328482313349575e+00
180373,1.3578388529398331e+04,4.1328482313349575e+00
180506,1.3578388529398331e+04,4.1328482313349575e+00
180639,1.3578388529398331e+04,4.1328482313349575e+00
180772,1.3578388529398331e+04,4.1328482313349575e+00
180904,1.3578388529398331e+04,4.1328482313349575e+00
181036,1.3578388529398331e+04,4.1328482313349575e+00
181168,1.3578388529398331e+04,4.1328482313349575e+00
181300,1.3578388529398331e+04,4.1328482313349575e+00
181432,1.3578388529398331e+04,4.1328482313349575e+00
181564,1.3578388529398331e+04,4.1328482313349575e+00
181696,1.3578388529398331e+04,4.1328482313349575e+00
181828,1.3578388529398331e+04,4.1328482313349575e+00
181960,1.3578388529398331e+04,4.1328482313349575e+00
182092,1.3578388529398331e+04,4.1328482313349575e+00
182224,1.3578388529398331e+04,4.1328482313349575e+00
182356,1.3578388529398331e+04,4.1328482313349575e+00
182487,1.3578388529398331e+04,4.1328482313349575e+00
182618,1.3578388529398331e+04,4.1328482313349575e+00
182749,1.3578388529398331e+04,4.1328482313349575e+00
182880,1.3578388529398331e+04,4.1328482313349575e+00
183011,1.3578388529398331e+04,4.1328482313349575e+00
183142,1.3578388529398331e+04,4.1328482313349575e+00
183273,1.3578388529398331e+04,4.1328482313349575e+00
183404,1.3578388529398331e+04,4.1328482313349575e+00
183535,1.3578388529398331e+04,4.1328482313349575e+00
183666,1.3578388529398331e+04,4.1328482313349575e+00
183797,1.3578388529398331e+04,4.1328482313349575e+00
183928,1.3578388529398331e+04,4.1328482313349575e+00
184058,1.3578388529398331e+04,4.1328482313349575e+00
184188,1.3578388529398331e+04,4.1328482313349575e+00
184318,1.3578388529398331e+04,4.1328482313349575e+00
184448,1.3578388529398331e+04,4.1328482313349575e+00
184578,1.3578388529398331e+04,4.1328482313349575e+00
184708,1.3578388529398331e+04,4.1328482313349575e+00
184838,1.3578388529398331e+04,4.1328482313349575e+00
184968,1.3578388529398331e+04,4.1328482313349575e+00
185098,1.3578388529398331e+04,4.1328482313349575e+00
185228,1.3578388529398331e+04,4.1328482313349575e+00
185358,1.3578388529398331e+04,4.1328482313349575e+00
185487,1.3578388529398331e+04,4.1328482313349575e+00
185616,1.3578388529398331e+04,4.1328482313349575e+00
185745,1.3578388529398331e+04,4.1328482313349575e+00
185874,1.3578388529398331e+04,4.1328482313349575e+00
186003,1.3578388529398331e+04,4.1328482313349575e+00
186132,1.3578388529398331e+04,4.1328482313349575e+00
186261,1.3578388529398331e+04,4.1328482313349575e+00
186390,1.3578388529398331e+04,4.1328482313349575e+00
186519,1.3578388529398331e+04,4.1328482313349575e+00
186648,1.3578388529398331e+04,4.1328482313349575e+00
186777,1.3578388529398331e+04,4.1328482313349575e+00
186906,1.3578388529398331e+04,4.1328482313349575e+00
187034,1.3578388529398331e+04,4.1328482313349575e+00
187162,1.3578388529398331e+04,4.1328482313349575e+00
187290,1.3578388529398331e+04,4.1328482313349575e+00
187418,1.3578388529398331e+04,4.1328482313349575e+00
187546,1.3578388529398331e+04,4.1328482313349575e+00
187674,1.3578388529398331e+04,4.1328482313349575e+00
187802,1.3578388529398331e+04,4.1328482313349575e+00
187930,1.3578388529398331e+04,4.1328482313349575e+00
188058,1.3578388529398331e+04,4.1328482313349575e+00
188186,1.3578388529398331e+04,4.1328482313349575e+00
188314,1.3578388529398331e+04,4.1328482313349575e+00
188442,1.3578388529398331e+04,4.1328482313349575e+00
188570,1.3578388529398331e+04,4.1328482313349575e+00
188697,1.3578388529398331e+04,4.1328482313349575e+00
188824,1.3578388529398331e+04,4.1328482313349575e+00
188951,1.3578388529398331e+04,4.1328482313349575e+00
189078,1.3578388529398331e+04,4.1328482313349575e+00
189205,1.3578388529398331e+04,4.1328482313349575e+00
189332,1.3578388529398331e+04,4.1328482313349575e+00
189459,1.3578388529398331e+04,4.1328482313349575e+00
189586,1.3578388529398331e+04,4.1328482313349575e+00
189713,1.3578388529398331e+04,4.1328482313349575e+00
189840,1.3578388529398331e+04,4.1328482313349575e+00
189967,1.3578388529398331e+04,4.1328482313349575e+00
190094,1.3578388529398331e+04,4.1328482313349575e+00
190220,1.3578388529398331e+04,4.1328482313349575e+00
190346,1.3578388529398331e+04,4.1328482313349575e+00
190472,1.3578388529398331e+04,4.1328482313349575e+00
190598,1.3578388529398331e+04,4.1328482313349575e+00
190724,1.3578388529398331e+04,4.1328482313349575e+00
190850,1.3578388529398331e+04,4.1328482313349575e+00
190976,1.3578388529398331e+04,4.1328482313349575e+00
191102,1.3578388529398331e+04,4.1328482313349575e+00
191228,1.3578388529398331e+04,4.1328482313349575e+00
191354,1.3578388529398331e+04,4.1328482313349575e+00
191480,1.3578388529398331e+04,4.1328482313349575e+00
191606,1.3578388529398331e+04,4.1328482313349575e+00
191731,1.3578388529398331e+04,4.1328482313349575e+00
191856,1.3578388529398331e+04,4.1328482313349575e+00
191981,1.3578388529398331e+04,4.1328482313349575e+00
192106,1.3578388529398331e+04,4.1328482313349575e+00
192231,1.3578388529398331e+04,4.1328482313349575e+00
192356,1.3578388529398331e+04,4.1328482313349575e+00
192481,1.3578388529398331e+04,4.1328482313349575e+00
192606,1.3578388529398331e+04,4.1328482313349575e+00
192731,1.3578388529398331e+04,4.1328482313349575e+00
192856,1.3578388529398331e+04,4.1328482313349575e+00
192981,1.3578388529398331e+04,4.1328482313349575e+00
193106,1.3578388529398331e+04,4.1328482313349575e+00
193231,1.3578388529398331e+04,4.1328482313349575e+00
193355,1.3578388529398331e+04,4.1328482313349575e+00
193479,1.3578388529398331e+04,4.1328482313349575e+00
193603,1.3578388529398331e+04,4.1328482313349575e+00
193727,1.3578388529398331e+04,4.1328482313349575e+00
193851,1.3578388529398331e+04,4.1328482313349575e+00
193975,1.3578388529398331e+04,4.1328482313349575e+00
194099,1.3578388529398331e+04,4.1328482313349575e+00
194223,1.3578388529398331e+04,4.1328482313349575e+00
194347,1.3578388529398331e+04,4.1328482313349575e+00
194471,1.3578388529398331e+04,4.1328482313349575e+00
194595,1.3578388529398331e+04,4.1328482313349575e+00
194719,1.3578388529398331e+04,4.1328482313349575e+00
194842,1.3578388529398331e+04,4.1328482313349575e+00
194965,1.3578388529398331e+04,4.1328482313349575e+00
195088,1.3578388529398331e+04,4.1328482313349575e+00
195211,1.3578388529398331e+04,4.1328482313349575e+00
195334,1.3578388529398331e+04,4.1328482313349575e+00
195457,1.3578388529398331e+04,4.1328482313349575e+00
195580,1.3578388529398331e+04,4.1328482313349575e+00
195703,1.3578388529398331e+04,4.1328482313349575e+00
195826,1.3578388529398331e+04,4.1328482313349575e+00
195949,1.3578388529398331e+04,4.1328482313349575e+00
196072,1.3578388529398331e+04,4.1328482313349575e+00
196195,1.3578388529398331e+04,4.1328482313349575e+00
196318,1.3578388529398331e+04,4.1328482313349575e+00
196440,1.3578388529398331e+04,4.1328482313349575e+00
196562,1.3578388529398331e+04,4.1328482313349575e+00
196684,1.3578388529398331e+04,4.1328482313349575e+00
196806,1.3578388529398331e+04,4.1328482313349575e+00
196928,1.3578388529398331e+04,4.1328482313349575e+00
197050,1.3578388529398331e+04,4.1328482313349575e+00
197172,1.3578388529398331e+04,4.1328482313349575e+00
197294,1.3578388529398331e+04,4.1328482313349575e+00
197416,1.3578388529398331e+04,4.1328482313349575e+00
197538,1.3578388529398331e+04,4.1328482313349575e+00
197660,1.3578388529398331e+04,4.1328482313349575e+00
197782,1.3578388529398331e+04,4.1328482313349575e+00
197904,1.3578388529398331e+04,4.1328482313349575e+00
198025,1.3578388529398331e+04,4.1328482313349575e+00
198146,1.3578388529398331e+04,4.1328482313349575e+00
198267,1.3578388529398331e+04,4.1328482313349575e+00
198388,1.3578388529398331e+04,4.1328482313349575e+00
198509,1.3578388529398331e+04,4.1328482313349575e+00
198630,1.3578388529398331e+04,4.1328482313349575e+00
198751,1.3578388529398331e+04,4.1328482313349575e+00
198872,1.3578388529398331e+04,4.1328482313349575e+00
198993,1.3578388529398331e+04,4.1328482313349575e+00
199114,1.3578388529398331e+04,4.1328482313349575e+00
199235,1.3578388529398331e+04,4.1328482313349575e+00
199356,1.3578388529398331e+04,4.1328482313349575e+00
199477,1.3578388529398331e+04,4.1328482313349575e+00
199597,1.3578388529398331e+04,4.1328482313349575e+00
199717,1.3578388529398331e+04,4.1328482313349575e+00
199837,1.3578388529398331e+04,4.1328482313349575e+00
199957,1.3578388529398331e+04,4.1328482313349575e+00
200077,1.3578388529398331e+04,4.1328482313349575e+00
200197,1.3578388529398331e+04,4.1328482313349575e+00
200317,1.3578388529398331e+04,4.1328482313349575e+00
200437,1.3578388529398331e+04,4.1328482313349575e+00
200557,1.3578388529398331e+04,4.1328482313349575e+00
200677,1.3578388529398331e+04,4.1328482313349575e+00
200797,1.3578388529398331e+04,4.1328482313349575e+00
200917,1.3578388529398331e+04,4.1328482313349575e+00
201037,1.3578388529398331e+04,4.1328482313349575e+00
201157,1.3578388529398331e+04,4.1328482313349575e+00
201276,1.3578388529398331e+04,4.1328482313349575e+00
201395,1.3578388529398331e+04,4.1328482313349575e+00
201514,1.3578388529398331e+04,4.1328482313349575e+00
201633,1.3578388529398331e+04,4.1328482313349575e+00
201752,1.3578388529398331e+04,4.1328482313349575e+00
201871,1.3578388529398331e+04,4.1328482313349575e+00
201990,1.3578388529398331e+04,4.1328482313349575e+00
202109,1.3578388529398331e+04,4.1328482313349575e+00
202228,1.3578388529398331e+04,4.1328482313349575e+00
202347,1.3578388529398331e+04,4.1328482313349575e+00
202466,1.3578388529398331e+04,4.1328482313349575e+00
202585,1.3578388529398331e+04,4.1328482313349575e+00
202704,1.3578388529398331e+04,4.1328482313349575e+00
202822,1.3578388529398331e+04,4.1328482313349575e+00
202940,1.3578388529398331e+04,4.1328482313349575e+00
203058,1.3578388529398331e+04,4.1328482313349575e+00
203176,1.3578388529398331e+04,4.1328482313349575e+00
203294,1.3578388529398331e+04,4.1328482313349575e+00
203412,1.3578388529398331e+04,4.1328482313349575e+00
203530,1.3578388529398331e+04,4.1328482313349575e+00
203648,1.3578388529398331e+04,4.1328482313349575e+00
203766,1.3578388529398331e+04,4.1328482313349575e+00
203884,1.3578388529398331e+04,4.1328482313349575e+00
204002,1.3578388529398331e+04,4.1328482313349575e+00
204120,1.3578388529398331e+04,4.1328482313349575e+00
204238,1.3578388529398331e+04,4.1328482313349575e+00
204356,1.3578388529398331e+04,4.1328482313349575e+00
204473,1.3578388529398331e+04,4.1328482313349575e+00
204590,1.3578388529398331e+04,4.1328482313349575e+00
204707,1.3578388529398331e+04,4.1328482313349575e+00
204824,1.3578388529398331e+04,4.1328482313349575e+00
204941,1.3578388529398331e+04,4.1328482313349575e+00
205058,1.3578388529398331e+04,4.1328482313349575e+00
205175,1.3578388529398331e+04,4.1328482313349575e+00
205292,1.3578388529398331e+04,4.1328482313349575e+00
205409,1.3578388529398331e+04,4.1328482313349575e+00
205526,1.3578388529398331e+04,4.1328482313349575e+00
205643,1.3578388529398331e+04,4.1328482313349575e+00
205760,1.3578388529398331e+04,4.1328482313349575e+00
205877,1.3578388529398331e+04,4.1328482313349575e+00
205993,1.3578388529398331e+04,4.1328482313349575e+00
206109,1.3578388529398331e+04,4.1328482313349575e+00
206225,1.3578388529398331e+04,4.1328482313349575e+00
206341,1.3578388529398331e+04,4.1328482313349575e+00
206457,1.3578388529398331e+04,4.1328482313349575e+00
206573,1.3578388529398331e+04,4.1328482313349575e+00
206689,1.3578388529398331e+04,4.1328482313349575e+00
206805,1.3578388529398331e+04,4.1328482313349575e+00
206921,1.3578388529398331e+04,4.1328482313349575e+00
207037,1.3578388529398331e+04,4.1328482313349575e+00
207153,1.3578388529398331e+04,4.1328482313349575e+00
207269,1.3578388529398331e+04,4.1328482313349575e+00
207385,1.3578388529398331e+04,4.1328482313349575e+00
207501,1.3578388529398331e+04,4.1328482313349575e+00
207616,1.3578388529398331e+04,4.1328482313349575e+00
207731,1.3578388529398331e+04,4.1328482313349575e+00
207846,1.3578388529398331e+04,4.1328482313349575e+00
207961,1.3578388529398331e+04,4.1328482313349575e+00
208076,1.3578388529398331e+04,4.1328482313349575e+00
208191,1.3578388529398331e+04,4.1328482313349575e+00
208306,1.3578388529398331e+04,4.1328482313349575e+00
208421,1.3578388529398331e+04,4.1328482313349575e+00
208536,1.3578388529398331e+04,4.1328482313349575e+00
208651,1.3578388529398331e+04,4.1328482313349575e+00
208766,1.3578388529398331e+04,4.1328482313349575e+00
208881,1.3578388529398331e+04,4.1328482313349575e+00
208996,1.3578388529398331e+04,4.1328482313349575e+00
209111,1.3578388529398331e+04,4.1328482313349575e+00
209226,1.3578388529398331e+04,4.1328482313349575e+00
209340,1.3578388529398331e+04,4.1328482313349575e+00
209454,1.3578388529398331e+04,4.1328482313349575e+00
209568,1.3578388529398331e+04,4.1328482313349575e+00
209682,1.3578388529398331e+04,4.1328482313349575e+00
209796,1.3578388529398331e+04,4.1328482313349575e+00
209910,1.3578388529398331e+04,4.1328482313349575e+00
210024,1.3578388529398331e+04,4.1328482313349575e+00
210138,1.3578388529398331e+04,4.1328482313349575e+00
210252,1.3578388529398331e+04,4.1328482313349575e+00
210366,1.3578388529398331e+04,4.1328482313349575e+00
210480,1.3578388529398331e+04,4.1328482313349575e+00
210594,1.3578388529398331e+04,4.1328482313349575e+00
210708,1.3578388529398331e+04,4.1328482313349575e+00
210822,1.3578388529398331e+04,4.1328482313349575e+00
210935,1.3578388529398331e+04,4.1328482313349575e+00
211048,1.3578388529398331e+04,4.1328482313349575e+00
211161,1.3578388529398331e+04,4.1328482313349575e+00
211274,1.3578388529398331e+04,4.1328482313349575e+00
211387,1.3578388529398331e+04,4.1328482313349575e+00
211500,1.3578388529398331e+04,4.1328482313349575e+00
211613,1.3578388529398331e+04,4.1328482313349575e+00
211726,1.3578388529398331e+04,4.1328482313349575e+00
211839,1.3578388529398331e+04,4.1328482313349575e+00
211952,1.3578388529398331e+04,4.1328482313349575e+00
212065,1.3578388529398331e+04,4.1328482313349575e+00
212178,1.3578388529398331e+04,4.1328482313349575e+00
212291,1.3578388529398331e+04,4.1328482313349575e+00
212404,1.3578388529398331e+04,4.1328482313349575e+00
212516,1.3578388529398331e+04,4.1328482313349575e+00
212628,1.3578388529398331e+04,4.1328482313349575e+00
212740,1.3578388529398331e+04,4.1328482313349575e+00
212852,1.3578388529398331e+04,4.1328482313349575e+00
212964,1.3578388529398331e+04,4.1328482313349575e+00
213076,1.3578388529398331e+04,4.1328482313349575e+00
213188,1.3578388529398331e+04,4.1328482313349575e+00
213300,1.3578388529398331e+04,4.1328482313349575e+00
213412,1.3578388529398331e+04,4.1328482313349575e+00
213524,1.3578388529398331e+04,4.1328482313349575e+00
213636,1.3578388529398331e+04,4.1328482313349575e+00
213748,1.3578388529398331e+04,4.1328482313349575e+00
213860,1.3578388529398331e+04,4.1328482313349575e+00
213972,1.3578388529398331e+04,4.1328482313349575e+00
214084,1.3578388529398331e+04,4.1328482313349575e+00
214195,1.3578388529398331e+04,4.1328482313349575e+00
214306,1.3578388529398331e+04,4.1328482313349575e+00
214417,1.3578388529398331e+04,4.1328482313349575e+00
214528,1.3578388529398331e+04,4.1328482313349575e+00
214639,1.3578388529398331e+04,4.1328482313349575e+00
214750,1.3578388529398331e+04,4.1328482313349575e+00
214861,1.3578388529398331e+04,4.1328482313349575e+00
214972,1.3578388529398331e+04,4.1328482313349575e+00
215083,1.3578388529398331e+04,4.1328482313349575e+00
215194,1.3578388529398331e+04,4.1328482313349575e+00
215305,1.3578388529398331e+04,4.1328482313349575e+00
215416,1.3578388529398331e+04,4.1328482313349575e+00
215527,1.3578388529398331e+04,4.1328482313349575e+00
215638,1.3578388529398331e+04,4.1328482313349575e+00
215749,1.3578388529398331e+04,4.1328482313349575e+00
215859,1.3578388529398331e+04,4.1328482313349575e+00
215969,1.3578388529398331e+04,4.1328482313349575e+00
216079,1.3578388529398331e+04,4.1328482313349575e+00
216189,1.3578388529398331e+04,4.1328482313349575e+00
216299,1.3578388529398331e+04,4.1328482313349575e+00
216409,1.3578388529398331e+04,4.1328482313349575e+00
216519,1.3578388529398331e+04,4.1328482313349575e+00
216629,1.3578388529398331e+04,4.1328482313349575e+00
216739,1.3578388529398331e+04,4.1328482313349575e+00
216849,1.3578388529398331e+04,4.1328482313349575e+00
216959,1.3578388529398331e+04,4.1328482313349575e+00
217069,1.3578388529398331e+04,4.1328482313349575e+00
217179,1.3578388529398331e+04,4.1328482313349575e+00
217289,1.3578388529398331e+04,4.1328482313349575e+00
217399,1.3578388529398331e+04,4.1328482313349575e+00
217508,1.3578388529398331e+04,4.1328482313349575e+00
217617,1.3578388529398331e+04,4.1328482313349575e+00
217726,1.3578388529398331e+04,4.1328482313349575e+00
217835,1.3578388529398331e+04,4.1328482313349575e+00
217944,1.3578388529398331e+04,4.1328482313349575e+00
218053,1.3578388529398331e+04,4.1328482313349575e+00
218162,1.3578388529398331e+04,4.1328482313349575e+00
218271,1.3578388529398331e+04,4.1328482313349575e+00
218380,1.3578388529398331e+04,4.1328482313349575e+00
218489,1.3578388529398331e+04,4.1328482313349575e+00
218598,1.3578388529398331e+04,4.1328482313349575e+00
218707,1.3578388529398331e+04,4.1328482313349575e+00
218816,1.3578388529398331e+04,4.1328482313349575e+00
218925,1.3578388529398331e+04,4.1328482313349575e+00
219034,1.3578388529398331e+04,4.1328482313349575e+00
219143,1.3578388529398331e+04,4.1328482313349575e+00
219251,1.3578388529398331e+04,4.1328482313349575e+00
219359,1.3578388529398331e+04,4.1328482313349575e+00
219467,1.3578388529398331e+04,4.1328482313349575e+00
219575,1.3578388529398331e+04,4.1328482313349575e+00
219683,1.3578388529398331e+04,4.1328482313349575e+00
219791,1.3578388529398331e+04,4.1328482313349575e+00
219899,1.3578388529398331e+04,4.1328482313349575e+00
220007,1.3578388529398331e+04,4.1328482313349575e+00
220115,1.3578388529398331e+04,4.1328482313349575e+00
220223,1.3578388529398331e+04,4.1328482313349575e+00
220331,1.3578388529398331e+04,4.1328482313349575e+00
220439,1.3578388529398331e+04,4.1328482313349575e+00
220547,1.3578388529398331e+04,4.1328482313349575e+00
220655,1.3578388529398331e+04,4.1328482313349575e+00
220763,1.3578388529398331e+04,4.1328482313349575e+00
220870,1.3578388529398331e+04,4.1328482313349575e+00
220977,1.3578388529398331e+04,4.1328482313349575e+00
221084,1.3578388529398331e+04,4.1328482313349575e+00
221191,1.3578388529398331e+04,4.1328482313349575e+00
221298,1.3578388529398331e+04,4.1328482313349575e+00
221405,1.3578388529398331e+04,4.1328482313349575e+00
221512,1.3578388529398331e+04,4.1328482313349575e+00
221619,1.3578388529398331e+04,4.1328482313349575e+00
221726,1.3578388529398331e+04,4.1328482313349575e+00
221833,1.3578388529398331e+04,4.1328482313349575e+00
221940,1.3578388529398331e+04,4.1328482313349575e+00
222047,1.3578388529398331e+04,4.1328482313349575e+00
222154,1.3578388529398331e+04,4.1328482313349575e+00
222261,1.3578388529398331e+04,4.1328482313349575e+00
222368,1.3578388529398331e+04,4.1328482313349575e+00
222475,1.3578388529398331e+04,4.1328482313349575e+00
222581,1.3578388529398331e+04,4.1328482313349575e+00
222687,1.3578388529398331e+04,4.1328482313349575e+00
222793,1.3578388529398331e+04,4.1328482313349575e+00
222899,1.3578388529398331e+04,4.1328482313349575e+00
223005,1.3578388529398331e+04,4.1328482313349575e+00
223111,1.3578388529398331e+04,4.1328482313349575e+00
223217,1.3578388529398331e+04,4.1328482313349575e+00
223323,1.3578388529398331e+04,4.1328482313349575e+00
223429,1.3578388529398331e+04,4.1328482313349575e+00
223535,1.3578388529398331e+04,4.1328482313349575e+00
223641,1.3578388529398331e+04,4.1328482313349575e+00
223747,1.3578388529398331e+04,4.1328482313349575e+00
223853,1.3578388529398331e+04,4.1328482313349575e+00
223959,1.3578388529398331e+04,4.1328482313349575e+00
224065,1.3578388529398331e+04,4.1328482313349575e+00
224171,1.3578388529398331e+04,4.1328482313349575e+00
224276,1.3578388529398331e+04,4.1328482313349575e+00
224381,1.3578388529398331e+04,4.1328482313349575e+00
224486,1.3578388529398331e+04,4.1328482313349575e+00
224591,1.3578388529398331e+04,4.1328482313349575e+00
224696,1.3578388529398331e+04,4.1328482313349575e+00
224801,1.3578388529398331e+04,4.1328482313349575e+00
224906,1.3578388529398331e+04,4.1328482313349575e+00
225011,1.3578388529398331e+04,4.1328482313349575e+00
225116,1.3578388529398331e+04,4.1328482313349575e+00
225221,1.3578388529398331e+04,4.1328482313349575e+00
225326,1.3578388529398331e+04,4.1328482313349575e+00
225431,1.3578388529398331e+04,4.1328482313349575e+00
225536,1.3578388529398331e+04,4.1328482313349575e+00
225641,1.3578388529398331e+04,4.1328482313349575e+00
225746,1.3578388529398331e+04,4.1328482313349575e+00
225851,1.3578388529398331e+04,4.1328482313349575e+00
225955,1.3578388529398331e+04,4.1328482313349575e+00
226059,1.3578388529398331e+04,4.1328482313349575e+00
226163,1.3578388529398331e+04,4.1328482313349575e+00
226267,1.3578388529398331e+04,4.1328482313349575e+00
226371,1.3578388529398331e+04,4.1328482313349575e+00
226475,1.3578388529398331e+04,4.1328482313349575e+00
226579,1.3578388529398331e+04,4.1328482313349575e+00
226683,1.3578388529398331e+04,4.1328482313349575e+00
226787,1.3578388529398331e+04,4.1328482313349575e+00
226891,1.3578388529398331e+04,4.1328482313349575e+00
226995,1.3578388529398331e+04,4.1328482313349575e+00
227099,1.3578388529398331e+04,4.1328482313349575e+00
227203,1.3578388529398331e+04,4.1328482313349575e+00
227307,1.3578388529398331e+04,4.1328482313349575e+00
227411,1.3578388529398331e+04,4.1328482313349575e+00
227515,1.3578388529398331e+04,4.1328482313349575e+00
227619,1.3578388529398331e+04,4.1328482313349575e+00
227722,1.3578388529398331e+04,4.1328482313349575e+00
227825,1.3578388529398331e+04,4.1328482313349575e+00
227928,1.3578388529398331e+04,4.1328482313349575e+00
228031,1.3578388529398331e+04,4.1328482313349575e+00
228134,1.3578388529398331e+04,4.1328482313349575e+00
228237,1.3578388529398331e+04,4.1328482313349575e+00
228340,1.3578388529398331e+04,4.1328482313349575e+00
228443,1.3578388529398331e+04,4.1328482313349575e+00
228546,1.3578388529398331e+04,4.1328482313349575e+00
228649,1.3578388529398331e+04,4.1328482313349575e+00
228752,1.3578388529398331e+04,4.1328482313349575e+00
228855,1.3578388529398331e+04,4.1328482313349575e+00
228958,1.3578388529398331e+04,4.1328482313349575e+00
229061,1.3578388529398331e+04,4.1328482313349575e+00
229164,1.3578388529398331e+04,4.1328482313349575e+00
229267,1.3578388529398331e+04,4.1328482313349575e+00
229369,1.3578388529398331e+04,4.1328482313349575e+00
229471,1.3578388529398331e+04,4.1328482313349575e+00
229573,1.3578388529398331e+04,4.1328482313349575e+00
229675,1.3578388529398331e+04,4.1328482313349575e+00
229777,1.3578388529398331e+04,4.1328482313349575e+00
229879,1.3578388529398331e+04,4.1328482313349575e+00
229981,1.3578388529398331e+04,4.1328482313349575e+00
230083,1.3578388529398331e+04,4.1328482313349575e+00
230185,1.3578388529398331e+04,4.1328482313349575e+00
230287,1.3578388529398331e+04,4.1328482313349575e+00
230389,1.3578388529398331e+04,4.1328482313349575e+00
230491,1.3578388529398331e+04,4.1328482313349575e+00
230593,1.3578388529398331e+04,4.1328482313349575e+00
230695,1.3578388529398331e+04,4.1328482313349575e+00
230797,1.3578388529398331e+04,4.1328482313349575e+00
230899,1.3578388529398331e+04,4.1328482313349575e+00
231001,1.3578388529398331e+04,4.1328482313349575e+00
231102,1.3578388529398331e+04,4.1328482313349575e+00
231203,1.3578388529398331e+04,4.1328482313349575e+00
231304,1.3578388529398331e+04,4.1328482313349575e+00
231405,1.3578388529398331e+04,4.1328482313349575e+00
231506,1.3578388529398331e+04,4.1328482313349575e+00
231607,1.3578388529398331e+04,4.1328482313349575e+00
231708,1.3578388529398331e+04,4.1328482313349575e+00
231809,1.3578388529398331e+04,4.1328482313349575e+00
231910,1.3578388529398331e+04,4.1328482313349575e+00
232011,1.3578388529398331e+04,4.1328482313349575e+00
232112,1.3578388529398331e+04,4.1328482313349575e+00
232213,1.3578388529398331e+04,4.1328482313349575e+00
232314,1.3578388529398331e+04,4.1328482313349575e+00
232415,1.3578388529398331e+04,4.1328482313349575e+00
232516,1.3578388529398331e+04,4.1328482313349575e+00
232617,1.3578388529398331e+04,4.1328482313349575e+00
232718,1.3578388529398331e+04,4.1328482313349575e+00
232819,1.3578388529398331e+04,4.1328482313349575e+00
232919,1.3578388529398331e+04,4.1328482313349575e+00
233019,1.3578388529398331e+04,4.1328482313349575e+00
233119,1.3578388529398331e+04,4.1328482313349575e+00
233219,1.3578388529398331e+04,4.1328482313349575e+00
233319,1.3578388529398331e+04,4.1328482313349575e+00
233419,1.3578388529398331e+04,4.1328482313349575e+00
233519,1.3578388529398331e+04,4.1328482313349575e+00
233619,1.3578388529398331e+04,4.1328482313349575e+00
233719,1.3578388529398331e+04,4.1328482313349575e+00
233819,1.3578388529398331e+04,4.1328482313349575e+00
233919,1.3578388529398331e+04,4.1328482313349575e+00
234019,1.3578388529398331e+04,4.1328482313349575e+00
234119,1.3578388529398331e+04,4.1328482313349575e+00
234219,1.3578388529398331e+04,4.1328482313349575e+00
234319,1.3578388529398331e+04,4.1328482313349575e+00
234419,1.3578388529398331e+04,4.1328482313349575e+00
234519,1.3578388529398331e+04,4.1328482313349575e+00
234618,1.3578388529398331e+04,4.1328482313349575e+00
234717,1.3578388529398331e+04,4.1328482313349575e+00
234816,1.3578388529398331e+04,4.1328482313349575e+00
234915,1.3578388529398331e+04,4.1328482313349575e+00
235014,1.3578388529398331e+04,4.1328482313349575e+00
235113,1.3578388529398331e+04,4.1328482313349575e+00
235212,1.3578388529398331e+04,4.1328482313349575e+00
235311,1.3578388529398331e+04,4.1328482313349575e+00
235410,1.3578388529398331e+04,4.1328482313349575e+00
235509,1.3578388529398331e+04,4.1328482313349575e+00
235608,1.3578388529398331e+04,4.1328482313349575e+00
235707,1.3578388529398331e+04,4.1328482313349575e+00
235806,1.3578388529398331e+04,4.1328482313349575e+00
235905,1.3578388529398331e+04,4.1328482313349575e+00
236004,1.3578388529398331e+04,4.1328482313349575e+00
236103,1.3578388529398331e+04,4.1328482313349575e+00
236202,1.3578388529398331e+04,4.1328482313349575e+00
236301,1.3578388529398331e+04,4.1328482313349575e+00
236399,1.3578388529398331e+04,4.1328482313349575e+00
236497,1.3578388529398331e+04,4.1328482313349575e+00
236595,1.3578388529398331e+04,4.1328482313349575e+00
236693,1.3578388529398331e+04,4.1328482313349575e+00
236791,1.3578388529398331e+04,4.1328482313349575e+00
236889,1.3578388529398331e+04,4.1328482313349575e+00
236987,1.3578388529398331e+04,4.1328482313349575e+00
237085,1.3578388529398331e+04,4.1328482313349575e+00
237183,1.3578388529398331e+04,4.1328482313349575e+00
237281,1.3578388529398331e+04,4.1328482313349575e+00
237379,1.3578388529398331e+04,4.1328482313349575e+00
237477,1.3578388529398331e+04,4.1328482313349575e+00
237575,1.3578388529398331e+04,4.1328482313349575e+00
237673,1.3578388529398331e+04,4.1328482313349575e+00
237771,1.3578388529398331e+04,4.1328482313349575e+00
237869,1.3578388529398331e+04,4.1328482313349575e+00
237967,1.3578388529398331e+04,4.1328482313349575e+00
238065,1.3578388529398331e+04,4.1328482313349575e+00
238162,1.3578388529398331e+04,4.1328482313349575e+00
238259,1.3578388529398331e+04,4.1328482313349575e+00
238356,1.3578388529398331e+04,4.1328482313349575e+00
238453,1.3578388529398331e+04,4.1328482313349575e+00
238550,1.3578388529398331e+04,4.1328482313349575e+00
238647,1.3578388529398331e+04,4.1328482313349575e+00
238744,1.3578388529398331e+04,4.1328482313349575e+00
238841,1.3578388529398331e+04,4.1328482313349575e+00
238938,1.3578388529398331e+04,4.1328482313349575e+00
239035,1.3578388529398331e+04,4.1328482313349575e+00
239132,1.3578388529398331e+04,4.1328482313349575e+00
239229,1.3578388529398331e+04,4.1328482313349575e+00
239326,1.3578388529398331e+04,4.1328482313349575e+00
239423,1.3578388529398331e+04,4.1328482313349575e+00
239520,1.3578388529398331e+04,4.1328482313349575e+00
239617,1.3578388529398331e+04,4.1328482313349575e+00
239714,1.3578388529398331e+04,4.1328482313349575e+00
239811,1.3578388529398331e+04,4.1328482313349575e+00
239907,1.3578388529398331e+04,4.1328482313349575e+00
240003,1.3578388529398331e+04,4.1328482313349575e+00
240099,1.3578388529398331e+04,4.1328482313349575e+00
240195,1.3578388529398331e+04,4.1328482313349575e+00
240291,1.3578388529398331e+04,4.1328482313349575e+00
240387,1.3578388529398331e+04,4.1328482313349575e+00
240483,1.3578388529398331e+04,4.1328482313349575e+00
240579,1.3578388529398331e+04,4.1328482313349575e+00
240675,1.3578388529398331e+04,4.1328482313349575e+00
240771,1.3578388529398331e+04,4.1328482313349575e+00
240867,1.3578388529398331e+04,4.1328482313349575e+00
240963,1.3578388529398331e+04,4.1328482313349575e+00
241059,1.3578388529398331e+04,4.1328482313349575e+00
241155,1.3578388529398331e+04,4.1328482313349575e+00
241251,1.3578388529398331e+04,4.1328482313349575e+00
241347,1.3578388529398331e+04,4.1328482313349575e+00
241443,1.3578388529398331e+04,4.1328482313349575e+00
241539,1.3578388529398331e+04,4.1328482313349575e+00
241635,1.3578388529398331e+04,4.1328482313349575e+00
241730,1.3578388529398331e+04,4.1328482313349575e+00
241825,1.3578388529398331e+04,4.1328482313349575e+00
241920,1.3578388529398331e+04,4.1328482313349575e+00
242015,1.3578388529398331e+04,4.1328482313349575e+00
242110,1.3578388529398331e+04,4.1328482313349575e+00
242205,1.3578388529398331e+04,4.1328482313349575e+00
242300,1.3578388529398331e+04,4.1328482313349575e+00
242395,1.3578388529398331e+04,4.1328482313349575e+00
242490,1.3578388529398331e+04,4.1328482313349575e+00
242585,1.3578388529398331e+04,4.1328482313349575e+00
242680,1.3578388529398331e+04,4.1328482313349575e+00
242775,1.3578388529398331e+04,4.1328482313349575e+00
242870,1.3578388529398331e+04,4.1328482313349575e+00
242965,1.3578388529398331e+04,4.1328482313349575e+00
243060,1.3578388529398331e+04,4.1328482313349575e+00
243155,1.3578388529398331e+04,4.1328482313349575e+00
243250,1.3578388529398331e+04,4.1328482313349575e+00
243345,1.3578388529398331e+04,4.1328482313349575e+00
243440,1.3578388529398331e+04,4.1328482313349575e+00
243534,1.3578388529398331e+04,4.1328482313349575e+00
243628,1.3578388529398331e+04,4.1328482313349575e+00
243722,1.3578388529398331e+04,4.1328482313349575e+00
243816,1.3578388529398331e+04,4.1328482313349575e+00
243910,1.3578388529398331e+04,4.1328482313349575e+00
244004,1.3578388529398331e+04,4.1328482313349575e+00
244098,1.3578388529398331e+04,4.1328482313349575e+00
244192,1.3578388529398331e+04,4.1328482313349575e+00
244286,1.3578388529398331e+04,4.1328482313349575e+00
244380,1.3578388529398331e+04,4.1328482313349575e+00
244474,1.3578388529398331e+04,4.1328482313349575e+00
244568,1.3578388529398331e+04,4.1328482313349575e+00
244662,1.3578388529398331e+04,4.1328482313349575e+00
244756,1.3578388529398331e+04,4.1328482313349575e+00
244850,1.3578388529398331e+04,4.1328482313349575e+00
244944,1.3578388529398331e+04,4.1328482313349575e+00
245038,1.3578388529398331e+04,4.1328482313349575e+00
245132,1.3578388529398331e+04,4.1328482313349575e+00
245226,1.3578388529398331e+04,4.1328482313349575e+00
245319,1.3578388529398331e+04,4.1328482313349575e+00
245412,1.3578388529398331e+04,4.1328482313349575e+00
245505,1.3578388529398331e+04,4.1328482313349575e+00
245598,1.3578388529398331e+04,4.1328482313349575e+00
245691,1.3578388529398331e+04,4.1328482313349575e+00
245784,1.3578388529398331e+04,4.1328482313349575e+00
245877,1.3578388529398331e+04,4.1328482313349575e+00
245970,1.3578388529398331e+04,4.1328482313349575e+00
246063,1.3578388529398331e+04,4.1328482313349575e+00
246156,1.3578388529398331e+04,4.1328482313349575e+00
246249,1.3578388529398331e+04,4.1328482313349575e+00
246342,1.3578388529398331e+04,4.1328482313349575e+00
246435,1.3578388529398331e+04,4.1328482313349575e+00
246528,1.3578388529398331e+04,4.1328482313349575e+00
246621,1.3578388529398331e+04,4.1328482313349575e+00
246714,1.3578388529398331e+04,4.1328482313349575e+00
246807,1.3578388529398331e+04,4.1328482313349575e+00
246900,1.3578388529398331e+04,4.1328482313349575e+00
246993,1.3578388529398331e+04,4.1328482313349575e+00
247086,1.3578388529398331e+04,4.1328482313349575e+00
247178,1.3578388529398331e+04,4.1328482313349575e+00
247270,1.3578388529398331e+04,4.1328482313349575e+00
247362,1.3578388529398331e+04,4.1328482313349575e+00
247454,1.3578388529398331e+04,4.1328482313349575e+00
247546,1.3578388529398331e+04,4.1328482313349575e+00
247638,1.3578388529398331e+04,4.1328482313349575e+00
247730,1.3578388529398331e+04,4.1328482313349575e+00
247822,1.3578388529398331e+04,4.1328482313349575e+00
247914,1.3578388529398331e+04,4.1328482313349575e+00
248006,1.3578388529398331e+04,4.1328482313349575e+00
248098,1.3578388529398331e+04,4.1328482313349575e+00
248190,1.3578388529398331e+04,4.1328482313349575e+00
248282,1.3578388529398331e+04,4.1328482313349575e+00
248374,1.3578388529398331e+04,4.1328482313349575e+00
248466,1.3578388529398331e+04,4.1328482313349575e+00
248558,1.3578388529398331e+04,4.1328482313349575e+00
248650,1.3578388529398331e+04,4.1328482313349575e+00
248742,1.3578388529398331e+04,4.1328482313349575e+00
248834,1.3578388529398331e+04,4.1328482313349575e+00
248926,1.3578388529398331e+04,4.1328482313349575e+00
249017,1.3578388529398331e+04,4.1328482313349575e+00
249108,1.3578388529398331e+04,4.1328482313349575e+00
249199,1.3578388529398331e+04,4.1328482313349575e+00
249290,1.3578388529398331e+04,4.1328482313349575e+00
249381,1.3578388529398331e+04,4.1328482313349575e+00
249472,1.3578388529398331e+04,4.1328482313349575e+00
249563,1.3578388529398331e+04,4.1328482313349575e+00
249654,1.3578388529398331e+04,4.1328482313349575e+00
249745,1.3578388529398331e+04,4.1328482313349575e+00
249836,1.3578388529398331e+04,4.1328482313349575e+00
249927,1.3578388529398331e+04,4.1328482313349575e+00
250018,1.3578388529398331e+04,4.1328482313349575e+00
250109,1.3578388529398331e+04,4.1328482313349575e+00
250200,1.3578388529398331e+04,4.1328482313349575e+00
250291,1.3578388529398331e+04,4.1328482313349575e+00
250382,1.3578388529398331e+04,4.1328482313349575e+00
250473,1.3578388529398331e+04,4.1328482313349575e+00
250564,1.3578388529398331e+04,4.1328482313349575e+00
250655,1.3578388529398331e+04,4.1328482313349575e+00
250746,1.3578388529398331e+04,4.1328482313349575e+00
250836,1.3578388529398331e+04,4.1328482313349575e+00
250926,1.3578388529398331e+04,4.1328482313349575e+00
251016,1.3578388529398331e+04,4.1328482313349575e+00
251106,1.3578388529398331e+04,4.1328482313349575e+00
251196,1.3578388529398331e+04,4.1328482313349575e+00
251286,1.3578388529398331e+04,4.1328482313349575e+00
251376,1.3578388529398331e+04,4.1328482313349575e+00
251466,1.3578388529398331e+04,4.1328482313349575e+00
251556,1.3578388529398331e+04,4.1328482313349575e+00
251646,1.3578388529398331e+04,4.1328482313349575e+00
251736,1.3578388529398331e+04,4.1328482313349575e+00
251826,1.3578388529398331e+04,4.1328482313349575e+00
251916,1.3578388529398331e+04,4.1328482313349575e+00
252006,1.3578388529398331e+04,4.1328482313349575e+00
252096,1.3578388529398331e+04,4.1328482313349575e+00
252186,1.3578388529398331e+04,4.1328482313349575e+00
252276,1.3578388529398331e+04,4.1328482313349575e+00
252366,1.3578388529398331e+04,4.1328482313349575e+00
252456,1.3578388529398331e+04,4.1328482313349575e+00
252546,1.3578388529398331e+04,4.1328482313349575e+00
252636,1.3578388529398331e+04,4.1328482313349575e+00
252725,1.3578388529398331e+04,4.1328482313349575e+00
252814,1.3578388529398331e+04,4.1328482313349575e+00
252903,1.3578388529398331e+04,4.1328482313349575e+00
252992,1.3578388529398331e+04,4.1328482313349575e+00
253081,1.3578388529398331e+04,4.1328482313349575e+00
253170,1.3578388529398331e+04,4.1328482313349575e+00
253259,1.3578388529398331e+04,4.1328482313349575e+00
253348,1.3578388529398331e+04,4.1328482313349575e+00
253437,1.3578388529398331e+04,4.1328482313349575e+00
253526,1.3578388529398331e+04,4.1328482313349575e+00
253615,1.3578388529398331e+04,4.1328482313349575e+00
253704,1.3578388529398331e+04,4.1328482313349575e+00
253793,1.3578388529398331e+04,4.1328482313349575e+00
253971,1.3578388529398331e+04,4.1328482313349575e+00
254060,1.3578388529398331e+04,4.1328482313349575e+00
254149,1.3578388529398331e+04,4.1328482313349575e+00
254238,1.3578388529398331e+04,4.1328482313349575e+00
254327,1.3578388529398331e+04,4.1328482313349575e+00
254416,1.3578388529398331e+04,4.1328482313349575e+00
254505,1.3578388529398331e+04,4.1328482313349575e+00
254593,1.3578388529398331e+04,4.1328482313349575e+00
254681,1.3578388529398331e+04,4.1328482313349575e+00
254769,1.3578388529398331e+04,4.1328482313349575e+00
254857,1.3578388529398331e+04,4.1328482313349575e+00
254945,1.3578388529398331e+04,4.1328482313349575e+00
255033,1.3578388529398331e+04,4.1328482313349575e+00
255121,1.3578388529398331e+04,4.1328482313349575e+00
255209,1.3578388529398331e+04,4.1328482313349575e+00
255297,1.3578388529398331e+04,4.1328482313349575e+00
255385,1.3578388529398331e+04,4.1328482313349575e+00
255473,1.3578388529398331e+04,4.1328482313349575e+00
255561,1.3578388529398331e+04,4.1328482313349575e+00
255649,1.3578388529398331e+04,4.1328482313349575e+00
255737,1.3578388529398331e+04,4.1328482313349575e+00
255825,1.3578388529398331e+04,4.1328482313349575e+00
255913,1.3578388529398331e+04,4.1328482313349575e+00
256001,1.3578388529398331e+04,4.1328482313349575e+00
256089,1.3578388529398331e+04,4.1328482313349575e+00
256177,1.3578388529398331e+04,4.1328482313349575e+00
256265,1.3578388529398331e+04,4.1328482313349575e+00
256353,1.3578388529398331e+04,4.1328482313349575e+00
256441,1.3578388529398331e+04,4.1328482313349575e+00
256528,1.3578388529398331e+04,4.1328482313349575e+00
256615,1.3578388529398331e+04,4.1328482313349575e+00
256702,1.3578388529398331e+04,4.1328482313349575e+00
256789,1.3578388529398331e+04,4.1328482313349575e+00
256876,1.3578388529398331e+04,4.1328482313349575e+00
256963,1.3578388529398331e+04,4.1328482313349575e+00
257050,1.3578388529398331e+04,4.1328482313349575e+00
257137,1.3578388529398331e+04,4.1328482313349575e+00
257224,1.3578388529398331e+04,4.1328482313349575e+00
257311,1.3578388529398331e+04,4.1328482313349575e+00
257398,1.3578388529398331e+04,4.1328482313349575e+00
257485,1.3578388529398331e+04,4.1328482313349575e+00
257572,1.3578388529398331e+04,4.1328482313349575e+00
257659,1.3578388529398331e+04,4.1328482313349575e+00
257746,1.3578388529398331e+04,4.1328482313349575e+00
257833,1.3578388529398331e+04,4.1328482313349575e+00
257920,1.3578388529398331e+04,4.1328482313349575e+00
258007,1.3578388529398331e+04,4.1328482313349575e+00
258094,1.3578388529398331e+04,4.1328482313349575e+00
258181,1.3578388529398331e+04,4.1328482313349575e+00
258268,1.3578388529398331e+04,4.1328482313349575e+00
258355,1.3578388529398331e+04,4.1328482313349575e+00
258441,1.3578388529398331e+04,4.1328482313349575e+00
258527,1.3578388529398331e+04,4.1328482313349575e+00
258613,1.3578388529398331e+04,4.1328482313349575e+00
258699,1.3578388529398331e+04,4.1328482313349575e+00
258785,1.3578388529398331e+04,4.1328482313349575e+00
258871,1.3578388529398331e+04,4.1328482313349575e+00
258957,1.3578388529398331e+04,4.1328482313349575e+00
259043,1.3578388529398331e+04,4.1328482313349575e+00
259129,1.3578388529398331e+04,4.1328482313349575e+00
259215,1.3578388529398331e+04,4.1328482313349575e+00
259301,1.3578388529398331e+04,4.1328482313349575e+00
259387,1.3578388529398331e+04,4.1328482313349575e+00
259473,1.3578388529398331e+04,4.1328482313349575e+00
259559,1.3578388529398331e+04,4.1328482313349575e+00
259645,1.3578388529398331e+04,4.1328482313349575e+00
259731,1.3578388529398331e+04,4.1328482313349575e+00
259817,1.3578388529398331e+04,4.1328482313349575e+00
259903,1.3578388529398331e+04,4.1328482313349575e+00
259989,1.3578388529398331e+04,4.1328482313349575e+00
260075,1.3578388529398331e+04,4.1328482313349575e+00
260161,1.3578388529398331e+04,4.1328482313349575e+00
260247,1.3578388529398331e+04,4.1328482313349575e+00
260332,1.3578388529398331e+04,4.1328482313349575e+00
260417,1.3578388529398331e+04,4.1328482313349575e+00
260502,1.3578388529398331e+04,4.1328482313349575e+00
260587,1.3578388529398331e+04,4.1328482313349575e+00
260672,1.3578388529398331e+04,4.1328482313349575e+00
260757,1.3578388529398331e+04,4.1328482313349575e+00
260842,1.3578388529398331e+04,4.1328482313349575e+00
260927,1.3578388529398331e+04,4.1328482313349575e+00
261012,1.3578388529398331e+04,4.1328482313349575e+00
261097,1.3578388529398331e+04,4.1328482313349575e+00
261182,1.3578388529398331e+04,4.1328482313349575e+00
261267,1.3578388529398331e+04,4.1328482313349575e+00
261352,1.3578388529398331e+04,4.1328482313349575e+00
261437,1.3578388529398331e+04,4.1328482313349575e+00
261522,1.3578388529398331e+04,4.1328482313349575e+00
261607,1.3578388529398331e+04,4.1328482313349575e+00
261692,1.3578388529398331e+04,4.1328482313349575e+00
261777,1.3578388529398331e+04,4.1328482313349575e+00
261862,1.3578388529398331e+04,4.1328482313349575e+00
261947,1.3578388529398331e+04,4.1328482313349575e+00
262032,1.3578388529398331e+04,4.1328482313349575e+00
262117,1.3578388529398331e+04,4.1328482313349575e+00
262202,1.3578388529398331e+04,4.1328482313349575e+00
262286,1.3578388529398331e+04,4.1328482313349575e+00
262370,1.3578388529398331e+04,4.1328482313349575e+00
262454,1.3578388529398331e+04,4.1328482313349575e+00
262538,1.3578388529398331e+04,4.1328482313349575e+00
262622,1.3578388529398331e+04,4.1328482313349575e+00
262706,1.3578388529398331e+04,4.1328482313349575e+00
262790,1.3578388529398331e+04,4.1328482313349575e+00
262874,1.3578388529398331e+04,4.1328482313349575e+00
262958,1.3578388529398331e+04,4.1328482313349575e+00
263042,1.3578388529398331e+04,4.1328482313349575e+00
263126,1.3578388529398331e+04,4.1328482313349575e+00
263210,1.3578388529398331e+04,4.1328482313349575e+00
263294,1.3578388529398331e+04,4.1328482313349575e+00
263378,1.3578388529398331e+04,4.1328482313349575e+00
263462,1.3578388529398331e+04,4.1328482313349575e+00
263546,1.3578388529398331e+04,4.1328482313349575e+00
263630,1.3578388529398331e+04,4.1328482313349575e+00
263714,1.3578388529398331e+04,4.1328482313349575e+00
263798,1.3578388529398331e+04,4.1328482313349575e+00
263882,1.3578388529398331e+04,4.1328482313349575e+00
263966,1.3578388529398331e+04,4.1328482313349575e+00
264050,1.3578388529398331e+04,4.1328482313349575e+00
264134,1.3578388529398331e+04,4.1328482313349575e+00
264217,1.3578388529398331e+04,4.1328482313349575e+00
264300,1.3578388529398331e+04,4.1328482313349575e+00
264383,1.3578388529398331e+04,4.1328482313349575e+00
264466,1.3578388529398331e+04,4.1328482313349575e+00
264549,1.3578388529398331e+04,4.1328482313349575e+00
264632,1.3578388529398331e+04,4.1328482313349575e+00
264715,1.3578388529398331e+04,4.1328482313349575e+00
264798,1.3578388529398331e+04,4.1328482313349575e+00
264881,1.3578388529398331e+04,4.1328482313349575e+00
264964,1.3578388529398331e+04,4.1328482313349575e+00
265047,1.3578388529398331e+04,4.1328482313349575e+00
265130,1.3578388529398331e+04,4.1328482313349575e+00
265213,1.3578388529398331e+04,4.1328482313349575e+00
265296,1.3578388529398331e+04,4.1328482313349575e+00
265379,1.3578388529398331e+04,4.1328482313349575e+00
265462,1.3578388529398331e+04,4.1328482313349575e+00
265545,1.3578388529398331e+04,4.1328482313349575e+00
265628,1.3578388529398331e+04,4.1328482313349575e+00
265711,1.3578388529398331e+04,4.1328482313349575e+00
265794,1.3578388529398331e+04,4.1328482313349575e+00
265877,1.3578388529398331e+04,4.1328482313349575e+00
265960,1.3578388529398331e+04,4.1328482313349575e+00
266043,1.3578388529398331e+04,4.1328482313349575e+00
266126,1.3578388529398331e+04,4.1328482313349575e+00
266208,1.3578388529398331e+04,4.1328482313349575e+00
266290,1.3578388529398331e+04,4.1328482313349575e+00
266372,1.3578388529398331e+04,4.1328482313349575e+00
266454,1.3578388529398331e+04,4.1328482313349575e+00
266536,1.3578388529398331e+04,4.1328482313349575e+00
266618,1.3578388529398331e+04,4.1328482313349575e+00
266700,1.3578388529398331e+04,4.1328482313349575e+00
266782,1.3578388529398331e+04,4.1328482313349575e+00
266864,1.3578388529398331e+04,4.1328482313349575e+00
266946,1.3578388529398331e+04,4.1328482313349575e+00
267028,1.3578388529398331e+04,4.1328482313349575e+00
267110,1.3578388529398331e+04,4.1328482313349575e+00
267192,1.3578388529398331e+04,4.1328482313349575e+00
267274,1.3578388529398331e+04,4.1328482313349575e+00
267356,1.3578388529398331e+04,4.1328482313349575e+00
267438,1.3578388529398331e+04,4.1328482313349575e+00
267520,1.3578388529398331e+04,4.1328482313349575e+00
267602,1.3578388529398331e+04,4.1328482313349575e+00
267684,1.3578388529398331e+04,4.1328482313349575e+00
267766,1.3578388529398331e+04,4.1328482313349575e+00
267848,1.3578388529398331e+04,4.1328482313349575e+00
267930,1.3578388529398331e+04,4.1328482313349575e+00
268012,1.3578388529398331e+04,4.1328482313349575e+00
268094,1.3578388529398331e+04,4.1328482313349575e+00
268175,1.3578388529398331e+04,4.1328482313349575e+00
268256,1.3578388529398331e+04,4.1328482313349575e+00
268337,1.3578388529398331e+04,4.1328482313349575e+00
268418,1.3578388529398331e+04,4.1328482313349575e+00
268499,1.3578388529398331e+04,4.1328482313349575e+00
268580,1.3578388529398331e+04,4.1328482313349575e+00
268661,1.3578388529398331e+04,4.1328482313349575e+00
268742,1.3578388529398331e+04,4.1328482313349575e+00
268823,1.3578388529398331e+04,4.1328482313349575e+00
268904,1.3578388529398331e+04,4.1328482313349575e+00
268985,1.3578388529398331e+04,4.1328482313349575e+00
269066,1.3578388529398331e+04,4.1328482313349575e+00
269147,1.3578388529398331e+04,4.1328482313349575e+00
269228,1.3578388529398331e+04,4.1328482313349575e+00
269309,1.3578388529398331e+04,4.1328482313349575e+00
269390,1.3578388529398331e+04,4.1328482313349575e+00
269471,1.3578388529398331e+04,4.1328482313349575e+00
269552,1.3578388529398331e+04,4.1328482313349575e+00
269633,1.3578388529398331e+04,4.1328482313349575e+00
269714,1.3578388529398331e+04,4.1328482313349575e+00
269795,1.3578388529398331e+04,4.1328482313349575e+00
269876,1.3578388529398331e+04,4.1328482313349575e+00
269957,1.3578388529398331e+04,4.1328482313349575e+00
270038,1.3578388529398331e+04,4.1328482313349575e+00
270119,1.3578388529398331e+04,4.1328482313349575e+00
270199,1.3578388529398331e+04,4.1328482313349575e+00
270279,1.3578388529398331e+04,4.1328482313349575e+00
270359,1.3578388529398331e+04,4.1328482313349575e+00
270439,1.3578388529398331e+04,4.1328482313349575e+00
270519,1.3578388529398331e+04,4.1328482313349575e+00
270599,1.3578388529398331e+04,4.1328482313349575e+00
270679,1.3578388529398331e+04,4.1328482313349575e+00
270759,1.3578388529398331e+04,4.1328482313349575e+00
270839,1.3578388529398331e+04,4.1328482313349575e+00
270919,1.3578388529398331e+04,4.1328482313349575e+00
270999,1.3578388529398331e+04,4.1328482313349575e+00
271079,1.3578388529398331e+04,4.1328482313349575e+00
271159,1.3578388529398331e+04,4.1328482313349575e+00
271239,1.3578388529398331e+04,4.1328482313349575e+00
271319,1.3578388529398331e+04,4.1328482313349575e+00
271399,1.3578388529398331e+04,4.1328482313349575e+00
271479,1.3578388529398331e+04,4.1328482313349575e+00
271559,1.3578388529398331e+04,4.1328482313349575e+00
271639,1.3578388529398331e+04,4.1328482313349575e+00
271719,1.3578388529398331e+04,4.1328482313349575e+00
271799,1.3578388529398331e+04,4.1328482313349575e+00
271879,1.3578388529398331e+04,4.1328482313349575e+00
271959,1.3578388529398331e+04,4.1328482313349575e+00
272039,1.3578388529398331e+04,4.1328482313349575e+00
272119,1.3578388529398331e+04,4.1328482313349575e+00
272198,1.3578388529398331e+04,4.1328482313349575e+00
272277,1.3578388529398331e+04,4.1328482313349575e+00
272356,1.3578388529398331e+04,4.1328482313349575e+00
272435,1.3578388529398331e+04,4.1328482313349575e+00
272514,1.3578388529398331e+04,4.1328482313349575e+00
272593,1.3578388529398331e+04,4.1328482313349575e+00
272672,1.3578388529398331e+04,4.1328482313349575e+00
272751,1.3578388529398331e+04,4.1328482313349575e+00
272830,1.3578388529398331e+04,4.1328482313349575e+00
272909,1.3578388529398331e+04,4.1328482313349575e+00
272988,1.3578388529398331e+04,4.1328482313349575e+00
273067,1.3578388529398331e+04,4.1328482313349575e+00
273146,1.3578388529398331e+04,4.1328482313349575e+00
273225,1.3578388529398331e+04,4.1328482313349575e+00
273304,1.3578388529398331e+04,4.1328482313349575e+00
273383,1.3578388529398331e+04,4.1328482313349575e+00
273462,1.3578388529398331e+04,4.1328482313349575e+00
273541,1.3578388529398331e+04,4.1328482313349575e+00
273620,1.3578388529398331e+04,4.1328482313349575e+00
273699,1.3578388529398331e+04,4.1328482313349575e+00
273778,1.3578388529398331e+04,4.1328482313349575e+00
273857,1.3578388529398331e+04,4.1328482313349575e+00
273936,1.3578388529398331e+04,4.1328482313349575e+00
274015,1.3578388529398331e+04,4.1328482313349575e+00
274094,1.3578388529398331e+04,4.1328482313349575e+00
274173,1.3578388529398331e+04,4.1328482313349575e+00
274251,1.3578388529398331e+04,4.1328482313349575e+00
274329,1.3578388529398331e+04,4.1328482313349575e+00
274407,1.3578388529398331e+04,4.1328482313349575e+00
274485,1.3578388529398331e+04,4.1328482313349575e+00
274563,1.3578388529398331e+04,4.1328482313349575e+00
274641,1.3578388529398331e+04,4.1328482313349575e+00
274719,1.3578388529398331e+04,4.1328482313349575e+00
274797,1.3578388529398331e+04,4.1328482313349575e+00
274875,1.3578388529398331e+04,4.1328482313349575e+00
274953,1.3578388529398331e+04,4.1328482313349575e+00
275031,1.3578388529398331e+04,4.1328482313349575e+00
275109,1.3578388529398331e+04,4.1328482313349575e+00
275187,1.3578388529398331e+04,4.1328482313349575e+00
275265,1.3578388529398331e+04,4.1328482313349575e+00
275343,1.3578388529398331e+04,4.1328482313349575e+00
275421,1.3578388529398331e+04,4.1328482313349575e+00
275499,1.3578388529398331e+04,4.1328482313349575e+00
275577,1.3578388529398331e+04,4.1328482313349575e+00
275655,1.3578388529398331e+04,4.1328482313349575e+00
275733,1.3578388529398331e+04,4.1328482313349575e+00
275811,1.3578388529398331e+04,4.1328482313349575e+00
275889,1.3578388529398331e+04,4.1328482313349575e+00
275967,1.3578388529398331e+04,4.1328482313349575e+00
276045,1.3578388529398331e+04,4.1328482313349575e+00
276123,1.3578388529398331e+04,4.1328482313349575e+00
276201,1.3578388529398331e+04,4.1328482313349575e+00
276278,1.3578388529398331e+04,4.1328482313349575e+00
276355,1.3578388529398331e+04,4.1328482313349575e+00
276432,1.3578388529398331e+04,4.1328482313349575e+00
276509,1.3578388529398331e+04,4.1328482313349575e+00
276586,1.3578388529398331e+04,4.1328482313349575e+00
276663,1.3578388529398331e+04,4.1328482313349575e+00
276740,1.3578388529398331e+04,4.1328482313349575e+00
276817,1.3578388529398331e+04,4.1328482313349575e+00
276894,1.3578388529398331e+04,4.1328482313349575e+00
276971,1.3578388529398331e+04,4.1328482313349575e+00
277048,1.3578388529398331e+04,4.1328482313349575e+00
277125,1.3578388529398331e+04,4.1328482313349575e+00
277202,1.3578388529398331e+04,4.1328482313349575e+00
277279,1.3578388529398331e+04,4.1328482313349575e+00
277356,1.3578388529398331e+04,4.1328482313349575e+00
277433,1.3578388529398331e+04,4.1328482313349575e+00
277510,1.3578388529398331e+04,4.1328482313349575e+00
277587,1.3578388529398331e+04,4.1328482313349575e+00
277664,1.3578388529398331e+04,4.1328482313349575e+00
277741,1.3578388529398331e+04,4.1328482313349575e+00
277818,1.3578388529398331e+04,4.1328482313349575e+00
277895,1.3578388529398331e+04,4.1328482313349575e+00
277972,1.3578388529398331e+04,4.1328482313349575e+00
278049,1.3578388529398331e+04,4.1328482313349575e+00
278126,1.3578388529398331e+04,4.1328482313349575e+00
278203,1.3578388529398331e+04,4.1328482313349575e+00
278280,1.3578388529398331e+04,4.1328482313349575e+00
278356,1.3578388529398331e+04,4.1328482313349575e+00
278432,1.3578388529398331e+04,4.1328482313349575e+00
278508,1.3578388529398331e+04,4.1328482313349575e+00
278584,1.3578388529398331e+04,4.1328482313349575e+00
278660,1.3578388529398331e+04,4.1328482313349575e+00
278736,1.3578388529398331e+04,4.1328482313349575e+00
278812,1.3578388529398331e+04,4.1328482313349575e+00
278888,1.3578388529398331e+04,4.1328482313349575e+00
278964,1.3578388529398331e+04,4.1328482313349575e+00
279040,1.3578388529398331e+04,4.1328482313349575e+00
279116,1.3578388529398331e+04,4.1328482313349575e+00
279192,1.3578388529398331e+04,4.1328482313349575e+00
279268,1.3578388529398331e+04,4.1328482313349575e+00
279344,1.3578388529398331e+04,4.1328482313349575e+00
279420,1.3578388529398331e+04,4.1328482313349575e+00
279496,1.3578388529398331e+04,4.1328482313349575e+00
279572,1.3578388529398331e+04,4.1328482313349575e+00
279648,1.3578388529398331e+04,4.1328482313349575e+00
279724,1.3578388529398331e+04,4.1328482313349575e+00
279800,1.3578388529398331e+04,4.1328482313349575e+00
279876,1.3578388529398331e+04,4.1328482313349575e+00
279952,1.3578388529398331e+04,4.1328482313349575e+00
280028,1.3578388529398331e+04,4.1328482313349575e+00
280104,1.3578388529398331e+04,4.1328482313349575e+00
280180,1.3578388529398331e+04,4.1328482313349575e+00
280256,1.3578388529398331e+04,4.1328482313349575e+00
280332,1.3578388529398331e+04,4.1328482313349575e+00
280408,1.3578388529398331e+04,4.1328482313349575e+00
280483,1.3578388529398331e+04,4.1328482313349575e+00
280558,1.3578388529398331e+04,4.1328482313349575e+00
280633,1.3578388529398331e+04,4.1328482313349575e+00
280708,1.3578388529398331e+04,4.1328482313349575e+00
280783,1.3578388529398331e+04,4.1328482313349575e+00
280858,1.3578388529398331e+04,4.1328482313349575e+00
280933,1.3578388529398331e+04,4.1328482313349575e+00
281008,1.3578388529398331e+04,4.1328482313349575e+00
281083,1.3578388529398331e+04,4.1328482313349575e+00
281158,1.3578388529398331e+04,4.1328482313349575e+00
281233,1.3578388529398331e+04,4.1328482313349575e+00
281308,1.3578388529398331e+04,4.1328482313349575e+00
281383,1.3578388529398331e+04,4.1328482313349575e+00
281458,1.3578388529398331e+04,4.1328482313349575e+00
281533,1.3578388529398331e+04,4.1328482313349575e+00
281608,1.3578388529398331e+04,4.1328482313349575e+00
281683,1.3578388529398331e+04,4.1328482313349575e+00
281758,1.3578388529398331e+04,4.1328482313349575e+00
281833,1.3578388529398331e+04,4.1328482313349575e+00
281908,1.3578388529398331e+04,4.1328482313349575e+00
281983,1.3578388529398331e+04,4.1328482313349575e+00
282058,1.3578388529398331e+04,4.1328482313349575e+00
282133,1.3578388529398331e+04,4.1328482313349575e+00
282208,1.3578388529398331e+04,4.1328482313349575e+00
282283,1.3578388529398331e+04,4.1328482313349575e+00
282358,1.3578388529398331e+04,4.1328482313349575e+00
282433,1.3578388529398331e+04,4.1328482313349575e+00
282508,1.3578388529398331e+04,4.1328482313349575e+00
282582,1.3578388529398331e+04,4.1328482313349575e+00
282656,1.3578388529398331e+04,4.1328482313349575e+00
282730,1.3578388529398331e+04,4.1328482313349575e+00
282804,1.3578388529398331e+04,4.1328482313349575e+00
282878,1.3578388529398331e+04,4.1328482313349575e+00
282952,1.3578388529398331e+04,4.1328482313349575e+00
283026,1.3578388529398331e+04,4.1328482313349575e+00
283100,1.3578388529398331e+04,4.1328482313349575e+00
283174,1.3578388529398331e+04,4.1328482313349575e+00
283248,1.3578388529398331e+04,4.1328482313349575e+00
283322,1.3578388529398331e+04,4.1328482313349575e+00
283396,1.3578388529398331e+04,4.1328482313349575e+00
283470,1.3578388529398331e+04,4.1328482313349575e+00
283544,1.3578388529398331e+04,4.1328482313349575e+00
283618,1.3578388529398331e+04,4.1328482313349575e+00
283692,1.3578388529398331e+04,4.1328482313349575e+00
283766,1.3578388529398331e+04,4.1328482313349575e+00
283840,1.3578388529398331e+04,4.1328482313349575e+00
283914,1.3578388529398331e+04,4.1328482313349575e+00
283988,1.3578388529398331e+04,4.1328482313349575e+00
284062,1.3578388529398331e+04,4.1328482313349575e+00
284136,1.3578388529398331e+04,4.1328482313349575e+00
284210,1.3578388529398331e+04,4.1328482313349575e+00
284284,1.3578388529398331e+04,4.1328482313349575e+00
284358,1.3578388529398331e+04,4.1328482313349575e+00
284432,1.3578388529398331e+04,4.1328482313349575e+00
284506,1.3578388529398331e+04,4.1328482313349575e+00
284580,1.3578388529398331e+04,4.1328482313349575e+00
284654,1.3578388529398331e+04,4.1328482313349575e+00
284727,1.3578388529398331e+04,4.1328482313349575e+00
284800,1.3578388529398331e+04,4.1328482313349575e+00
284873,1.3578388529398331e+04,4.1328482313349575e+00
284946,1.3578388529398331e+04,4.1328482313349575e+00
285019,1.3578388529398331e+04,4.1328482313349575e+00
285092,1.3578388529398331e+04,4.1328482313349575e+00
285165,1.3578388529398331e+04,4.1328482313349575e+00
285238,1.3578388529398331e+04,4.1328482313349575e+00
285311,1.3578388529398331e+04,4.1328482313349575e+00
285384,1.3578388529398331e+04,4.1328482313349575e+00
285457,1.3578388529398331e+04,4.1328482313349575e+00
285530,1.3578388529398331e+04,4.1328482313349575e+00
285603,1.3578388529398331e+04,4.1328482313349575e+00
285676,1.3578388529398331e+04,4.1328482313349575e+00
285749,1.3578388529398331e+04,4.1328482313349575e+00
285822,1.3578388529398331e+04,4.1328482313349575e+00
285895,1.3578388529398331e+04,4.1328482313349575e+00
285968,1.3578388529398331e+04,4.1328482313349575e+00
286041,1.3578388529398331e+04,4.1328482313349575e+00
286114,1.3578388529398331e+04,4.1328482313349575e+00
286187,1.3578388529398331e+04,4.1328482313349575e+00
286260,1.3578388529398331e+04,4.1328482313349575e+00
286333,1.3578388529398331e+04,4.1328482313349575e+00
286406,1.3578388529398331e+04,4.1328482313349575e+00
286479,1.3578388529398331e+04,4.1328482313349575e+00
286552,1.3578388529398331e+04,4.1328482313349575e+00
286625,1.3578388529398331e+04,4.1328482313349575e+00
286698,1.3578388529398331e+04,4.1328482313349575e+00
286771,1.3578388529398331e+04,4.1328482313349575e+00
286843,1.3578388529398331e+04,4.1328482313349575e+00
286915,1.3578388529398331e+04,4.1328482313349575e+00
286987,1.3578388529398331e+04,4.1328482313349575e+00
287059,1.3578388529398331e+04,4.1328482313349575e+00
287131,1.3578388529398331e+04,4.1328482313349575e+00
287203,1.3578388529398331e+04,4.1328482313349575e+00
287275,1.3578388529398331e+04,4.1328482313349575e+00
287347,1.3578388529398331e+04,4.1328482313349575e+00
287419,1.3578388529398331e+04,4.1328482313349575e+00
287491,1.3578388529398331e+04,4.1328482313349575e+00
287563,1.3578388529398331e+04,4.1328482313349575e+00
287635,1.3578388529398331e+04,4.1328482313349575e+00
287707,1.3578388529398331e+04,4.1328482313349575e+00
287779,1.3578388529398331e+04,4.1328482313349575e+00
287851,1.3578388529398331e+04,4.1328482313349575e+00
287923,1.3578388529398331e+04,4.1328482313349575e+00
287995,1.3578388529398331e+04,4.1328482313349575e+00
288067,1.3578388529398331e+04,4.1328482313349575e+00
288139,1.3578388529398331e+04,4.1328482313349575e+00
288211,1.3578388529398331e+04,4.1328482313349575e+00
288283,1.3578388529398331e+04,4.1328482313349575e+00
288355,1.3578388529398331e+04,4.1328482313349575e+00
288427,1.3578388529398331e+04,4.1328482313349575e+00
288499,1.3578388529398331e+04,4.1328482313349575e+00
288571,1.3578388529398331e+04,4.1328482313349575e+00
288643,1.3578388529398331e+04,4.1328482313349575e+00
288715,1.3578388529398331e+04,4.1328482313349575e+00
288787,1.3578388529398331e+04,4.1328482313349575e+00
288859,1.3578388529398331e+04,4.1328482313349575e+00
288931,1.3578388529398331e+04,4.1328482313349575e+00
289002,1.3578388529398331e+04,4.1328482313349575e+00
289073,1.3578388529398331e+04,4.1328482313349575e+00
289144,1.3578388529398331e+04,4.1328482313349575e+00
289215,1.3578388529398331e+04,4.1328482313349575e+00
289286,1.3578388529398331e+04,4.1328482313349575e+00
289357,1.3578388529398331e+04,4.1328482313349575e+00
289428,1.3578388529398331e+04,4.1328482313349575e+00
289499,1.3578388529398331e+04,4.1328482313349575e+00
289570,1.3578388529398331e+04,4.1328482313349575e+00
289641,1.3578388529398331e+04,4.1328482313349575e+00
289712,1.3578388529398331e+04,4.1328482313349575e+00
289783,1.3578388529398331e+04,4.1328482313349575e+00
289854,1.3578388529398331e+04,4.1328482313349575e+00
289925,1.3578388529398331e+04,4.1328482313349575e+00
289996,1.3578388529398331e+04,4.1328482313349575e+00
290067,1.3578388529398331e+04,4.1328482313349575e+00
290138,1.3578388529398331e+04,4.1328482313349575e+00
290209,1.3578388529398331e+04,4.1328482313349575e+00
290280,1.3578388529398331e+04,4.1328482313349575e+00
290351,1.3578388529398331e+04,4.1328482313349575e+00
290422,1.3578388529398331e+04,4.1328482313349575e+00
290493,1.3578388529398331e+04,4.1328482313349575e+00
290564,1.3578388529398331e+04,4.1328482313349575e+00
290635,1.3578388529398331e+04,4.1328482313349575e+00
290706,1.3578388529398331e+04,4.1328482313349575e+00
290777,1.3578388529398331e+04,4.1328482313349575e+00
290848,1.3578388529398331e+04,4.1328482313349575e+00
290919,1.3578388529398331e+04,4.1328482313349575e+00
290990,1.3578388529398331e+04,4.1328482313349575e+00
291061,1.3578388529398331e+04,4.1328482313349575e+00
291132,1.3578388529398331e+04,4.1328482313349575e+00
291202,1.3578388529398331e+04,4.1328482313349575e+00
291272,1.3578388529398331e+04,4.1328482313349575e+00
291342,1.3578388529398331e+04,4.1328482313349575e+00
291412,1.3578388529398331e+04,4.1328482313349575e+00
291482,1.3578388529398331e+04,4.1328482313349575e+00
291552,1.3578388529398331e+04,4.1328482313349575e+00
291622,1.3578388529398331e+04,4.1328482313349575e+00
291692,1.3578388529398331e+04,4.1328482313349575e+00
291762,1.3578388529398331e+04,4.1328482313349575e+00
291832,1.3578388529398331e+04,4.1328482313349575e+00
291902,1.3578388529398331e+04,4.1328482313349575e+00
291972,1.3578388529398331e+04,4.1328482313349575e+00
292042,1.3578388529398331e+04,4.1328482313349575e+00
292112,1.3578388529398331e+04,4.1328482313349575e+00
292182,1.3578388529398331e+04,4.1328482313349575e+00
292252,1.3578388529398331e+04,4.1328482313349575e+00
292322,1.3578388529398331e+04,4.1328482313349575e+00
292392,1.3578388529398331e+04,4.1328482313349575e+00
292462,1.3578388529398331e+04,4.1328482313349575e+00
292532,1.3578388529398331e+04,4.1328482313349575e+00
292602,1.3578388529398331e+04,4.1328482313349575e+00
292672,1.3578388529398331e+04,4.1328482313349575e+00
292742,1.3578388529398331e+04,4.1328482313349575e+00
292812,1.3578388529398331e+04,4.1328482313349575e+00
292882,1.3578388529398331e+04,4.1328482313349575e+00
292952,1.3578388529398331e+04,4.1328482313349575e+00
293022,1.3578388529398331e+04,4.1328482313349575e+00
293092,1.3578388529398331e+04,4.1328482313349575e+00
293162,1.3578388529398331e+04,4.1328482313349575e+00
293232,1.3578388529398331e+04,4.1328482313349575e+00
293302,1.3578388529398331e+04,4.1328482313349575e+00
293372,1.3578388529398331e+04,4.1328482313349575e+00
293441,1.3578388529398331e+04,4.1328482313349575e+00
293510,1.3578388529398331e+04,4.1328482313349575e+00
293579,1.3578388529398331e+04,4.1328482313349575e+00
293648,1.3578388529398331e+04,4.1328482313349575e+00
293717,1.3578388529398331e+04,4.1328482313349575e+00
293786,1.3578388529398331e+04,4.1328482313349575e+00
293855,1.3578388529398331e+04,4.1328482313349575e+00
293924,1.3578388529398331e+04,4.1328482313349575e+00
293993,1.3578388529398331e+04,4.1328482313349575e+00
294062,1.3578388529398331e+04,4.1328482313349575e+00
294131,1.3578388529398331e+04,4.1328482313349575e+00
294200,1.3578388529398331e+04,4.1328482313349575e+00
294269,1.3578388529398331e+04,4.1328482313349575e+00
294338,1.3578388529398331e+04,4.1328482313349575e+00
294407,1.3578388529398331e+04,4.1328482313349575e+00
294476,1.3578388529398331e+04,4.1328482313349575e+00
294545,1.3578388529398331e+04,4.1328482313349575e+00
294614,1.3578388529398331e+04,4.1328482313349575e+00
294683,1.3578388529398331e+04,4.1328482313349575e+00
294752,1.3578388529398331e+04,4.1328482313349575e+00
294821,1.3578388529398331e+04,4.1328482313349575e+00
294890,1.3578388529398331e+04,4.1328482313349575e+00
294959,1.3578388529398331e+04,4.1328482313349575e+00
295028,1.3578388529398331e+04,4.1328482313349575e+00
295097,1.3578388529398331e+04,4.1328482313349575e+00
295166,1.3578388529398331e+04,4.1328482313349575e+00
295235,1.3578388529398331e+04,4.1328482313349575e+00
295304,1.3578388529398331e+04,4.1328482313349575e+00
295373,1.3578388529398331e+04,4.1328482313349575e+00
295442,1.3578388529398331e+04,4.1328482313349575e+00
295511,1.3578388529398331e+04,4.1328482313349575e+00
295580,1.3578388529398331e+04,4.1328482313349575e+00
295649,1.3578388529398331e+04,4.1328482313349575e+00
295717,1.3578388529398331e+04,4.1328482313349575e+00
295785,1.3578388529398331e+04,4.1328482313349575e+00
295853,1.3578388529398331e+04,4.1328482313349575e+00
295921,1.3578388529398331e+04,4.1328482313349575e+00
295989,1.3578388529398331e+04,4.1328482313349575e+00
296057,1.3578388529398331e+04,4.1328482313349575e+00
296125,1.3578388529398331e+04,4.1328482313349575e+00
296193,1.3578388529398331e+04,4.1328482313349575e+00
296261,1.3578388529398331e+04,4.1328482313349575e+00
296329,1.3578388529398331e+04,4.1328482313349575e+00
296397,1.3578388529398331e+04,4.1328482313349575e+00
296465,1.3578388529398331e+04,4.1328482313349575e+00
296533,1.3578388529398331e+04,4.1328482313349575e+00
296601,1.3578388529398331e+04,4.1328482313349575e+00
296669,1.3578388529398331e+04,4.1328482313349575e+00
296737,1.3578388529398331e+04,4.1328482313349575e+00
296805,1.3578388529398331e+04,4.1328482313349575e+00
296873,1.3578388529398331e+04,4.1328482313349575e+00
296941,1.3578388529398331e+04,4.1328482313349575e+00
297009,1.3578388529398331e+04,4.1328482313349575e+00
297077,1.3578388529398331e+04,4.1328482313349575e+00
297145,1.3578388529398331e+04,4.1328482313349575e+00
297213,1.3578388529398331e+04,4.1328482313349575e+00
297281,1.3578388529398331e+04,4.1328482313349575e+00
297349,1.3578388529398331e+04,4.1328482313349575e+00
297417,1.3578388529398331e+04,4.1328482313349575e+00
297485,1.3578388529398331e+04,4.1328482313349575e+00
297553,1.3578388529398331e+04,4.1328482313349575e+00
297621,1.3578388529398331e+04,4.1328482313349575e+00
297689,1.3578388529398331e+04,4.1328482313349575e+00
297757,1.3578388529398331e+04,4.1328482313349575e+00
297825,1.3578388529398331e+04,4.1328482313349575e+00
297893,1.3578388529398331e+04,4.1328482313349575e+00
297960,1.3578388529398331e+04,4.1328482313349575e+00
298027,1.3578388529398331e+04,4.1328482313349575e+00
298094,1.3578388529398331e+04,4.1328482313349575e+00
298161,1.3578388529398331e+04,4.1328482313349575e+00
298228,1.3578388529398331e+04,4.1328482313349575e+00
298295,1.3578388529398331e+04,4.1328482313349575e+00
298362,1.3578388529398331e+04,4.1328482313349575e+00
298429,1.3578388529398331e+04,4.1328482313349575e+00
298496,1.3578388529398331e+04,4.1328482313349575e+00
298563,1.3578388529398331e+04,4.1328482313349575e+00
298630,1.3578388529398331e+04,4.1328482313349575e+00
298697,1.3578388529398331e+04,4.1328482313349575e+00
298764,1.3578388529398331e+04,4.1328482313349575e+00
298831,1.3578388529398331e+04,4.1328482313349575e+00
298898,1.3578388529398331e+04,4.1328482313349575e+00
298965,1.3578388529398331e+04,4.1328482313349575e+00
299032,1.3578388529398331e+04,4.1328482313349575e+00
299099,1.3578388529398331e+04,4.1328482313349575e+00
299166,1.3578388529398331e+04,4.1328482313349575e+00
299233,1.3578388529398331e+04,4.1328482313349575e+00
299300,1.3578388529398331e+04,4.1328482313349575e+00
299367,1.3578388529398331e+04,4.1328482313349575e+00
299434,1.3578388529398331e+04,4.1328482313349575e+00
299501,1.3578388529398331e+04,4.1328482313349575e+00
299568,1.3578388529398331e+04,4.1328482313349575e+00
299635,1.3578388529398331e+04,4.1328482313349575e+00
299702,1.3578388529398331e+04,4.1328482313349575e+00
299769,1.3578388529398331e+04,4.1328482313349575e+00
299836,1.3578388529398331e+04,4.1328482313349575e+00
299903,1.3578388529398331e+04,4.1328482313349575e+00
299970,1.3578388529398331e+04,4.1328482313349575e+00
300037,1.3578388529398331e+04,4.1328482313349575e+00
300104,1.3578388529398331e+04,4.1328482313349575e+00
300171,1.3578388529398331e+04,4.1328482313349575e+00
300238,1.3578388529398331e+04,4.1328482313349575e+00
300304,1.3578388529398331e+04,4.1328482313349575e+00
300370,1.3578388529398331e+04,4.1328482313349575e+00
300436,1.3578388529398331e+04,4.1328482313349575e+00
300502,1.3578388529398331e+04,4.1328482313349575e+00
300568,1.3578388529398331e+04,4.1328482313349575e+00
300634,1.3578388529398331e+04,4.1328482313349575e+00
300700,1.3578388529398331e+04,4.1328482313349575e+00
300766,1.3578388529398331e+04,4.1328482313349575e+00
300832,1.3578388529398331e+04,4.1328482313349575e+00
300898,1.3578388529398331e+04,4.1328482313349575e+00
300964,1.3578388529398331e+04,4.1328482313349575e+00
301030,1.3578388529398331e+04,4.1328482313349575e+00
301096,1.3578388529398331e+04,4.1328482313349575e+00
301162,1.3578388529398331e+04,4.1328482313349575e+00
301228,1.3578388529398331e+04,4.1328482313349575e+00
301294,1.3578388529398331e+04,4.1328482313349575e+00
301360,1.3578388529398331e+04,4.1328482313349575e+00
301426,1.3578388529398331e+04,4.1328482313349575e+00
301492,1.3578388529398331e+04,4.1328482313349575e+00
301558,1.3578388529398331e+04,4.1328482313349575e+00
301624,1.3578388529398331e+04,4.1328482313349575e+00
301690,1.3578388529398331e+04,4.1328482313349575e+00
301756,1.3578388529398331e+04,4.1328482313349575e+00
301822,1.3578388529398331e+04,4.1328482313349575e+00
301888,1.3578388529398331e+04,4.1328482313349575e+00
301954,1.3578388529398331e+04,4.1328482313349575e+00
302020,1.3578388529398331e+04,4.1328482313349575e+00
302086,1.3578388529398331e+04,4.1328482313349575e+00
302152,1.3578388529398331e+04,4.1328482313349575e+00
302218,1.3578388529398331e+04,4.1328482313349575e+00
302284,1.3578388529398331e+04,4.1328482313349575e+00
302350,1.3578388529398331e+04,4.1328482313349575e+00
302416,1.3578388529398331e+04,4.1328482313349575e+00
302482,1.3578388529398331e+04,4.1328482313349575e+00
302548,1.3578388529398331e+04,4.1328482313349575e+00
302613,1.3578388529398331e+04,4.1328482313349575e+00
302678,1.3578388529398331e+04,4.1328482313349575e+00
302743,1.3578388529398331e+04,4.1328482313349575e+00
302808,1.3578388529398331e+04,4.1328482313349575e+00
302873,1.3578388529398331e+04,4.1328482313349575e+00
302938,1.3578388529398331e+04,4.1328482313349575e+00
303003,1.3578388529398331e+04,4.1328482313349575e+00
303068,1.3578388529398331e+04,4.1328482313349575e+00
303133,1.3578388529398331e+04,4.1328482313349575e+00
303198,1.3578388529398331e+04,4.1328482313349575e+00
303263,1.3578388529398331e+04,4.1328482313349575e+00
303328,1.3578388529398331e+04,4.1328482313349575e+00
303393,1.3578388529398331e+04,4.1328482313349575e+00
303458,1.3578388529398331e+04,4.1328482313349575e+00
303523,1.3578388529398331e+04,4.1328482313349575e+00
303588,1.3578388529398331e+04,4.1328482313349575e+00
303653,1.3578388529398331e+04,4.1328482313349575e+00
303718,1.3578388529398331e+04,4.1328482313349575e+00
303783,1.3578388529398331e+04,4.1328482313349575e+00
303848,1.3578388529398331e+04,4.1328482313349575e+00
303913,1.3578388529398331e+04,4.1328482313349575e+00
303978,1.3578388529398331e+04,4.1328482313349575e+00
304043,1.3578388529398331e+04,4.1328482313349575e+00
304108,1.3578388529398331e+04,4.1328482313349575e+00
304173,1.3578388529398331e+04,4.1328482313349575e+00
304238,1.3578388529398331e+04,4.1328482313349575e+00
304303,1.3578388529398331e+04,4.1328482313349575e+00
304368,1.3578388529398331e+04,4.1328482313349575e+00
304433,1.3578388529398331e+04,4.1328482313349575e+00
304498,1.3578388529398331e+04,4.1328482313349575e+00
304563,1.3578388529398331e+04,4.1328482313349575e+00
304628,1.3578388529398331e+04,4.1328482313349575e+00
304693,1.3578388529398331e+04,4.1328482313349575e+00
304758,1.3578388529398331e+04,4.1328482313349575e+00
304823,1.3578388529398331e+04,4.1328482313349575e+00
304888,1.3578388529398331e+04,4.1328482313349575e+00
304952,1.3578388529398331e+04,4.1328482313349575e+00
305016,1.3578388529398331e+04,4.1328482313349575e+00
305080,1.3578388529398331e+04,4.1328482313349575e+00
305144,1.3578388529398331e+04,4.1328482313349575e+00
305208,1.3578388529398331e+04,4.1328482313349575e+00
305272,1.3578388529398331e+04,4.1328482313349575e+00
305336,1.3578388529398331e+04,4.1328482313349575e+00
305400,1.3578388529398331e+04,4.1328482313349575e+00
305464,1.3578388529398331e+04,4.1328482313349575e+00
305528,1.3578388529398331e+04,4.1328482313349575e+00
305592,1.3578388529398331e+04,4.1328482313349575e+00
305656,1.3578388529398331e+04,4.1328482313349575e+00
305720,1.3578388529398331e+04,4.1328482313349575e+00
305784,1.3578388529398331e+04,4.1328482313349575e+00
305848,1.3578388529398331e+04,4.1328482313349575e+00
305912,1.3578388529398331e+04,4.1328482313349575e+00
305976,1.3578388529398331e+04,4.1328482313349575e+00
306040,1.3578388529398331e+04,4.1328482313349575e+00
306104,1.3578388529398331e+04,4.1328482313349575e+00
306168,1.3578388529398331e+04,4.1328482313349575e+00
306232,1.3578388529398331e+04,4.1328482313349575e+00
306296,1.3578388529398331e+04,4.1328482313349575e+00
306360,1.3578388529398331e+04,4.1328482313349575e+00
306424,1.3578388529398331e+04,4.1328482313349575e+00
306488,1.3578388529398331e+04,4.1328482313349575e+00
306552,1.3578388529398331e+04,4.1328482313349575e+00
306616,1.3578388529398331e+04,4.1328482313349575e+00
306680,1.3578388529398331e+04,4.1328482313349575e+00
306744,1.3578388529398331e+04,4.1328482313349575e+00
306808,1.3578388529398331e+04,4.1328482313349575e+00
306872,1.3578388529398331e+04,4.1328482313349575e+00
306936,1.3578388529398331e+04,4.1328482313349575e+00
307000,1.3578388529398331e+04,4.1328482313349575e+00
307064,1.3578388529398331e+04,4.1328482313349575e+00
307128,1.3578388529398331e+04,4.1328482313349575e+00
307192,1.3578388529398331e+04,4.1328482313349575e+00
307256,1.3578388529398331e+04,4.1328482313349575e+00
307320,1.3578388529398331e+04,4.1328482313349575e+00
307383,1.3578388529398331e+04,4.1328482313349575e+00
307446,1.3578388529398331e+04,4.1328482313349575e+00
307509,1.3578388529398331e+04,4.1328482313349575e+00
307572,1.3578388529398331e+04,4.1328482313349575e+00
307635,1.3578388529398331e+04,4.1328482313349575e+00
307698,1.3578388529398331e+04,4.1328482313349575e+00
307761,1.3578388529398331e+04,4.1328482313349575e+00
307824,1.3578388529398331e+04,4.1328482313349575e+00
307887,1.3578388529398331e+04,4.1328482313349575e+00
307950,1.3578388529398331e+04,4.1328482313349575e+00
308013,1.3578388529398331e+04,4.1328482313349575e+00
308076,1.3578388529398331e+04,4.1328482313349575e+00
308139,1.3578388529398331e+04,4.1328482313349575e+00
308202,1.3578388529398331e+04,4.1328482313349575e+00
308265,1.3578388529398331e+04,4.1328482313349575e+00
308328,1.3578388529398331e+04,4.1328482313349575e+00
308391,1.3578388529398331e+04,4.1328482313349575e+00
308454,1.3578388529398331e+04,4.1328482313349575e+00
308517,1.3578388529398331e+04,4.1328482313349575e+00
308580,1.3578388529398331e+04,4.1328482313349575e+00
308643,1.3578388529398331e+04,4.1328482313349575e+00
308706,1.3578388529398331e+04,4.1328482313349575e+00
308769,1.3578388529398331e+04,4.1328482313349575e+00
308832,1.3578388529398331e+04,4.1328482313349575e+00
308895,1.3578388529398331e+04,4.1328482313349575e+00
308958,1.3578388529398331e+04,4.1328482313349575e+00
309021,1.3578388529398331e+04,4.1328482313349575e+00
309084,1.3578388529398331e+04,4.1328482313349575e+00
309147,1.3578388529398331e+04,4.1328482313349575e+00
309210,1.3578388529398331e+04,4.1328482313349575e+00
309273,1.3578388529398331e+04,4.1328482313349575e+00
309336,1.3578388529398331e+04,4.1328482313349575e+00
309399,1.3578388529398331e+04,4.1328482313349575e+00
309462,1.3578388529398331e+04,4.1328482313349575e+00
309525,1.3578388529398331e+04,4.1328482313349575e+00
309588,1.3578388529398331e+04,4.1328482313349575e+00
309651,1.3578388529398331e+04,4.1328482313349575e+00
309714,1.3578388529398331e+04,4.1328482313349575e+00
309776,1.3578388529398331e+04,4.1328482313349575e+00
309838,1.3578388529398331e+04,4.1328482313349575e+00
309900,1.3578388529398331e+04,4.1328482313349575e+00
309962,1.3578388529398331e+04,4.1328482313349575e+00
310024,1.3578388529398331e+04,4.1328482313349575e+00
310086,1.3578388529398331e+04,4.1328482313349575e+00
310148,1.3578388529398331e+04,4.1328482313349575e+00
310210,1.3578388529398331e+04,4.1328482313349575e+00
310272,1.3578388529398331e+04,4.1328482313349575e+00
310334,1.3578388529398331e+04,4.1328482313349575e+00
310396,1.3578388529398331e+04,4.1328482313349575e+00
310458,1.3578388529398331e+04,4.1328482313349575e+00
310520,1.3578388529398331e+04,4.1328482313349575e+00
310582,1.3578388529398331e+04,4.1328482313349575e+00
310644,1.3578388529398331e+04,4.1328482313349575e+00
310706,1.3578388529398331e+04,4.1328482313349575e+00
310768,1.3578388529398331e+04,4.1328482313349575e+00
310830,1.3578388529398331e+04,4.1328482313349575e+00
310892,1.3578388529398331e+04,4.1328482313349575e+00
310954,1.3578388529398331e+04,4.1328482313349575e+00
311016,1.3578388529398331e+04,4.1328482313349575e+00
311078,1.3578388529398331e+04,4.1328482313349575e+00
311140,1.3578388529398331e+04,4.1328482313349575e+00
311202,1.3578388529398331e+04,4.1328482313349575e+00
311264,1.3578388529398331e+04,4.1328482313349575e+00
311326,1.3578388529398331e+04,4.1328482313349575e+00
311388,1.3578388529398331e+04,4.1328482313349575e+00
311450,1.3578388529398331e+04,4.1328482313349575e+00
311512,1.3578388529398331e+04,4.1328482313349575e+00
311574,1.3578388529398331e+04,4.1328482313349575e+00
311636,1.3578388529398331e+04,4.1328482313349575e+00
311698,1.3578388529398331e+04,4.1328482313349575e+00
311760,1.3578388529398331e+04,4.1328482313349575e+00
311822,1.3578388529398331e+04,4.1328482313349575e+00
311884,1.3578388529398331e+04,4.1328482313349575e+00
311946,1.3578388529398331e+04,4.1328482313349575e+00
312008,1.3578388529398331e+04,4.1328482313349575e+00
312070,1.3578388529398331e+04,4.1328482313349575e+00
312132,1.3578388529398331e+04,4.1328482313349575e+00
312194,1.3578388529398331e+04,4.1328482313349575e+00
312255,1.3578388529398331e+04,4.1328482313349575e+00
312316,1.3578388529398331e+04,4.1328482313349575e+00
312377,1.3578388529398331e+04,4.1328482313349575e+00
312438,1.3578388529398331e+04,4.1328482313349575e+00
312499,1.3578388529398331e+04,4.1328482313349575e+00
312560,1.3578388529398331e+04,4.1328482313349575e+00
312621,1.3578388529398331e+04,4.1328482313349575e+00
312682,1.3578388529398331e+04,4.1328482313349575e+00
312743,1.3578388529398331e+04,4.1328482313349575e+00
312804,1.3578388529398331e+04,4.1328482313349575e+00
312865,1.3578388529398331e+04,4.1328482313349575e+00
312926,1.3578388529398331e+04,4.1328482313349575e+00
312987,1.3578388529398331e+04,4.1328482313349575e+00
313048,1.3578388529398331e+04,4.1328482313349575e+00
313109,1.3578388529398331e+04,4.1328482313349575e+00
313170,1.3578388529398331e+04,4.1328482313349575e+00
313231,1.3578388529398331e+04,4.1328482313349575e+00
313292,1.3578388529398331e+04,4.1328482313349575e+00
313353,1.3578388529398331e+04,4.1328482313349575e+00
313414,1.3578388529398331e+04,4.1328482313349575e+00
313475,1.3578388529398331e+04,4.1328482313349575e+00
313536,1.3578388529398331e+04,4.1328482313349575e+00
313597,1.3578388529398331e+04,4.1328482313349575e+00
313658,1.3578388529398331e+04,4.1328482313349575e+00
313719,1.3578388529398331e+04,4.1328482313349575e+00
313780,1.3578388529398331e+04,4.1328482313349575e+00
313841,1.3578388529398331e+04,4.1328482313349575e+00
313902,1.3578388529398331e+04,4.1328482313349575e+00
313963,1.3578388529398331e+04,4.1328482313349575e+00
314024,1.3578388529398331e+04,4.1328482313349575e+00
314085,1.3578388529398331e+04,4.1328482313349575e+00
314146,1.3578388529398331e+04,4.1328482313349575e+00
314207,1.3578388529398331e+04,4.1328482313349575e+00
314268,1.3578388529398331e+04,4.1328482313349575e+00
314329,1.3578388529398331e+04,4.1328482313349575e+00
314390,1.3578388529398331e+04,4.1328482313349575e+00
314451,1.3578388529398331e+04,4.1328482313349575e+00
314512,1.3578388529398331e+04,4.1328482313349575e+00
314573,1.3578388529398331e+04,4.1328482313349575e+00
314634,1.3578388529398331e+04,4.1328482313349575e+00
314695,1.3578388529398331e+04,4.1328482313349575e+00
314755,1.3578388529398331e+04,4.1328482313349575e+00
314815,1.3578388529398331e+04,4.1328482313349575e+00
314875,1.3578388529398331e+04,4.1328482313349575e+00
314935,1.3578388529398331e+04,4.1328482313349575e+00
314995,1.3578388529398331e+04,4.1328482313349575e+00
315055,1.3578388529398331e+04,4.1328482313349575e+00
315115,1.3578388529398331e+04,4.1328482313349575e+00
315175,1.3578388529398331e+04,4.1328482313349575e+00
315235,1.3578388529398331e+04,4.1328482313349575e+00
315295,1.3578388529398331e+04,4.1328482313349575e+00
315355,1.3578388529398331e+04,4.1328482313349575e+00
315415,1.3578388529398331e+04,4.1328482313349575e+00
315475,1.3578388529398331e+04,4.1328482313349575e+00
315535,1.3578388529398331e+04,4.1328482313349575e+00
315595,1.3578388529398331e+04,4.1328482313349575e+00
315655,1.3578388529398331e+04,4.1328482313349575e+00
315715,1.3578388529398331e+04,4.1328482313349575e+00
315775,1.3578388529398331e+04,4.1328482313349575e+00
315835,1.3578388529398331e+04,4.1328482313349575e+00
315895,1.3578388529398331e+04,4.1328482313349575e+00
315955,1.3578388529398331e+04,4.1328482313349575e+00
316015,1.3578388529398331e+04,4.1328482313349575e+00
316075,1.3578388529398331e+04,4.1328482313349575e+00
316135,1.3578388529398331e+04,4.1328482313349575e+00
316195,1.3578388529398331e+04,4.1328482313349575e+00
316255,1.3578388529398331e+04,4.1328482313349575e+00
316315,1.3578388529398331e+04,4.1328482313349575e+00
316375,1.3578388529398331e+04,4.1328482313349575e+00
316435,1.3578388529398331e+04,4.1328482313349575e+00
316495,1.3578388529398331e+04,4.1328482313349575e+00
316555,1.3578388529398331e+04,4.1328482313349575e+00
316615,1.3578388529398331e+04,4.1328482313349575e+00
316675,1.3578388529398331e+04,4.1328482313349575e+00
316735,1.3578388529398331e+04,4.1328482313349575e+00
316795,1.3578388529398331e+04,4.1328482313349575e+00
316855,1.3578388529398331e+04,4.1328482313349575e+00
316915,1.3578388529398331e+04,4.1328482313349575e+00
316975,1.3578388529398331e+04,4.1328482313349575e+00
317035,1.3578388529398331e+04,4.1328482313349575e+00
317095,1.3578388529398331e+04,4.1328482313349575e+00
317155,1.3578388529398331e+04,4.1328482313349575e+00
317215,1.3578388529398331e+04,4.1328482313349575e+00
317274,1.3578388529398331e+04,4.1328482313349575e+00
317333,1.3578388529398331e+04,4.1328482313349575e+00
317392,1.3578388529398331e+04,4.1328482313349575e+00
317451,1.3578388529398331e+04,4.1328482313349575e+00
317510,1.3578388529398331e+04,4.1328482313349575e+00
317569,1.3578388529398331e+04,4.1328482313349575e+00
317628,1.3578388529398331e+04,4.1328482313349575e+00
317687,1.3578388529398331e+04,4.1328482313349575e+00
317746,1.3578388529398331e+04,4.1328482313349575e+00
317805,1.3578388529398331e+04,4.1328482313349575e+00
317864,1.3578388529398331e+04,4.1328482313349575e+00
317923,1.3578388529398331e+04,4.1328482313349575e+00
317982,1.3578388529398331e+04,4.1328482313349575e+00
318041,1.3578388529398331e+04,4.1328482313349575e+00
318100,1.3578388529398331e+04,4.1328482313349575e+00
318159,1.3578388529398331e+04,4.1328482313349575e+00
318218,1.3578388529398331e+04,4.1328482313349575e+00
318277,1.3578388529398331e+04,4.1328482313349575e+00
318336,1.3578388529398331e+04,4.1328482313349575e+00
318395,1.3578388529398331e+04,4.1328482313349575e+00
318454,1.3578388529398331e+04,4.1328482313349575e+00
318513,1.3578388529398331e+04,4.1328482313349575e+00
318572,1.3578388529398331e+04,4.1328482313349575e+00
318631,1.3578388529398331e+04,4.1328482313349575e+00
318690,1.3578388529398331e+04,4.1328482313349575e+00
318749,1.3578388529398331e+04,4.1328482313349575e+00
318808,1.3578388529398331e+04,4.1328482313349575e+00
318867,1.3578388529398331e+04,4.1328482313349575e+00
318926,1.3578388529398331e+04,4.1328482313349575e+00
318985,1.3578388529398331e+04,4.1328482313349575e+00
319044,1.3578388529398331e+04,4.1328482313349575e+00
319103,1.3578388529398331e+04,4.1328482313349575e+00
319162,1.3578388529398331e+04,4.1328482313349575e+00
319221,1.3578388529398331e+04,4.1328482313349575e+00
319280,1.3578388529398331e+04,4.1328482313349575e+00
319339,1.3578388529398331e+04,4.1328482313349575e+00
319398,1.3578388529398331e+04,4.1328482313349575e+00
319457,1.3578388529398331e+04,4.1328482313349575e+00
319516,1.3578388529398331e+04,4.1328482313349575e+00
319575,1.3578388529398331e+04,4.1328482313349575e+00
319634,1.3578388529398331e+04,4.1328482313349575e+00
319693,1.3578388529398331e+04,4.1328482313349575e+00
319752,1.3578388529398331e+04,4.1328482313349575e+00
319810,1.3578388529398331e+04,4.1328482313349575e+00
319868,1.3578388529398331e+04,4.1328482313349575e+00
319926,1.3578388529398331e+04,4.1328482313349575e+00
319984,1.3578388529398331e+04,4.1328482313349575e+00
320042,1.3578388529398331e+04,4.1328482313349575e+00
320100,1.3578388529398331e+04,4.1328482313349575e+00
320158,1.3578388529398331e+04,4.1328482313349575e+00
320216,1.3578388529398331e+04,4.1328482313349575e+00
320274,1.3578388529398331e+04,4.1328482313349575e+00
320332,1.3578388529398331e+04,4.1328482313349575e+00
320390,1.3578388529398331e+04,4.1328482313349575e+00
320448,1.3578388529398331e+04,4.1328482313349575e+00
320506,1.3578388529398331e+04,4.1328482313349575e+00
320564,1.3578388529398331e+04,4.1328482313349575e+00
320622,1.3578388529398331e+04,4.1328482313349575e+00
320680,1.3578388529398331e+04,4.1328482313349575e+00
320738,1.3578388529398331e+04,4.1328482313349575e+00
320796,1.3578388529398331e+04,4.1328482313349575e+00
320854,1.3578388529398331e+04,4.1328482313349575e+00
320912,1.3578388529398331e+04,4.1328482313349575e+00
320970,1.3578388529398331e+04,4.1328482313349575e+00
321028,1.3578388529398331e+04,4.1328482313349575e+00
321086,1.3578388529398331e+04,4.1328482313349575e+00
321144,1.3578388529398331e+04,4.1328482313349575e+00
321202,1.3578388529398331e+04,4.1328482313349575e+00
321260,1.3578388529398331e+04,4.1328482313349575e+00
321318,1.3578388529398331e+04,4.1328482313349575e+00
321376,1.3578388529398331e+04,4.1328482313349575e+00
321434,1.3578388529398331e+04,4.1328482313349575e+00
321492,1.3578388529398331e+04,4.1328482313349575e+00
321550,1.3578388529398331e+04,4.1328482313349575e+00
321608,1.3578388529398331e+04,4.1328482313349575e+00
321666,1.3578388529398331e+04,4.1328482313349575e+00
321724,1.3578388529398331e+04,4.1328482313349575e+00
321782,1.3578388529398331e+04,4.1328482313349575e+00
321840,1.3578388529398331e+04,4.1328482313349575e+00
321898,1.3578388529398331e+04,4.1328482313349575e+00
321956,1.3578388529398331e+04,4.1328482313349575e+00
322014,1.3578388529398331e+04,4.1328482313349575e+00
322072,1.3578388529398331e+04,4.1328482313349575e+00
322130,1.3578388529398331e+04,4.1328482313349575e+00
322188,1.3578388529398331e+04,4.1328482313349575e+00
322246,1.3578388529398331e+04,4.1328482313349575e+00
322304,1.3578388529398331e+04,4.1328482313349575e+00
322362,1.3578388529398331e+04,4.1328482313349575e+00
322419,1.3578388529398331e+04,4.1328482313349575e+00
322476,1.3578388529398331e+04,4.1328482313349575e+00
322533,1.3578388529398331e+04,4.1328482313349575e+00
322590,1.3578388529398331e+04,4.1328482313349575e+00
322647,1.3578388529398331e+04,4.1328482313349575e+00
322704,1.3578388529398331e+04,4.1328482313349575e+00
322761,1.3578388529398331e+04,4.1328482313349575e+00
322818,1.3578388529398331e+04,4.1328482313349575e+00
322875,1.3578388529398331e+04,4.1328482313349575e+00
322932,1.3578388529398331e+04,4.1328482313349575e+00
322989,1.3578388529398331e+04,4.1328482313349575e+00
323046,1.3578388529398331e+04,4.1328482313349575e+00
323103,1.3578388529398331e+04,4.1328482313349575e+00
323160,1.3578388529398331e+04,4.1328482313349575e+00
323217,1.3578388529398331e+04,4.1328482313349575e+00
323274,1.3578388529398331e+04,4.1328482313349575e+00
323331,1.3578388529398331e+04,4.1328482313349575e+00
323388,1.3578388529398331e+04,4.1328482313349575e+00
323445,1.3578388529398331e+04,4.1328482313349575e+00
323502,1.3578388529398331e+04,4.1328482313349575e+00
323559,1.3578388529398331e+04,4.1328482313349575e+00
323616,1.3578388529398331e+04,4.1328482313349575e+00
323673,1.3578388529398331e+04,4.1328482313349575e+00
323730,1.3578388529398331e+04,4.1328482313349575e+00
323787,1.3578388529398331e+04,4.1328482313349575e+00
323844,1.3578388529398331e+04,4.1328482313349575e+00
323901,1.3578388529398331e+04,4.1328482313349575e+00
323958,1.3578388529398331e+04,4.1328482313349575e+00
324015,1.3578388529398331e+04,4.1328482313349575e+00
324072,1.3578388529398331e+04,4.1328482313349575e+00
324129,1.3578388529398331e+04,4.1328482313349575e+00
324186,1.3578388529398331e+04,4.1328482313349575e+00
324243,1.3578388529398331e+04,4.1328482313349575e+00
324300,1.3578388529398331e+04,4.1328482313349575e+00
324357,1.3578388529398331e+04,4.1328482313349575e+00
324414,1.3578388529398331e+04,4.1328482313349575e+00
324471,1.3578388529398331e+04,4.1328482313349575e+00
324528,1.3578388529398331e+04,4.1328482313349575e+00
324585,1.3578388529398331e+04,4.1328482313349575e+00
324642,1.3578388529398331e+04,4.1328482313349575e+00
324699,1.3578388529398331e+04,4.1328482313349575e+00
324756,1.3578388529398331e+04,4.1328482313349575e+00
324813,1.3578388529398331e+04,4.1328482313349575e+00
324870,1.3578388529398331e+04,4.1328482313349575e+00
324927,1.3578388529398331e+04,4.1328482313349575e+00
324984,1.3578388529398331e+04,4.1328482313349575e+00
325040,1.3578388529398331e+04,4.1328482313349575e+00
325096,1.3578388529398331e+04,4.1328482313349575e+00
325152,1.3578388529398331e+04,4.1328482313349575e+00
325208,1.3578388529398331e+04,4.1328482313349575e+00
325264,1.3578388529398331e+04,4.1328482313349575e+00
325320,1.3578388529398331e+04,4.1328482313349575e+00
325376,1.3578388529398331e+04,4.1328482313349575e+00
325432,1.3578388529398331e+04,4.1328482313349575e+00
325488,1.3578388529398331e+04,4.1328482313349575e+00
325544,1.3578388529398331e+04,4.1328482313349575e+00
325600,1.3578388529398331e+04,4.1328482313349575e+00
325656,1.3578388529398331e+04,4.1328482313349575e+00
325712,1.3578388529398331e+04,4.1328482313349575e+00
325768,1.3578388529398331e+04,4.1328482313349575e+00
325824,1.3578388529398331e+04,4.1328482313349575e+00
325880,1.3578388529398331e+04,4.1328482313349575e+00
325936,1.3578388529398331e+04,4.1328482313349575e+00
325992,1.3578388529398331e+04,4.1328482313349575e+00
326048,1.3578388529398331e+04,4.1328482313349575e+00
326104,1.3578388529398331e+04,4.1328482313349575e+00
326160,1.3578388529398331e+04,4.1328482313349575e+00
326216,1.3578388529398331e+04,4.1328482313349575e+00
326272,1.3578388529398331e+04,4.1328482313349575e+00
326328,1.3578388529398331e+04,4.1328482313349575e+00
326384,1.3578388529398331e+04,4.1328482313349575e+00
326440,1.3578388529398331e+04,4.1328482313349575e+00
326496,1.3578388529398331e+04,4.1328482313349575e+00
326552,1.3578388529398331e+04,4.1328482313349575e+00
326608,1.3578388529398331e+04,4.1328482313349575e+00
326664,1.3578388529398331e+04,4.1328482313349575e+00
326720,1.3578388529398331e+04,4.1328482313349575e+00
326776,1.3578388529398331e+04,4.1328482313349575e+00
326832,1.3578388529398331e+04,4.1328482313349575e+00
326888,1.3578388529398331e+04,4.1328482313349575e+00
326944,1.3578388529398331e+04,4.1328482313349575e+00
327000,1.3578388529398331e+04,4.1328482313349575e+00
327056,1.3578388529398331e+04,4.1328482313349575e+00
327112,1.3578388529398331e+04,4.1328482313349575e+00
327168,1.3578388529398331e+04,4.1328482313349575e+00
327224,1.3578388529398331e+04,4.1328482313349575e+00
327280,1.3578388529398331e+04,4.1328482313349575e+00
327336,1.3578388529398331e+04,4.1328482313349575e+00
327392,1.3578388529398331e+04,4.1328482313349575e+00
327448,1.3578388529398331e+04,4.1328482313349575e+00
327504,1.3578388529398331e+04,4.1328482313349575e+00
327560,1.3578388529398331e+04,4.1328482313349575e+00
327616,1.3578388529398331e+04,4.1328482313349575e+00
327672,1.3578388529398331e+04,4.1328482313349575e+00
327727,1.3578388529398331e+04,4.1328482313349575e+00
327782,1.3578388529398331e+04,4.1328482313349575e+00
327837,1.3578388529398331e+04,4.1328482313349575e+00
327892,1.3578388529398331e+04,4.1328482313349575e+00
327947,1.3578388529398331e+04,4.1328482313349575e+00
328002,1.3578388529398331e+04,4.1328482313349575e+00
328057,1.3578388529398331e+04,4.1328482313349575e+00
328112,1.3578388529398331e+04,4.1328482313349575e+00
328167,1.3578388529398331e+04,4.1328482313349575e+00
328222,1.3578388529398331e+04,4.1328482313349575e+00
328277,1.3578388529398331e+04,4.1328482313349575e+00
328332,1.3578388529398331e+04,4.1328482313349575e+00
328387,1.3578388529398331e+04,4.1328482313349575e+00
328442,1.3578388529398331e+04,4.1328482313349575e+00
328497,1.3578388529398331e+04,4.1328482313349575e+00
328552,1.3578388529398331e+04,4.1328482313349575e+00
328607,1.3578388529398331e+04,4.1328482313349575e+00
328662,1.3578388529398331e+04,4.1328482313349575e+00
328717,1.3578388529398331e+04,4.1328482313349575e+00
328772,1.3578388529398331e+04,4.1328482313349575e+00
328827,1.3578388529398331e+04,4.1328482313349575e+00
328882,1.3578388529398331e+04,4.1328482313349575e+00
328937,1.3578388529398331e+04,4.1328482313349575e+00
328992,1.3578388529398331e+04,4.1328482313349575e+00
329047,1.3578388529398331e+04,4.1328482313349575e+00
329102,1.3578388529398331e+04,4.1328482313349575e+00
329157,1.3578388529398331e+04,4.1328482313349575e+00
329212,1.3578388529398331e+04,4.1328482313349575e+00
329267,1.3578388529398331e+04,4.1328482313349575e+00
329322,1.3578388529398331e+04,4.1328482313349575e+00
329377,1.3578388529398331e+04,4.1328482313349575e+00
329432,1.3578388529398331e+04,4.1328482313349575e+00
329487,1.3578388529398331e+04,4.1328482313349575e+00
329542,1.3578388529398331e+04,4.1328482313349575e+00
329597,1.3578388529398331e+04,4.1328482313349575e+00
329652,1.3578388529398331e+04,4.1328482313349575e+00
329707,1.3578388529398331e+04,4.1328482313349575e+00
329762,1.3578388529398331e+04,4.1328482313349575e+00
329817,1.3578388529398331e+04,4.1328482313349575e+00
329872,1.3578388529398331e+04,4.1328482313349575e+00
329927,1.3578388529398331e+04,4.1328482313349575e+00
329982,1.3578388529398331e+04,4.1328482313349575e+00
330037,1.3578388529398331e+04,4.1328482313349575e+00
330092,1.3578388529398331e+04,4.1328482313349575e+00
330147,1.3578388529398331e+04,4.1328482313349575e+00
330202,1.3578388529398331e+04,4.1328482313349575e+00
330257,1.3578388529398331e+04,4.1328482313349575e+00
330312,1.3578388529398331e+04,4.1328482313349575e+00
330367,1.3578388529398331e+04,4.1328482313349575e+00
330422,1.3578388529398331e+04,4.1328482313349575e+00
330476,1.3578388529398331e+04,4.1328482313349575e+00
330530,1.3578388529398331e+04,4.1328482313349575e+00
330584,1.3578388529398331e+04,4.1328482313349575e+00
330638,1.3578388529398331e+04,4.1328482313349575e+00
330692,1.3578388529398331e+04,4.1328482313349575e+00
330746,1.3578388529398331e+04,4.1328482313349575e+00
330800,1.3578388529398331e+04,4.1328482313349575e+00
330854,1.3578388529398331e+04,4.1328482313349575e+00
330908,1.3578388529398331e+04,4.1328482313349575e+00
330962,1.3578388529398331e+04,4.1328482313349575e+00
331016,1.3578388529398331e+04,4.1328482313349575e+00
331070,1.3578388529398331e+04,4.1328482313349575e+00
331124,1.3578388529398331e+04,4.1328482313349575e+00
331178,1.3578388529398331e+04,4.1328482313349575e+00
331232,1.3578388529398331e+04,4.1328482313349575e+00
331286,1.3578388529398331e+04,4.1328482313349575e+00
331340,1.3578388529398331e+04,4.1328482313349575e+00
331394,1.3578388529398331e+04,4.1328482313349575e+00
331448,1.3578388529398331e+04,4.1328482313349575e+00
331502,1.3578388529398331e+04,4.1328482313349575e+00
331556,1.3578388529398331e+04,4.1328482313349575e+00
331610,1.3578388529398331e+04,4.1328482313349575e+00
331664,1.3578388529398331e+04,4.1328482313349575e+00
331718,1.3578388529398331e+04,4.1328482313349575e+00
331772,1.3578388529398331e+04,4.1328482313349575e+00
331826,1.3578388529398331e+04,4.1328482313349575e+00
331880,1.3578388529398331e+04,4.1328482313349575e+00
331934,1.3578388529398331e+04,4.1328482313349575e+00
331988,1.3578388529398331e+04,4.1328482313349575e+00
332042,1.3578388529398331e+04,4.1328482313349575e+00
332096,1.3578388529398331e+04,4.1328482313349575e+00
332150,1.3578388529398331e+04,4.1328482313349575e+00
332204,1.3578388529398331e+04,4.1328482313349575e+00
332258,1.3578388529398331e+04,4.1328482313349575e+00
332312,1.3578388529398331e+04,4.1328482313349575e+00
332366,1.3578388529398331e+04,4.1328482313349575e+00
332420,1.3578388529398331e+04,4.1328482313349575e+00
332474,1.3578388529398331e+04,4.1328482313349575e+00
332528,1.3578388529398331e+04,4.1328482313349575e+00
332582,1.3578388529398331e+04,4.1328482313349575e+00
332636,1.3578388529398331e+04,4.1328482313349575e+00
332690,1.3578388529398331e+04,4.1328482313349575e+00
332744,1.3578388529398331e+04,4.1328482313349575e+00
332798,1.3578388529398331e+04,4.1328482313349575e+00
332852,1.3578388529398331e+04,4.1328482313349575e+00
332906,1.3578388529398331e+04,4.1328482313349575e+00
332960,1.3578388529398331e+04,4.1328482313349575e+00
333014,1.3578388529398331e+04,4.1328482313349575e+00
333068,1.3578388529398331e+04,4.1328482313349575e+00
333122,1.3578388529398331e+04,4.1328482313349575e+00
333176,1.3578388529398331e+04,4.1328482313349575e+00
333230,1.3578388529398331e+04,4.1328482313349575e+00
333283,1.3578388529398331e+04,4.1328482313349575e+00
333336,1.3578388529398331e+04,4.1328482313349575e+00
333389,1.3578388529398331e+04,4.1328482313349575e+00
333442,1.3578388529398331e+04,4.1328482313349575e+00
333495,1.3578388529398331e+04,4.1328482313349575e+00
333548,1.3578388529398331e+04,4.1328482313349575e+00
333601,1.3578388529398331e+04,4.1328482313349575e+00
333654,1.3578388529398331e+04,4.1328482313349575e+00
333707,1.3578388529398331e+04,4.1328482313349575e+00
333760,1.3578388529398331e+04,4.1328482313349575e+00
333813,1.3578388529398331e+04,4.1328482313349575e+00
333866,1.3578388529398331e+04,4.1328482313349575e+00
333919,1.3578388529398331e+04,4.1328482313349575e+00
333972,1.3578388529398331e+04,4.1328482313349575e+00
334025,1.3578388529398331e+04,4.1328482313349575e+00
334078,1.3578388529398331e+04,4.1328482313349575e+00
334131,1.3578388529398331e+04,4.1328482313349575e+00
334184,1.3578388529398331e+04,4.1328482313349575e+00
334237,1.3578388529398331e+04,4.1328482313349575e+00
334290,1.3578388529398331e+04,4.1328482313349575e+00
334343,1.3578388529398331e+04,4.1328482313349575e+00
334396,1.3578388529398331e+04,4.1328482313349575e+00
334449,1.3578388529398331e+04,4.1328482313349575e+00
334502,1.3578388529398331e+04,4.1328482313349575e+00
334555,1.3578388529398331e+04,4.1328482313349575e+00
334608,1.3578388529398331e+04,4.1328482313349575e+00
334661,1.3578388529398331e+04,4.1328482313349575e+00
334714,1.3578388529398331e+04,4.1328482313349575e+00
334767,1.3578388529398331e+04,4.1328482313349575e+00
334820,1.3578388529398331e+04,4.1328482313349575e+00
334873,1.3578388529398331e+04,4.1328482313349575e+00
334926,1.3578388529398331e+04,4.1328482313349575e+00
334979,1.3578388529398331e+04,4.1328482313349575e+00
335032,1.3578388529398331e+04,4.1328482313349575e+00
335085,1.3578388529398331e+04,4.1328482313349575e+00
335138,1.3578388529398331e+04,4.1328482313349575e+00
335191,1.3578388529398331e+04,4.1328482313349575e+00
335244,1.3578388529398331e+04,4.1328482313349575e+00
335297,1.3578388529398331e+04,4.1328482313349575e+00
335350,1.3578388529398331e+04,4.1328482313349575e+00
335403,1.3578388529398331e+04,4.1328482313349575e+00
335456,1.3578388529398331e+04,4.1328482313349575e+00
335509,1.3578388529398331e+04,4.1328482313349575e+00
335562,1.3578388529398331e+04,4.1328482313349575e+00
335615,1.3578388529398331e+04,4.1328482313349575e+00
335668,1.3578388529398331e+04,4.1328482313349575e+00
335721,1.3578388529398331e+04,4.1328482313349575e+00
335774,1.3578388529398331e+04,4.1328482313349575e+00
335827,1.3578388529398331e+04,4.1328482313349575e+00
335880,1.3578388529398331e+04,4.1328482313349575e+00
335933,1.3578388529398331e+04,4.1328482313349575e+00
335986,1.3578388529398331e+04,4.1328482313349575e+00
336039,1.3578388529398331e+04,4.1328482313349575e+00
336091,1.3578388529398331e+04,4.1328482313349575e+00
336143,1.3578388529398331e+04,4.1328482313349575e+00
336195,1.3578388529398331e+04,4.1328482313349575e+00
336247,1.3578388529398331e+04,4.1328482313349575e+00
336299,1.3578388529398331e+04,4.1328482313349575e+00
336351,1.3578388529398331e+04,4.1328482313349575e+00
336403,1.3578388529398331e+04,4.1328482313349575e+00
336455,1.3578388529398331e+04,4.1328482313349575e+00
336507,1.3578388529398331e+04,4.1328482313349575e+00
336559,1.3578388529398331e+04,4.1328482313349575e+00
336611,1.3578388529398331e+04,4.1328482313349575e+00
336663,1.3578388529398331e+04,4.1328482313349575e+00
336715,1.3578388529398331e+04,4.1328482313349575e+00
336767,1.3578388529398331e+04,4.1328482313349575e+00
336819,1.3578388529398331e+04,4.1328482313349575e+00
336871,1.3578388529398331e+04,4.1328482313349575e+00
336923,1.3578388529398331e+04,4.1328482313349575e+00
336975,1.3578388529398331e+04,4.1328482313349575e+00
337027,1.3578388529398331e+04,4.1328482313349575e+00
337079,1.3578388529398331e+04,4.1328482313349575e+00
337131,1.3578388529398331e+04,4.1328482313349575e+00
337183,1.3578388529398331e+04,4.1328482313349575e+00
337235,1.3578388529398331e+04,4.1328482313349575e+00
337287,1.3578388529398331e+04,4.1328482313349575e+00
337339,1.3578388529398331e+04,4.1328482313349575e+00
337391,1.3578388529398331e+04,4.1328482313349575e+00
337443,1.3578388529398331e+04,4.1328482313349575e+00
337495,1.3578388529398331e+04,4.1328482313349575e+00
337547,1.3578388529398331e+04,4.1328482313349575e+00
337599,1.3578388529398331e+04,4.1328482313349575e+00
337651,1.3578388529398331e+04,4.1328482313349575e+00
337703,1.3578388529398331e+04,4.1328482313349575e+00
337755,1.3578388529398331e+04,4.1328482313349575e+00
337807,1.3578388529398331e+04,4.1328482313349575e+00
337859,1.3578388529398331e+04,4.1328482313349575e+00
337911,1.3578388529398331e+04,4.1328482313349575e+00
337963,1.3578388529398331e+04,4.1328482313349575e+00
338015,1.3578388529398331e+04,4.1328482313349575e+00
338067,1.3578388529398331e+04,4.1328482313349575e+00
338119,1.3578388529398331e+04,4.1328482313349575e+00
338171,1.3578388529398331e+04,4.1328482313349575e+00
338223,1.3578388529398331e+04,4.1328482313349575e+00
338275,1.3578388529398331e+04,4.1328482313349575e+00
338327,1.3578388529398331e+04,4.1328482313349575e+00
338379,1.3578388529398331e+04,4.1328482313349575e+00
338431,1.3578388529398331e+04,4.1328482313349575e+00
338483,1.3578388529398331e+04,4.1328482313349575e+00
338535,1.3578388529398331e+04,4.1328482313349575e+00
338587,1.3578388529398331e+04,4.1328482313349575e+00
338639,1.3578388529398331e+04,4.1328482313349575e+00
338691,1.3578388529398331e+04,4.1328482313349575e+00
338743,1.3578388529398331e+04,4.1328482313349575e+00
338795,1.3578388529398331e+04,4.1328482313349575e+00
338847,1.3578388529398331e+04,4.1328482313349575e+00
338899,1.3578388529398331e+04,4.1328482313349575e+00
338950,1.3578388529398331e+04,4.1328482313349575e+00
339001,1.3578388529398331e+04,4.1328482313349575e+00
339052,1.3578388529398331e+04,4.1328482313349575e+00
339103,1.3578388529398331e+04,4.1328482313349575e+00
339154,1.3578388529398331e+04,4.1328482313349575e+00
339205,1.3578388529398331e+04,4.1328482313349575e+00
339256,1.3578388529398331e+04,4.1328482313349575e+00
339307,1.3578388529398331e+04,4.1328482313349575e+00
339358,1.3578388529398331e+04,4.1328482313349575e+00
339409,1.3578388529398331e+04,4.1328482313349575e+00
339460,1.3578388529398331e+04,4.1328482313349575e+00
339511,1.3578388529398331e+04,4.1328482313349575e+00
339562,1.3578388529398331e+04,4.1328482313349575e+00
339613,1.3578388529398331e+04,4.1328482313349575e+00
339664,1.3578388529398331e+04,4.1328482313349575e+00
339715,1.3578388529398331e+04,4.1328482313349575e+00
339766,1.3578388529398331e+04,4.1328482313349575e+00
339817,1.3578388529398331e+04,4.1328482313349575e+00
339868,1.3578388529398331e+04,4.1328482313349575e+00
339919,1.3578388529398331e+04,4.1328482313349575e+00
339970,1.3578388529398331e+04,4.1328482313349575e+00
340021,1.3578388529398331e+04,4.1328482313349575e+00
340072,1.3578388529398331e+04,4.1328482313349575e+00
340123,1.3578388529398331e+04,4.1328482313349575e+00
340174,1.3578388529398331e+04,4.1328482313349575e+00
340225,1.3578388529398331e+04,4.1328482313349575e+00
340276,1.3578388529398331e+04,4.1328482313349575e+00
340327,1.3578388529398331e+04,4.1328482313349575e+00
340378,1.3578388529398331e+04,4.1328482313349575e+00
340429,1.3578388529398331e+04,4.1328482313349575e+00
340480,1.3578388529398331e+04,4.1328482313349575e+00
340531,1.3578388529398331e+04,4.1328482313349575e+00
340582,1.3578388529398331e+04,4.1328482313349575e+00
340633,1.3578388529398331e+04,4.1328482313349575e+00
340684,1.3578388529398331e+04,4.1328482313349575e+00
340735,1.3578388529398331e+04,4.1328482313349575e+00
340786,1.3578388529398331e+04,4.1328482313349575e+00
340837,1.3578388529398331e+04,4.1328482313349575e+00
340888,1.3578388529398331e+04,4.1328482313349575e+00
340939,1.3578388529398331e+04,4.1328482313349575e+00
340990,1.3578388529398331e+04,4.1328482313349575e+00
341041,1.3578388529398331e+04,4.1328482313349575e+00
341092,1.3578388529398331e+04,4.1328482313349575e+00
341143,1.3578388529398331e+04,4.1328482313349575e+00
341194,1.3578388529398331e+04,4.1328482313349575e+00
341245,1.3578388529398331e+04,4.1328482313349575e+00
341296,1.3578388529398331e+04,4.1328482313349575e+00
341347,1.3578388529398331e+04,4.1328482313349575e+00
341398,1.3578388529398331e+04,4.1328482313349575e+00
341449,1.3578388529398331e+04,4.1328482313349575e+00
341500,1.3578388529398331e+04,4.1328482313349575e+00
341551,1.3578388529398331e+04,4.1328482313349575e+00
341602,1.3578388529398331e+04,4.1328482313349575e+00
341653,1.3578388529398331e+04,4.1328482313349575e+00
341704,1.3578388529398331e+04,4.1328482313349575e+00
341755,1.3578388529398331e+04,4.1328482313349575e+00
341806,1.3578388529398331e+04,4.1328482313349575e+00
341857,1.3578388529398331e+04,4.1328482313349575e+00
341907,1.3578388529398331e+04,4.1328482313349575e+00
341957,1.3578388529398331e+04,4.1328482313349575e+00
342007,1.3578388529398331e+04,4.1328482313349575e+00
342057,1.3578388529398331e+04,4.1328482313349575e+00
342107,1.3578388529398331e+04,4.1328482313349575e+00
342157,1.3578388529398331e+04,4.1328482313349575e+00
342207,1.3578388529398331e+04,4.1328482313349575e+00
342257,1.3578388529398331e+04,4.1328482313349575e+00
342307,1.3578388529398331e+04,4.1328482313349575e+00
342357,1.3578388529398331e+04,4.1328482313349575e+00
342407,1.3578388529398331e+04,4.1328482313349575e+00
342457,1.3578388529398331e+04,4.1328482313349575e+00
342507,1.3578388529398331e+04,4.1328482313349575e+00
342557,1.3578388529398331e+04,4.1328482313349575e+00
342607,1.3578388529398331e+04,4.1328482313349575e+00
342657,1.3578388529398331e+04,4.1328482313349575e+00
342707,1.3578388529398331e+04,4.1328482313349575e+00
342757,1.3578388529398331e+04,4.1328482313349575e+00
342807,1.3578388529398331e+04,4.1328482313349575e+00
342857,1.3578388529398331e+04,4.1328482313349575e+00
342907,1.3578388529398331e+04,4.1328482313349575e+00
342957,1.3578388529398331e+04,4.1328482313349575e+00
343007,1.3578388529398331e+04,4.1328482313349575e+00
343057,1.3578388529398331e+04,4.1328482313349575e+00
343107,1.3578388529398331e+04,4.1328482313349575e+00
343157,1.3578388529398331e+04,4.1328482313349575e+00
343207,1.3578388529398331e+04,4.1328482313349575e+00
343257,1.3578388529398331e+04,4.1328482313349575e+00
343307,1.3578388529398331e+04,4.1328482313349575e+00
343357,1.3578388529398331e+04,4.1328482313349575e+00
343407,1.3578388529398331e+04,4.1328482313349575e+00
343457,1.3578388529398331e+04,4.1328482313349575e+00
343507,1.3578388529398331e+04,4.1328482313349575e+00
343557,1.3578388529398331e+04,4.1328482313349575e+00
343607,1.3578388529398331e+04,4.1328482313349575e+00
343657,1.3578388529398331e+04,4.1328482313349575e+00
343707,1.3578388529398331e+04,4.1328482313349575e+00
343757,1.3578388529398331e+04,4.1328482313349575e+00
343807,1.3578388529398331e+04,4.1328482313349575e+00
343857,1.3578388529398331e+04,4.1328482313349575e+00
343907,1.3578388529398331e+04,4.1328482313349575e+00
343957,1.3578388529398331e+04,4.1328482313349575e+00
344007,1.3578388529398331e+04,4.1328482313349575e+00
344057,1.3578388529398331e+04,4.1328482313349575e+00
344107,1.3578388529398331e+04,4.1328482313349575e+00
344157,1.3578388529398331e+04,4.1328482313349575e+00
344207,1.3578388529398331e+04,4.1328482313349575e+00
344257,1.3578388529398331e+04,4.1328482313349575e+00
344307,1.3578388529398331e+04,4.1328482313349575e+00
344357,1.3578388529398331e+04,4.1328482313349575e+00
344407,1.3578388529398331e+04,4.1328482313349575e+00
344457,1.3578388529398331e+04,4.1328482313349575e+00
344507,1.3578388529398331e+04,4.1328482313349575e+00
344557,1.3578388529398331e+04,4.1328482313349575e+00
344607,1.3578388529398331e+04,4.1328482313349575e+00
344657,1.3578388529398331e+04,4.1328482313349575e+00
344707,1.3578388529398331e+04,4.1328482313349575e+00
344757,1.3578388529398331e+04,4.1328482313349575e+00
344807,1.3578388529398331e+04,4.1328482313349575e+00
344857,1.3578388529398331e+04,4.1328482313349575e+00
344906,1.3578388529398331e+04,4.1328482313349575e+00
344955,1.3578388529398331e+04,4.1328482313349575e+00
345004,1.3578388529398331e+04,4.1328482313349575e+00
345053,1.3578388529398331e+04,4.1328482313349575e+00
345102,1.3578388529398331e+04,4.1328482313349575e+00
345151,1.3578388529398331e+04,4.1328482313349575e+00
345200,1.3578388529398331e+04,4.1328482313349575e+00
345249,1.3578388529398331e+04,4.1328482313349575e+00
345298,1.3578388529398331e+04,4.1328482313349575e+00
345347,1.3578388529398331e+04,4.1328482313349575e+00
345396,1.3578388529398331e+04,4.1328482313349575e+00
345445,1.3578388529398331e+04,4.1328482313349575e+00
345494,1.3578388529398331e+04,4.1328482313349575e+00
345543,1.3578388529398331e+04,4.1328482313349575e+00
345592,1.3578388529398331e+04,4.1328482313349575e+00
345641,1.3578388529398331e+04,4.1328482313349575e+00
345690,1.3578388529398331e+04,4.1328482313349575e+00
345739,1.3578388529398331e+04,4.1328482313349575e+00
345788,1.3578388529398331e+04,4.1328482313349575e+00
345837,1.3578388529398331e+04,4.1328482313349575e+00
345886,1.3578388529398331e+04,4.1328482313349575e+00
345935,1.3578388529398331e+04,4.1328482313349575e+00
345984,1.3578388529398331e+04,4.1328482313349575e+00
346033,1.3578388529398331e+04,4.1328482313349575e+00
346082,1.3578388529398331e+04,4.1328482313349575e+00
346131,1.3578388529398331e+04,4.1328482313349575e+00
346180,1.3578388529398331e+04,4.1328482313349575e+00
346229,1.3578388529398331e+04,4.1328482313349575e+00
346278,1.3578388529398331e+04,4.1328482313349575e+00
346327,1.3578388529398331e+04,4.1328482313349575e+00
346376,1.3578388529398331e+04,4.1328482313349575e+00
346425,1.3578388529398331e+04,4.1328482313349575e+00
346474,1.3578388529398331e+04,4.1328482313349575e+00
346523,1.3578388529398331e+04,4.1328482313349575e+00
346572,1.3578388529398331e+04,4.1328482313349575e+00
346621,1.3578388529398331e+04,4.1328482313349575e+00
346670,1.3578388529398331e+04,4.1328482313349575e+00
346719,1.3578388529398331e+04,4.1328482313349575e+00
346768,1.3578388529398331e+04,4.1328482313349575e+00
346817,1.3578388529398331e+04,4.1328482313349575e+00
346866,1.3578388529398331e+04,4.1328482313349575e+00
346915,1.3578388529398331e+04,4.1328482313349575e+00
346964,1.3578388529398331e+04,4.1328482313349575e+00
347013,1.3578388529398331e+04,4.1328482313349575e+00
347062,1.3578388529398331e+04,4.1328482313349575e+00
347111,1.3578388529398331e+04,4.1328482313349575e+00
347160,1.3578388529398331e+04,4.1328482313349575e+00
347209,1.3578388529398331e+04,4.1328482313349575e+00
347258,1.3578388529398331e+04,4.1328482313349575e+00
347307,1.3578388529398331e+04,4.1328482313349575e+00
347356,1.3578388529398331e+04,4.1328482313349575e+00
347405,1.3578388529398331e+04,4.1328482313349575e+00
347454,1.3578388529398331e+04,4.1328482313349575e+00
347503,1.3578388529398331e+04,4.1328482313349575e+00
347552,1.3578388529398331e+04,4.1328482313349575e+00
347601,1.3578388529398331e+04,4.1328482313349575e+00
347650,1.3578388529398331e+04,4.1328482313349575e+00
347699,1.3578388529398331e+04,4.1328482313349575e+00
347748,1.3578388529398331e+04,4.1328482313349575e+00
347797,1.3578388529398331e+04,4.1328482313349575e+00
347846,1.3578388529398331e+04,4.1328482313349575e+00
347895,1.3578388529398331e+04,4.1328482313349575e+00
347944,1.3578388529398331e+04,4.1328482313349575e+00
347992,1.3578388529398331e+04,4.1328482313349575e+00
348040,1.3578388529398331e+04,4.1328482313349575e+00
348088,1.3578388529398331e+04,4.1328482313349575e+00
348136,1.3578388529398331e+04,4.1328482313349575e+00
348184,1.3578388529398331e+04,4.1328482313349575e+00
348232,1.3578388529398331e+04,4.1328482313349575e+00
348280,1.3578388529398331e+04,4.1328482313349575e+00
348328,1.3578388529398331e+04,4.1328482313349575e+00
348376,1.3578388529398331e+04,4.1328482313349575e+00
348424,1.3578388529398331e+04,4.1328482313349575e+00
348472,1.3578388529398331e+04,4.1328482313349575e+00
348520,1.3578388529398331e+04,4.1328482313349575e+00
348568,1.3578388529398331e+04,4.1328482313349575e+00
348616,1.3578388529398331e+04,4.1328482313349575e+00
348664,1.3578388529398331e+04,4.1328482313349575e+00
348712,1.3578388529398331e+04,4.1328482313349575e+00
348760,1.3578388529398331e+04,4.1328482313349575e+00
348808,1.3578388529398331e+04,4.1328482313349575e+00
348856,1.3578388529398331e+04,4.1328482313349575e+00
348904,1.3578388529398331e+04,4.1328482313349575e+00
348952,1.3578388529398331e+04,4.1328482313349575e+00
349000,1.3578388529398331e+04,4.1328482313349575e+00
349048,1.3578388529398331e+04,4.1328482313349575e+00
349096,1.3578388529398331e+04,4.1328482313349575e+00
349144,1.3578388529398331e+04,4.1328482313349575e+00
349192,1.3578388529398331e+04,4.1328482313349575e+00
349240,1.3578388529398331e+04,4.1328482313349575e+00
349288,1.3578388529398331e+04,4.1328482313349575e+00
349336,1.3578388529398331e+04,4.1328482313349575e+00
349384,1.3578388529398331e+04,4.1328482313349575e+00
349432,1.3578388529398331e+04,4.1328482313349575e+00
349480,1.3578388529398331e+04,4.1328482313349575e+00
349528,1.3578388529398331e+04,4.1328482313349575e+00
349576,1.3578388529398331e+04,4.1328482313349575e+00
349624,1.3578388529398331e+04,4.1328482313349575e+00
349672,1.3578388529398331e+04,4.1328482313349575e+00
349720,1.3578388529398331e+04,4.1328482313349575e+00
349768,1.3578388529398331e+04,4.1328482313349575e+00
349816,1.3578388529398331e+04,4.1328482313349575e+00
349864,1.3578388529398331e+04,4.1328482313349575e+00
349912,1.3578388529398331e+04,4.1328482313349575e+00
349960,1.3578388529398331e+04,4.1328482313349575e+00
350018,1.3578388529398331e+04,4.1328482313349575e+00
350066,1.3578388529398331e+04,4.1328482313349575e+00
350114,1.3578388529398331e+04,4.1328482313349575e+00
350162,1.3578388529398331e+04,4.1328482313349575e+00
350210,1.3578388529398331e+04,4.1328482313349575e+00
350258,1.3578388529398331e+04,4.1328482313349575e+00
350316,1.3578388529398331e+04,4.1328482313349575e+00
350364,1.3578388529398331e+04,4.1328482313349575e+00
350412,1.3578388529398331e+04,4.1328482313349575e+00
350460,1.3578388529398331e+04,4.1328482313349575e+00
350508,1.3578388529398331e+04,4.1328482313349575e+00
350556,1.3578388529398331e+04,4.1328482313349575e+00
350614,1.3578388529398331e+04,4.1328482313349575e+00
350662,1.3578388529398331e+04,4.1328482313349575e+00
350710,1.3578388529398331e+04,4.1328482313349575e+00
350758,1.3578388529398331e+04,4.1328482313349575e+00
350806,1.3578388529398331e+04,4.1328482313349575e+00
350854,1.3578388529398331e+04,4.1328482313349575e+00
350912,1.3578388529398331e+04,4.1328482313349575e+00
350960,1.3578388529398331e+04,4.1328482313349575e+00
351008,1.3578388529398331e+04,4.1328482313349575e+00
351056,1.3578388529398331e+04,4.1328482313349575e+00
351103,1.3578388529398331e+04,4.1328482313349575e+00
351150,1.3578388529398331e+04,4.1328482313349575e+00
351207,1.3578388529398331e+04,4.1328482313349575e+00
351254,1.3578388529398331e+04,4.1328482313349575e+00
351301,1.3578388529398331e+04,4.1328482313349575e+00
351348,1.3578388529398331e+04,4.1328482313349575e+00
351395,1.3578388529398331e+04,4.1328482313349575e+00
351442,1.3578388529398331e+04,4.1328482313349575e+00
351499,1.3578388529398331e+04,4.1328482313349575e+00
351546,1.3578388529398331e+04,4.1328482313349575e+00
351593,1.3578388529398331e+04,4.1328482313349575e+00
351640,1.3578388529398331e+04,4.1328482313349575e+00
351687,1.3578388529398331e+04,4.1328482313349575e+00
351734,1.3578388529398331e+04,4.1328482313349575e+00
351791,1.2978474089965477e+04,4.1132236344317139e+00
351838,1.2978474089965477e+04,4.1132236344317139e+00
351885,1.2978474089965477e+04,4.1132236344317139e+00
351932,1.2978474089965477e+04,4.1132236344317139e+00
351979,1.2978474089965477e+04,4.1132236344317139e+00
352026,1.2978474089965477e+04,4.1132236344317139e+00
352083,1.2978474089965477e+04,4.1132236344317139e+00
352130,1.2978474089965477e+04,4.1132236344317139e+00
352177,1.2978474089965477e+04,4.1132236344317139e+00
352224,1.2978474089965477e+04,4.1132236344317139e+00
352271,1.2978474089965477e+04,4.1132236344317139e+00
352318,1.2978474089965477e+04,4.1132236344317139e+00
352375,1.2947259853851756e+04,4.1121778644580917e+00
352422,1.2947259853851756e+04,4.1121778644580917e+00
352469,1.2947259853851756e+04,4.1121778644580917e+00
352516,1.2947259853851756e+04,4.1121778644580917e+00
352563,1.2947259853851756e+04,4.1121778644580917e+00
352610,1.2947259853851756e+04,4.1121778644580917e+00
352667,1.2579031985417936e+04,4.0996472214298407e+00
352714,1.2579031985417936e+04,4.0996472214298407e+00
352761,1.2579031985417936e+04,4.0996472214298407e+00
352808,1.2579031985417936e+04,4.0996472214298407e+00
352855,1.2579031985417936e+04,4.0996472214298407e+00
352902,1.2579031985417936e+04,4.0996472214298407e+00
352959,1.2579031985417936e+04,4.0996472214298407e+00
353006,1.2579031985417936e+04,4.0996472214298407e+00
353053,1.2579031985417936e+04,4.0996472214298407e+00
353100,1.2579031985417936e+04,4.0996472214298407e+00
353147,1.2579031985417936e+04,4.0996472214298407e+00
353194,1.2579031985417936e+04,4.0996472214298407e+00
353251,1.2371269803116924e+04,4.0924142784637283e+00
353298,1.2371269803116924e+04,4.0924142784637283e+00
353345,1.2371269803116924e+04,4.0924142784637283e+00
353392,1.2371269803116924e+04,4.0924142784637283e+00
353439,1.2371269803116924e+04,4.0924142784637283e+00
353486,1.2371269803116924e+04,4.0924142784637283e+00
353543,1.2371269803116924e+04,4.0924142784637283e+00
353590,1.2371269803116924e+04,4.0924142784637283e+00
353637,1.2371269803116924e+04,4.0924142784637283e+00
353684,1.2371269803116924e+04,4.0924142784637283e+00
353731,1.2371269803116924e+04,4.0924142784637283e+00
353778,1.2371269803116924e+04,4.0924142784637283e+00
353835,1.2039902156710006e+04,4.0806229576050619e+00
353882,1.2039902156710006e+04,4.0806229576050619e+00
353929,1.2039902156710006e+04,4.0806229576050619e+00
353976,1.2039902156710006e+04,4.0806229576050619e+00
354023,1.2039902156710006e+04,4.0806229576050619e+00
354070,1.2039902156710006e+04,4.0806229576050619e+00
354127,1.2039902156710006e+04,4.0806229576050619e+00
354174,1.2039902156710006e+04,4.0806229576050619e+00
354221,1.2039902156710006e+04,4.0806229576050619e+00
354268,1.2039902156710006e+04,4.0806229576050619e+00
354314,1.2039902156710006e+04,4.0806229576050619e+00
354360,1.2039902156710006e+04,4.0806229576050619e+00
354416,1.2039902156710006e+04,4.0806229576050619e+00
354462,1.2039902156710006e+04,4.0806229576050619e+00
354508,1.2039902156710006e+04,4.0806229576050619e+00
354554,1.2039902156710006e+04,4.0806229576050619e+00
354600,1.2039902156710006e+04,4.0806229576050619e+00
354646,1.2039902156710006e+04,4.0806229576050619e+00
354702,1.1895518060056786e+04,4.0753833606838876e+00
354748,1.1895518060056786e+04,4.0753833606838876e+00
354794,1.1895518060056786e+04,4.0753833606838876e+00
354840,1.1895518060056786e+04,4.0753833606838876e+00
354886,1.1895518060056786e+04,4.0753833606838876e+00
354932,1.1895518060056786e+04,4.0753833606838876e+00
354988,1.1798020333717839e+04,4.0718091403340484e+00
355034,1.1798020333717839e+04,4.0718091403340484e+00
355080,1.1798020333717839e+04,4.0718091403340484e+00
355126,1.1798020333717839e+04,4.0718091403340484e+00
355172,1.1798020333717839e+04,4.0718091403340484e+00
355218,1.1798020333717839e+04,4.0718091403340484e+00
355274,1.1798020333717839e+04,4.0718091403340484e+00
355320,1.1798020333717839e+04,4.0718091403340484e+00
355366,1.1798020333717839e+04,4.0718091403340484e+00
355412,1.1798020333717839e+04,4.0718091403340484e+00
355458,1.1798020333717839e+04,4.0718091403340484e+00
355504,1.1798020333717839e+04,4.0718091403340484e+00
355560,1.1686061726316415e+04,4.0676681759437683e+00
355606,1.1686061726316415e+04,4.0676681759437683e+00
355652,1.1686061726316415e+04,4.0676681759437683e+00
355698,1.1686061726316415e+04,4.0676681759437683e+00
355744,1.1686061726316415e+04,4.0676681759437683e+00
355790,1.1686061726316415e+04,4.0676681759437683e+00
355846,1.1686061726316415e+04,4.0676681759437683e+00
355892,1.1686061726316415e+04,4.0676681759437683e+00
355938,1.1686061726316415e+04,4.0676681759437683e+00
355984,1.1686061726316415e+04,4.0676681759437683e+00
356030,1.1686061726316415e+04,4.0676681759437683e+00
356076,1.1686061726316415e+04,4.0676681759437683e+00
356132,1.1686061726316415e+04,4.0676681759437683e+00
356178,1.1686061726316415e+04,4.0676681759437683e+00
356224,1.1686061726316415e+04,4.0676681759437683e+00
356270,1.1686061726316415e+04,4.0676681759437683e+00
356316,1.1686061726316415e+04,4.0676681759437683e+00
356362,1.1686061726316415e+04,4.0676681759437683e+00
356418,1.1473584437940179e+04,4.0596991161078861e+00
356464,1.1473584437940179e+04,4.0596991161078861e+00
356510,1.1473584437940179e+04,4.0596991161078861e+00
356556,1.1473584437940179e+04,4.0596991161078861e+00
356602,1.1473584437940179e+04,4.0596991161078861e+00
356648,1.1473584437940179e+04,4.0596991161078861e+00
356704,1.1473584437940179e+04,4.0596991161078861e+00
356750,1.1473584437940179e+04,4.0596991161078861e+00
356796,1.1473584437940179e+04,4.0596991161078861e+00
356842,1.1473584437940179e+04,4.0596991161078861e+00
356888,1.1473584437940179e+04,4.0596991161078861e+00
356934,1.1473584437940179e+04,4.0596991161078861e+00
356990,1.1432589762769612e+04,4.0581446199212943e+00
357036,1.1432589762769612e+04,4.0581446199212943e+00
357082,1.1432589762769612e+04,4.0581446199212943e+00
357128,1.1432589762769612e+04,4.0581446199212943e+00
357174,1.1432589762769612e+04,4.0581446199212943e+00
357220,1.1432589762769612e+04,4.0581446199212943e+00
357276,1.1432589762769612e+04,4.0581446199212943e+00
357322,1.1432589762769612e+04,4.0581446199212943e+00
357368,1.1432589762769612e+04,4.0581446199212943e+00
357414,1.1432589762769612e+04,4.0581446199212943e+00
357460,1.1432589762769612e+04,4.0581446199212943e+00
357506,1.1432589762769612e+04,4.0581446199212943e+00
357562,1.1399341884854830e+04,4.0568797790534630e+00
357607,1.1399341884854830e+04,4.0568797790534630e+00
357652,1.1399341884854830e+04,4.0568797790534630e+00
357697,1.1399341884854830e+04,4.0568797790534630e+00
357742,1.1399341884854830e+04,4.0568797790534630e+00
357787,1.1399341884854830e+04,4.0568797790534630e+00
357842,1.1399341884854830e+04,4.0568797790534630e+00
357887,1.1399341884854830e+04,4.0568797790534630e+00
357932,1.1399341884854830e+04,4.0568797790534630e+00
357977,1.1399341884854830e+04,4.0568797790534630e+00
358022,1.1399341884854830e+04,4.0568797790534630e+00
358067,1.1399341884854830e+04,4.0568797790534630e+00
358122,1.1399341884854830e+04,4.0568797790534630e+00
358167,1.1399341884854830e+04,4.0568797790534630e+00
358212,1.1399341884854830e+04,4.0568797790534630e+00
358257,1.1399341884854830e+04,4.0568797790534630e+00
358302,1.1399341884854830e+04,4.0568797790534630e+00
358347,1.1399341884854830e+04,4.0568797790534630e+00
358402,1.1399341884854830e+04,4.0568797790534630e+00
358447,1.1399341884854830e+04,4.0568797790534630e+00
358492,1.1399341884854830e+04,4.0568797790534630e+00
358537,1.1399341884854830e+04,4.0568797790534630e+00
358582,1.1399341884854830e+04,4.0568797790534630e+00
358627,1.1399341884854830e+04,4.0568797790534630e+00
358682,1.1399341884854830e+04,4.0568797790534630e+00
358727,1.1399341884854830e+04,4.0568797790534630e+00
358772,1.1399341884854830e+04,4.0568797790534630e+00
358817,1.1399341884854830e+04,4.0568797790534630e+00
358862,1.1399341884854830e+04,4.0568797790534630e+00
358907,1.1399341884854830e+04,4.0568797790534630e+00
358962,1.1399341884854830e+04,4.0568797790534630e+00
359007,1.1399341884854830e+04,4.0568797790534630e+00
359052,1.1399341884854830e+04,4.0568797790534630e+00
359097,1.1399341884854830e+04,4.0568797790534630e+00
359142,1.1399341884854830e+04,4.0568797790534630e+00
359187,1.1399341884854830e+04,4.0568797790534630e+00
359242,1.1399341884854830e+04,4.0568797790534630e+00
359287,1.1399341884854830e+04,4.0568797790534630e+00
359332,1.1399341884854830e+04,4.0568797790534630e+00
359377,1.1399341884854830e+04,4.0568797790534630e+00
359422,1.1399341884854830e+04,4.0568797790534630e+00
359467,1.1399341884854830e+04,4.0568797790534630e+00
359522,1.1399341884854830e+04,4.0568797790534630e+00
359567,1.1399341884854830e+04,4.0568797790534630e+00
359612,1.1399341884854830e+04,4.0568797790534630e+00
359657,1.1399341884854830e+04,4.0568797790534630e+00
359702,1.1399341884854830e+04,4.0568797790534630e+00
359747,1.1399341884854830e+04,4.0568797790534630e+00
359802,1.1310903564084212e+04,4.0534972996400072e+00
359847,1.1310903564084212e+04,4.0534972996400072e+00
359892,1.1310903564084212e+04,4.0534972996400072e+00
359937,1.1310903564084212e+04,4.0534972996400072e+00
359982,1.1310903564084212e+04,4.0534972996400072e+00
360027,1.1310903564084212e+04,4.0534972996400072e+00
360082,1.1021592156337269e+04,4.0422443363275100e+00
360127,1.1021592156337269e+04,4.0422443363275100e+00
360172,1.1021592156337269e+04,4.0422443363275100e+00
360217,1.1021592156337269e+04,4.0422443363275100e+00
360262,1.1021592156337269e+04,4.0422443363275100e+00
360307,1.1021592156337269e+04,4.0422443363275100e+00
360362,1.1006714669526133e+04,4.0416577082711509e+00
360407,1.1006714669526133e+04,4.0416577082711509e+00
360452,1.1006714669526133e+04,4.0416577082711509e+00
360497,1.1006714669526133e+04,4.0416577082711509e+00
360542,1.1006714669526133e+04,4.0416577082711509e+00
360587,1.1006714669526133e+04,4.0416577082711509e+00
360642,1.0896361627977954e+04,4.0372815081543525e+00
360687,1.0896361627977954e+04,4.0372815081543525e+00
360732,1.0896361627977954e+04,4.0372815081543525e+00
360777,1.0896361627977954e+04,4.0372815081543525e+00
360822,1.0896361627977954e+04,4.0372815081543525e+00
360867,1.0896361627977954e+04,4.0372815081543525e+00
360922,1.0896361627977954e+04,4.0372815081543525e+00
360967,1.0896361627977954e+04,4.0372815081543525e+00
361011,1.0896361627977954e+04,4.0372815081543525e+00
361055,1.0896361627977954e+04,4.0372815081543525e+00
361099,1.0896361627977954e+04,4.0372815081543525e+00
361143,1.0896361627977954e+04,4.0372815081543525e+00
361197,1.0896361627977954e+04,4.0372815081543525e+00
361241,1.0896361627977954e+04,4.0372815081543525e+00
361285,1.0896361627977954e+04,4.0372815081543525e+00
361329,1.0896361627977954e+04,4.0372815081543525e+00
361373,1.0896361627977954e+04,4.0372815081543525e+00
361417,1.0896361627977954e+04,4.0372815081543525e+00
361471,1.0896361627977954e+04,4.0372815081543525e+00
361515,1.0896361627977954e+04,4.0372815081543525e+00
361559,1.0896361627977954e+04,4.0372815081543525e+00
361603,1.0896361627977954e+04,4.0372815081543525e+00
361647,1.0896361627977954e+04,4.0372815081543525e+00
361691,1.0896361627977954e+04,4.0372815081543525e+00
361745,1.0896361627977954e+04,4.0372815081543525e+00
361789,1.0896361627977954e+04,4.0372815081543525e+00
361833,1.0896361627977954e+04,4.0372815081543525e+00
361877,1.0896361627977954e+04,4.0372815081543525e+00
361921,1.0896361627977954e+04,4.0372815081543525e+00
361965,1.0896361627977954e+04,4.0372815081543525e+00
362019,1.0896361627977954e+04,4.0372815081543525e+00
362063,1.0896361627977954e+04,4.0372815081543525e+00
362107,1.0896361627977954e+04,4.0372815081543525e+00
362151,1.0896361627977954e+04,4.0372815081543525e+00
362195,1.0896361627977954e+04,4.0372815081543525e+00
362239,1.0896361627977954e+04,4.0372815081543525e+00
362293,1.0896361627977954e+04,4.0372815081543525e+00
362337,1.0896361627977954e+04,4.0372815081543525e+00
362381,1.0896361627977954e+04,4.0372815081543525e+00
362425,1.0896361627977954e+04,4.0372815081543525e+00
362469,1.0896361627977954e+04,4.0372815081543525e+00
362513,1.0896361627977954e+04,4.0372815081543525e+00
362567,1.0747284294946410e+04,4.0312987373010625e+00
362611,1.0747284294946410e+04,4.0312987373010625e+00
362655,1.0747284294946410e+04,4.0312987373010625e+00
362699,1.0747284294946410e+04,4.0312987373010625e+00
362743,1.0747284294946410e+04,4.0312987373010625e+00
362787,1.0747284294946410e+04,4.0312987373010625e+00
362841,1.0747284294946410e+04,4.0312987373010625e+00
362885,1.0747284294946410e+04,4.0312987373010625e+00
362929,1.0747284294946410e+04,4.0312987373010625e+00
362973,1.0747284294946410e+04,4.0312987373010625e+00
363017,1.0747284294946410e+04,4.0312987373010625e+00
363061,1.0747284294946410e+04,4.0312987373010625e+00
363115,1.0747284294946410e+04,4.0312987373010625e+00
363159,1.0747284294946410e+04,4.0312987373010625e+00
363203,1.0747284294946410e+04,4.0312987373010625e+00
363247,1.0747284294946410e+04,4.0312987373010625e+00
363291,1.0747284294946410e+04,4.0312987373010625e+00
363335,1.0747284294946410e+04,4.0312987373010625e+00
363389,1.0612843506502973e+04,4.0258317603134373e+00
363433,1.0612843506502973e+04,4.0258317603134373e+00
363477,1.0612843506502973e+04,4.0258317603134373e+00
363521,1.0612843506502973e+04,4.0258317603134373e+00
363565,1.0612843506502973e+04,4.0258317603134373e+00
363609,1.0612843506502973e+04,4.0258317603134373e+00
363663,1.0612843506502973e+04,4.0258317603134373e+00
363707,1.0612843506502973e+04,4.0258317603134373e+00
363751,1.0612843506502973e+04,4.0258317603134373e+00
363795,1.0612843506502973e+04,4.0258317603134373e+00
363839,1.0612843506502973e+04,4.0258317603134373e+00
363883,1.0612843506502973e+04,4.0258317603134373e+00
363937,1.0612843506502973e+04,4.0258317603134373e+00
363981,1.0612843506502973e+04,4.0258317603134373e+00
364025,1.0612843506502973e+04,4.0258317603134373e+00
364069,1.0612843506502973e+04,4.0258317603134373e+00
364113,1.0612843506502973e+04,4.0258317603134373e+00
364157,1.0612843506502973e+04,4.0258317603134373e+00
364211,1.0612843506502973e+04,4.0258317603134373e+00
364255,1.0612843506502973e+04,4.0258317603134373e+00
364299,1.0612843506502973e+04,4.0258317603134373e+00
364343,1.0612843506502973e+04,4.0258317603134373e+00
364387,1.0612843506502973e+04,4.0258317603134373e+00
364431,1.0612843506502973e+04,4.0258317603134373e+00
364484,1.0612843506502973e+04,4.0258317603134373e+00
364527,1.0612843506502973e+04,4.0258317603134373e+00
364570,1.0612843506502973e+04,4.0258317603134373e+00
364613,1.0612843506502973e+04,4.0258317603134373e+00
364656,1.0612843506502973e+04,4.0258317603134373e+00
364699,1.0612843506502973e+04,4.0258317603134373e+00
364752,1.0612843506502973e+04,4.0258317603134373e+00
364795,1.0612843506502973e+04,4.0258317603134373e+00
364838,1.0612843506502973e+04,4.0258317603134373e+00
364881,1.0612843506502973e+04,4.0258317603134373e+00
364924,1.0612843506502973e+04,4.0258317603134373e+00
364967,1.0612843506502973e+04,4.0258317603134373e+00
365020,1.0612843506502973e+04,4.0258317603134373e+00
365063,1.0612843506502973e+04,4.0258317603134373e+00
365106,1.0612843506502973e+04,4.0258317603134373e+00
365149,1.0612843506502973e+04,4.0258317603134373e+00
365192,1.0612843506502973e+04,4.0258317603134373e+00
365235,1.0612843506502973e+04,4.0258317603134373e+00
365288,1.0419782564865358e+04,4.0178586564045409e+00
365331,1.0419782564865358e+04,4.0178586564045409e+00
365374,1.0419782564865358e+04,4.0178586564045409e+00
365417,1.0419782564865358e+04,4.0178586564045409e+00
365460,1.0419782564865358e+04,4.0178586564045409e+00
365503,1.0419782564865358e+04,4.0178586564045409e+00
365556,1.0419782564865358e+04,4.0178586564045409e+00
365599,1.0419782564865358e+04,4.0178586564045409e+00
365642,1.0419782564865358e+04,4.0178586564045409e+00
365685,1.0419782564865358e+04,4.0178586564045409e+00
365728,1.0419782564865358e+04,4.0178586564045409e+00
365771,1.0419782564865358e+04,4.0178586564045409e+00
365824,1.0419782564865358e+04,4.0178586564045409e+00
365867,1.0419782564865358e+04,4.0178586564045409e+00
365910,1.0419782564865358e+04,4.0178586564045409e+00
365953,1.0419782564865358e+04,4.0178586564045409e+00
365996,1.0419782564865358e+04,4.0178586564045409e+00
366039,1.0419782564865358e+04,4.0178586564045409e+00
366092,1.0419782564865358e+04,4.0178586564045409e+00
366135,1.0419782564865358e+04,4.0178586564045409e+00
366178,1.0419782564865358e+04,4.0178586564045409e+00
366221,1.0419782564865358e+04,4.0178586564045409e+00
366264,1.0419782564865358e+04,4.0178586564045409e+00
366307,1.0419782564865358e+04,4.0178586564045409e+00
366360,1.0419782564865358e+04,4.0178586564045409e+00
366403,1.0419782564865358e+04,4.0178586564045409e+00
366446,1.0419782564865358e+04,4.0178586564045409e+00
366489,1.0419782564865358e+04,4.0178586564045409e+00
366532,1.0419782564865358e+04,4.0178586564045409e+00
366575,1.0419782564865358e+04,4.0178586564045409e+00
366628,1.0394202285375681e+04,4.0167911645329797e+00
366671,1.0394202285375681e+04,4.0167911645329797e+00
366714,1.0394202285375681e+04,4.0167911645329797e+00
366757,1.0394202285375681e+04,4.0167911645329797e+00
366800,1.0394202285375681e+04,4.0167911645329797e+00
366843,1.0394202285375681e+04,4.0167911645329797e+00
366896,1.0394202285375681e+04,4.0167911645329797e+00
366939,1.0394202285375681e+04,4.0167911645329797e+00
366982,1.0394202285375681e+04,4.0167911645329797e+00
367025,1.0394202285375681e+04,4.0167911645329797e+00
367068,1.0394202285375681e+04,4.0167911645329797e+00
367111,1.0394202285375681e+04,4.0167911645329797e+00
367164,1.0394202285375681e+04,4.0167911645329797e+00
367207,1.0394202285375681e+04,4.0167911645329797e+00
367250,1.0394202285375681e+04,4.0167911645329797e+00
367293,1.0394202285375681e+04,4.0167911645329797e+00
367336,1.0394202285375681e+04,4.0167911645329797e+00
367379,1.0394202285375681e+04,4.0167911645329797e+00
367432,1.0394202285375681e+04,4.0167911645329797e+00
367475,1.0394202285375681e+04,4.0167911645329797e+00
367518,1.0394202285375681e+04,4.0167911645329797e+00
367561,1.0394202285375681e+04,4.0167911645329797e+00
367604,1.0394202285375681e+04,4.0167911645329797e+00
367647,1.0394202285375681e+04,4.0167911645329797e+00
367700,1.0394202285375681e+04,4.0167911645329797e+00
367743,1.0394202285375681e+04,4.0167911645329797e+00
367786,1.0394202285375681e+04,4.0167911645329797e+00
367829,1.0394202285375681e+04,4.0167911645329797e+00
367872,1.0394202285375681e+04,4.0167911645329797e+00
367915,1.0394202285375681e+04,4.0167911645329797e+00
367968,1.0394202285375681e+04,4.0167911645329797e+00
368010,1.0394202285375681e+04,4.0167911645329797e+00
368052,1.0394202285375681e+04,4.0167911645329797e+00
368094,1.0394202285375681e+04,4.0167911645329797e+00
368136,1.0394202285375681e+04,4.0167911645329797e+00
368178,1.0394202285375681e+04,4.0167911645329797e+00
368230,1.0394202285375681e+04,4.0167911645329797e+00
368272,1.0394202285375681e+04,4.0167911645329797e+00
368314,1.0394202285375681e+04,4.0167911645329797e+00
368356,1.0394202285375681e+04,4.0167911645329797e+00
368398,1.0394202285375681e+04,4.0167911645329797e+00
368440,1.0394202285375681e+04,4.0167911645329797e+00
368492,1.0381677750008501e+04,4.0162675441377891e+00
368534,1.0381677750008501e+04,4.0162675441377891e+00
368576,1.0381677750008501e+04,4.0162675441377891e+00
368618,1.0381677750008501e+04,4.0162675441377891e+00
368660,1.0381677750008501e+04,4.0162675441377891e+00
368702,1.0381677750008501e+04,4.0162675441377891e+00
368754,1.0381677750008501e+04,4.0162675441377891e+00
368796,1.0381677750008501e+04,4.0162675441377891e+00
368838,1.0381677750008501e+04,4.0162675441377891e+00
368880,1.0381677750008501e+04,4.0162675441377891e+00
368922,1.0381677750008501e+04,4.0162675441377891e+00
368964,1.0381677750008501e+04,4.0162675441377891e+00
369016,1.0381677750008501e+04,4.0162675441377891e+00
369058,1.0381677750008501e+04,4.0162675441377891e+00
369100,1.0381677750008501e+04,4.0162675441377891e+00
369142,1.0381677750008501e+04,4.0162675441377891e+00
369184,1.0381677750008501e+04,4.0162675441377891e+00
369226,1.0381677750008501e+04,4.0162675441377891e+00
369278,1.0381677750008501e+04,4.0162675441377891e+00
369320,1.0381677750008501e+04,4.0162675441377891e+00
369362,1.0381677750008501e+04,4.0162675441377891e+00
369404,1.0381677750008501e+04,4.0162675441377891e+00
369446,1.0381677750008501e+04,4.0162675441377891e+00
369488,1.0381677750008501e+04,4.0162675441377891e+00
369540,1.0381677750008501e+04,4.0162675441377891e+00
369582,1.0381677750008501e+04,4.0162675441377891e+00
369624,1.0381677750008501e+04,4.0162675441377891e+00
369666,1.0381677750008501e+04,4.0162675441377891e+00
369708,1.0381677750008501e+04,4.0162675441377891e+00
369750,1.0381677750008501e+04,4.0162675441377891e+00
369802,1.0381677750008501e+04,4.0162675441377891e+00
369844,1.0381677750008501e+04,4.0162675441377891e+00
369886,1.0381677750008501e+04,4.0162675441377891e+00
369928,1.0381677750008501e+04,4.0162675441377891e+00
369970,1.0381677750008501e+04,4.0162675441377891e+00
370012,1.0381677750008501e+04,4.0162675441377891e+00
370064,1.0381677750008501e+04,4.0162675441377891e+00
370106,1.0381677750008501e+04,4.0162675441377891e+00
370148,1.0381677750008501e+04,4.0162675441377891e+00
370190,1.0381677750008501e+04,4.0162675441377891e+00
370232,1.0381677750008501e+04,4.0162675441377891e+00
370274,1.0381677750008501e+04,4.0162675441377891e+00
370326,1.0381677750008501e+04,4.0162675441377891e+00
370368,1.0381677750008501e+04,4.0162675441377891e+00
370410,1.0381677750008501e+04,4.0162675441377891e+00
370452,1.0381677750008501e+04,4.0162675441377891e+00
370494,1.0381677750008501e+04,4.0162675441377891e+00
370536,1.0381677750008501e+04,4.0162675441377891e+00
370588,1.0002697070363591e+04,4.0001171164847609e+00
370630,1.0002697070363591e+04,4.0001171164847609e+00
370672,1.0002697070363591e+04,4.0001171164847609e+00
370714,1.0002697070363591e+04,4.0001171164847609e+00
370756,1.0002697070363591e+04,4.0001171164847609e+00
370798,1.0002697070363591e+04,4.0001171164847609e+00
370850,1.0002697070363591e+04,4.0001171164847609e+00
370892,1.0002697070363591e+04,4.0001171164847609e+00
370934,1.0002697070363591e+04,4.0001171164847609e+00
370976,1.0002697070363591e+04,4.0001171164847609e+00
371018,1.0002697070363591e+04,4.0001171164847609e+00
371060,1.0002697070363591e+04,4.0001171164847609e+00
371112,1.0002697070363591e+04,4.0001171164847609e+00
371154,1.0002697070363591e+04,4.0001171164847609e+00
371196,1.0002697070363591e+04,4.0001171164847609e+00
371238,1.0002697070363591e+04,4.0001171164847609e+00
371280,1.0002697070363591e+04,4.0001171164847609e+00
371322,1.0002697070363591e+04,4.0001171164847609e+00
371374,1.0002697070363591e+04,4.0001171164847609e+00
371416,1.0002697070363591e+04,4.0001171164847609e+00
371458,1.0002697070363591e+04,4.0001171164847609e+00
371500,1.0002697070363591e+04,4.0001171164847609e+00
371542,1.0002697070363591e+04,4.0001171164847609e+00
371584,1.0002697070363591e+04,4.0001171164847609e+00
371636,1.0002697070363591e+04,4.0001171164847609e+00
371678,1.0002697070363591e+04,4.0001171164847609e+00
371719,1.0002697070363591e+04,4.0001171164847609e+00
371760,1.0002697070363591e+04,4.0001171164847609e+00
371801,1.0002697070363591e+04,4.0001171164847609e+00
371842,1.0002697070363591e+04,4.0001171164847609e+00
371893,1.0002697070363591e+04,4.0001171164847609e+00
371934,1.0002697070363591e+04,4.0001171164847609e+00
371975,1.0002697070363591e+04,4.0001171164847609e+00
372016,1.0002697070363591e+04,4.0001171164847609e+00
372057,1.0002697070363591e+04,4.0001171164847609e+00
372098,1.0002697070363591e+04,4.0001171164847609e+00
372149,1.0002697070363591e+04,4.0001171164847609e+00
372190,1.0002697070363591e+04,4.0001171164847609e+00
372231,1.0002697070363591e+04,4.0001171164847609e+00
372272,1.0002697070363591e+04,4.0001171164847609e+00
372313,1.0002697070363591e+04,4.0001171164847609e+00
372354,1.0002697070363591e+04,4.0001171164847609e+00
372405,1.0002697070363591e+04,4.0001171164847609e+00
372446,1.0002697070363591e+04,4.0001171164847609e+00
372487,1.0002697070363591e+04,4.0001171164847609e+00
372528,1.0002697070363591e+04,4.0001171164847609e+00
372569,1.0002697070363591e+04,4.0001171164847609e+00
372610,1.0002697070363591e+04,4.0001171164847609e+00
372661,9.8144098919142471e+03,3.9918641920267159e+00
372702,9.8144098919142471e+03,3.9918641920267159e+00
372743,9.8144098919142471e+03,3.9918641920267159e+00
372784,9.8144098919142471e+03,3.9918641920267159e+00
372825,9.8144098919142471e+03,3.9918641920267159e+00
372866,9.8144098919142471e+03,3.9918641920267159e+00
372917,9.8144098919142471e+03,3.9918641920267159e+00
372958,9.8144098919142471e+03,3.9918641920267159e+00
372999,9.8144098919142471e+03,3.9918641920267159e+00
373040,9.8144098919142471e+03,3.9918641920267159e+00
373081,9.8144098919142471e+03,3.9918641920267159e+00
373122,9.8144098919142471e+03,3.9918641920267159e+00
373173,9.8144098919142471e+03,3.9918641920267159e+00
373214,9.8144098919142471e+03,3.9918641920267159e+00
373255,9.8144098919142471e+03,3.9918641920267159e+00
373296,9.8144098919142471e+03,3.9918641920267159e+00
373337,9.8144098919142471e+03,3.9918641920267159e+00
373378,9.8144098919142471e+03,3.9918641920267159e+00
373429,9.8144098919142471e+03,3.9918641920267159e+00
373470,9.8144098919142471e+03,3.9918641920267159e+00
373511,9.8144098919142471e+03,3.9918641920267159e+00
373552,9.8144098919142471e+03,3.9918641920267159e+00
373593,9.8144098919142471e+03,3.9918641920267159e+00
373634,9.8144098919142471e+03,3.9918641920267159e+00
373685,9.8144098919142471e+03,3.9918641920267159e+00
373726,9.8144098919142471e+03,3.9918641920267159e+00
373767,9.8144098919142471e+03,3.9918641920267159e+00
373808,9.8144098919142471e+03,3.9918641920267159e+00
373849,9.8144098919142471e+03,3.9918641920267159e+00
373890,9.8144098919142471e+03,3.9918641920267159e+00
373941,9.8024463667534310e+03,3.9913344747736468e+00
373982,9.8024463667534310e+03,3.9913344747736468e+00
374023,9.8024463667534310e+03,3.9913344747736468e+00
374064,9.8024463667534310e+03,3.9913344747736468e+00
374105,9.8024463667534310e+03,3.9913344747736468e+00
374146,9.8024463667534310e+03,3.9913344747736468e+00
374197,9.8024463667534310e+03,3.9913344747736468e+00
374238,9.8024463667534310e+03,3.9913344747736468e+00
374279,9.8024463667534310e+03,3.9913344747736468e+00
374320,9.8024463667534310e+03,3.9913344747736468e+00
374361,9.8024463667534310e+03,3.9913344747736468e+00
374402,9.8024463667534310e+03,3.9913344747736468e+00
374453,9.8024463667534310e+03,3.9913344747736468e+00
374494,9.8024463667534310e+03,3.9913344747736468e+00
374535,9.8024463667534310e+03,3.9913344747736468e+00
374576,9.8024463667534310e+03,3.9913344747736468e+00
374617,9.8024463667534310e+03,3.9913344747736468e+00
374658,9.8024463667534310e+03,3.9913344747736468e+00
374709,9.8024463667534310e+03,3.9913344747736468e+00
374750,9.8024463667534310e+03,3.9913344747736468e+00
374791,9.8024463667534310e+03,3.9913344747736468e+00
374832,9.8024463667534310e+03,3.9913344747736468e+00
374873,9.8024463667534310e+03,3.9913344747736468e+00
374914,9.8024463667534310e+03,3.9913344747736468e+00
374965,9.8024463667534310e+03,3.9913344747736468e+00
375006,9.8024463667534310e+03,3.9913344747736468e+00
375047,9.8024463667534310e+03,3.9913344747736468e+00
375088,9.8024463667534310e+03,3.9913344747736468e+00
375129,9.8024463667534310e+03,3.9913344747736468e+00
375170,9.8024463667534310e+03,3.9913344747736468e+00
375221,9.8024463667534310e+03,3.9913344747736468e+00
375262,9.8024463667534310e+03,3.9913344747736468e+00
375303,9.8024463667534310e+03,3.9913344747736468e+00
375344,9.8024463667534310e+03,3.9913344747736468e+00
375385,9.8024463667534310e+03,3.9913344747736468e+00
375426,9.8024463667534310e+03,3.9913344747736468e+00
375477,9.8024463667534310e+03,3.9913344747736468e+00
375517,9.8024463667534310e+03,3.9913344747736468e+00
375557,9.8024463667534310e+03,3.9913344747736468e+00
375597,9.8024463667534310e+03,3.9913344747736468e+00
375637,9.8024463667534310e+03,3.9913344747736468e+00
375677,9.8024463667534310e+03,3.9913344747736468e+00
375727,9.8024463667534310e+03,3.9913344747736468e+00
375767,9.8024463667534310e+03,3.9913344747736468e+00
375807,9.8024463667534310e+03,3.9913344747736468e+00
375847,9.8024463667534310e+03,3.9913344747736468e+00
375887,9.8024463667534310e+03,3.9913344747736468e+00
375927,9.8024463667534310e+03,3.9913344747736468e+00
375977,9.8024463667534310e+03,3.9913344747736468e+00
376017,9.8024463667534310e+03,3.9913344747736468e+00
376057,9.8024463667534310e+03,3.9913344747736468e+00
376097,9.8024463667534310e+03,3.9913344747736468e+00
376137,9.8024463667534310e+03,3.9913344747736468e+00
376177,9.8024463667534310e+03,3.9913344747736468e+00
376227,9.8024463667534310e+03,3.9913344747736468e+00
376267,9.8024463667534310e+03,3.9913344747736468e+00
376307,9.8024463667534310e+03,3.9913344747736468e+00
376347,9.8024463667534310e+03,3.9913344747736468e+00
376387,9.8024463667534310e+03,3.9913344747736468e+00
376427,9.8024463667534310e+03,3.9913344747736468e+00
376477,9.8024463667534310e+03,3.9913344747736468e+00
376517,9.8024463667534310e+03,3.9913344747736468e+00
376557,9.8024463667534310e+03,3.9913344747736468e+00
376597,9.8024463667534310e+03,3.9913344747736468e+00
376637,9.8024463667534310e+03,3.9913344747736468e+00
376677,9.8024463667534310e+03,3.9913344747736468e+00
376727,9.8024463667534310e+03,3.9913344747736468e+00
376767,9.8024463667534310e+03,3.9913344747736468e+00
376807,9.8024463667534310e+03,3.9913344747736468e+00
376847,9.8024463667534310e+03,3.9913344747736468e+00
376887,9.8024463667534310e+03,3.9913344747736468e+00
376927,9.8024463667534310e+03,3.9913344747736468e+00
376977,9.8024463667534310e+03,3.9913344747736468e+00
377017,9.8024463667534310e+03,3.9913344747736468e+00
377057,9.8024463667534310e+03,3.9913344747736468e+00
377097,9.8024463667534310e+03,3.9913344747736468e+00
377137,9.8024463667534310e+03,3.9913344747736468e+00
377177,9.8024463667534310e+03,3.9913344747736468e+00
377227,9.8024463667534310e+03,3.9913344747736468e+00
377267,9.8024463667534310e+03,3.9913344747736468e+00
377307,9.8024463667534310e+03,3.9913344747736468e+00
377347,9.8024463667534310e+03,3.9913344747736468e+00
377387,9.8024463667534310e+03,3.9913344747736468e+00
377427,9.8024463667534310e+03,3.9913344747736468e+00
377477,9.8024463667534310e+03,3.9913344747736468e+00
377517,9.8024463667534310e+03,3.9913344747736468e+00
377557,9.8024463667534310e+03,3.9913344747736468e+00
377597,9.8024463667534310e+03,3.9913344747736468e+00
377637,9.8024463667534310e+03,3.9913344747736468e+00
377677,9.8024463667534310e+03,3.9913344747736468e+00
377727,9.8024463667534310e+03,3.9913344747736468e+00
377767,9.8024463667534310e+03,3.9913344747736468e+00
377807,9.8024463667534310e+03,3.9913344747736468e+00
377847,9.8024463667534310e+03,3.9913344747736468e+00
377887,9.8024463667534310e+03,3.9913344747736468e+00
377927,9.8024463667534310e+03,3.9913344747736468e+00
377977,9.5481897691514823e+03,3.9799210419723705e+00
378017,9.5481897691514823e+03,3.9799210419723705e+00
378057,9.5481897691514823e+03,3.9799210419723705e+00
378097,9.5481897691514823e+03,3.9799210419723705e+00
378137,9.5481897691514823e+03,3.9799210419723705e+00
378177,9.5481897691514823e+03,3.9799210419723705e+00
378227,9.5481897691514823e+03,3.9799210419723705e+00
378267,9.5481897691514823e+03,3.9799210419723705e+00
378307,9.5481897691514823e+03,3.9799210419723705e+00
378347,9.5481897691514823e+03,3.9799210419723705e+00
378387,9.5481897691514823e+03,3.9799210419723705e+00
378427,9.5481897691514823e+03,3.9799210419723705e+00
378477,9.5481897691514823e+03,3.9799210419723705e+00
378517,9.5481897691514823e+03,3.9799210419723705e+00
378557,9.5481897691514823e+03,3.9799210419723705e+00
378597,9.5481897691514823e+03,3.9799210419723705e+00
378637,9.5481897691514823e+03,3.9799210419723705e+00
378677,9.5481897691514823e+03,3.9799210419723705e+00
378727,9.5481897691514823e+03,3.9799210419723705e+00
378767,9.5481897691514823e+03,3.9799210419723705e+00
378807,9.5481897691514823e+03,3.9799210419723705e+00
378847,9.5481897691514823e+03,3.9799210419723705e+00
378887,9.5481897691514823e+03,3.9799210419723705e+00
378927,9.5481897691514823e+03,3.9799210419723705e+00
378977,9.5481897691514823e+03,3.9799210419723705e+00
379017,9.5481897691514823e+03,3.9799210419723705e+00
379057,9.5481897691514823e+03,3.9799210419723705e+00
379097,9.5481897691514823e+03,3.9799210419723705e+00
379137,9.5481897691514823e+03,3.9799210419723705e+00
379177,9.5481897691514823e+03,3.9799210419723705e+00
379227,9.5481897691514823e+03,3.9799210419723705e+00
379267,9.5481897691514823e+03,3.9799210419723705e+00
379307,9.5481897691514823e+03,3.9799210419723705e+00
379347,9.5481897691514823e+03,3.9799210419723705e+00
379387,9.5481897691514823e+03,3.9799210419723705e+00
379426,9.5481897691514823e+03,3.9799210419723705e+00
379475,9.5481897691514823e+03,3.9799210419723705e+00
379514,9.5481897691514823e+03,3.9799210419723705e+00
379553,9.5481897691514823e+03,3.9799210419723705e+00
379592,9.5481897691514823e+03,3.9799210419723705e+00
379631,9.5481897691514823e+03,3.9799210419723705e+00
379670,9.5481897691514823e+03,3.9799210419723705e+00
379719,9.5481897691514823e+03,3.9799210419723705e+00
379758,9.5481897691514823e+03,3.9799210419723705e+00
379797,9.5481897691514823e+03,3.9799210419723705e+00
379836,9.5481897691514823e+03,3.9799210419723705e+00
379875,9.5481897691514823e+03,3.9799210419723705e+00
379914,9.5481897691514823e+03,3.9799210419723705e+00
379963,9.5481897691514823e+03,3.9799210419723705e+00
380002,9.5481897691514823e+03,3.9799210419723705e+00
380041,9.5481897691514823e+03,3.9799210419723705e+00
380080,9.5481897691514823e+03,3.9799210419723705e+00
380119,9.5481897691514823e+03,3.9799210419723705e+00
380158,9.5481897691514823e+03,3.9799210419723705e+00
380207,9.5481897691514823e+03,3.9799210419723705e+00
380246,9.5481897691514823e+03,3.9799210419723705e+00
380285,9.5481897691514823e+03,3.9799210419723705e+00
380324,9.5481897691514823e+03,3.9799210419723705e+00
380363,9.5481897691514823e+03,3.9799210419723705e+00
380402,9.5481897691514823e+03,3.9799210419723705e+00
380451,9.5481897691514823e+03,3.9799210419723705e+00
380490,9.5481897691514823e+03,3.9799210419723705e+00
380529,9.5481897691514823e+03,3.9799210419723705e+00
380568,9.5481897691514823e+03,3.9799210419723705e+00
380607,9.5481897691514823e+03,3.9799210419723705e+00
380646,9.5481897691514823e+03,3.9799210419723705e+00
380695,9.5481897691514823e+03,3.9799210419723705e+00
380734,9.5481897691514823e+03,3.9799210419723705e+00
380773,9.5481897691514823e+03,3.9799210419723705e+00
380812,9.5481897691514823e+03,3.9799210419723705e+00
380851,9.5481897691514823e+03,3.9799210419723705e+00
380890,9.5481897691514823e+03,3.9799210419723705e+00
380939,9.5481897691514823e+03,3.9799210419723705e+00
380978,9.5481897691514823e+03,3.9799210419723705e+00
381017,9.5481897691514823e+03,3.9799210419723705e+00
381056,9.5481897691514823e+03,3.9799210419723705e+00
381095,9.5481897691514823e+03,3.9799210419723705e+00
381134,9.5481897691514823e+03,3.9799210419723705e+00
381183,9.5481897691514823e+03,3.9799210419723705e+00
381222,9.5481897691514823e+03,3.9799210419723705e+00
381261,9.5481897691514823e+03,3.9799210419723705e+00
381300,9.5481897691514823e+03,3.9799210419723705e+00
381339,9.5481897691514823e+03,3.9799210419723705e+00
381378,9.5481897691514823e+03,3.9799210419723705e+00
381427,9.5481897691514823e+03,3.9799210419723705e+00
381466,9.5481897691514823e+03,3.9799210419723705e+00
381505,9.5481897691514823e+03,3.9799210419723705e+00
381544,9.5481897691514823e+03,3.9799210419723705e+00
381583,9.5481897691514823e+03,3.9799210419723705e+00
381622,9.5481897691514823e+03,3.9799210419723705e+00
381671,9.5481897691514823e+03,3.9799210419723705e+00
381710,9.5481897691514823e+03,3.9799210419723705e+00
381749,9.5481897691514823e+03,3.9799210419723705e+00
381788,9.5481897691514823e+03,3.9799210419723705e+00
381827,9.5481897691514823e+03,3.9799210419723705e+00
381866,9.5481897691514823e+03,3.9799210419723705e+00
381915,9.5481897691514823e+03,3.9799210419723705e+00
381954,9.5481897691514823e+03,3.9799210419723705e+00
381993,9.5481897691514823e+03,3.9799210419723705e+00
382032,9.5481897691514823e+03,3.9799210419723705e+00
382071,9.5481897691514823e+03,3.9799210419723705e+00
382110,9.5481897691514823e+03,3.9799210419723705e+00
382159,9.5481897691514823e+03,3.9799210419723705e+00
382198,9.5481897691514823e+03,3.9799210419723705e+00
382237,9.5481897691514823e+03,3.9799210419723705e+00
382276,9.5481897691514823e+03,3.9799210419723705e+00
382315,9.5481897691514823e+03,3.9799210419723705e+00
382354,9.5481897691514823e+03,3.9799210419723705e+00
382403,9.5481897691514823e+03,3.9799210419723705e+00
382442,9.5481897691514823e+03,3.9799210419723705e+00
382481,9.5481897691514823e+03,3.9799210419723705e+00
382520,9.5481897691514823e+03,3.9799210419723705e+00
382559,9.5481897691514823e+03,3.9799210419723705e+00
382598,9.5481897691514823e+03,3.9799210419723705e+00
382647,9.5481897691514823e+03,3.9799210419723705e+00
382686,9.5481897691514823e+03,3.9799210419723705e+00
382725,9.5481897691514823e+03,3.9799210419723705e+00
382764,9.5481897691514823e+03,3.9799210419723705e+00
382803,9.5481897691514823e+03,3.9799210419723705e+00
382842,9.5481897691514823e+03,3.9799210419723705e+00
382891,9.5481897691514823e+03,3.9799210419723705e+00
382930,9.5481897691514823e+03,3.9799210419723705e+00
382969,9.5481897691514823e+03,3.9799210419723705e+00
383008,9.5481897691514823e+03,3.9799210419723705e+00
383047,9.5481897691514823e+03,3.9799210419723705e+00
383086,9.5481897691514823e+03,3.9799210419723705e+00
383135,9.5481897691514823e+03,3.9799210419723705e+00
383174,9.5481897691514823e+03,3.9799210419723705e+00
383213,9.5481897691514823e+03,3.9799210419723705e+00
383252,9.5481897691514823e+03,3.9799210419723705e+00
383291,9.5481897691514823e+03,3.9799210419723705e+00
383330,9.5481897691514823e+03,3.9799210419723705e+00
383379,9.5481897691514823e+03,3.9799210419723705e+00
383418,9.5481897691514823e+03,3.9799210419723705e+00
383457,9.5481897691514823e+03,3.9799210419723705e+00
383495,9.5481897691514823e+03,3.9799210419723705e+00
383533,9.5481897691514823e+03,3.9799210419723705e+00
383571,9.5481897691514823e+03,3.9799210419723705e+00
383619,9.5481897691514823e+03,3.9799210419723705e+00
383657,9.5481897691514823e+03,3.9799210419723705e+00
383695,9.5481897691514823e+03,3.9799210419723705e+00
383733,9.5481897691514823e+03,3.9799210419723705e+00
383771,9.5481897691514823e+03,3.9799210419723705e+00
383809,9.5481897691514823e+03,3.9799210419723705e+00
383857,9.5481897691514823e+03,3.9799210419723705e+00
383895,9.5481897691514823e+03,3.9799210419723705e+00
383933,9.5481897691514823e+03,3.9799210419723705e+00
383971,9.5481897691514823e+03,3.9799210419723705e+00
384009,9.5481897691514823e+03,3.9799210419723705e+00
384047,9.5481897691514823e+03,3.9799210419723705e+00
384095,9.2600541244692886e+03,3.9666135251149424e+00
384133,9.2600541244692886e+03,3.9666135251149424e+00
384171,9.2600541244692886e+03,3.9666135251149424e+00
384209,9.2600541244692886e+03,3.9666135251149424e+00
384247,9.2600541244692886e+03,3.9666135251149424e+00
384285,9.2600541244692886e+03,3.9666135251149424e+00
384333,9.2600541244692886e+03,3.9666135251149424e+00
384371,9.2600541244692886e+03,3.9666135251149424e+00
384409,9.2600541244692886e+03,3.9666135251149424e+00
384447,9.2600541244692886e+03,3.9666135251149424e+00
384485,9.2600541244692886e+03,3.9666135251149424e+00
384523,9.2600541244692886e+03,3.9666135251149424e+00
384571,9.2600541244692886e+03,3.9666135251149424e+00
384609,9.2600541244692886e+03,3.9666135251149424e+00
384647,9.2600541244692886e+03,3.9666135251149424e+00
384685,9.2600541244692886e+03,3.9666135251149424e+00
384723,9.2600541244692886e+03,3.9666135251149424e+00
384761,9.2600541244692886e+03,3.9666135251149424e+00
384809,9.2600541244692886e+03,3.9666135251149424e+00
384847,9.2600541244692886e+03,3.9666135251149424e+00
384885,9.2600541244692886e+03,3.9666135251149424e+00
384923,9.2600541244692886e+03,3.9666135251149424e+00
384961,9.2600541244692886e+03,3.9666135251149424e+00
384999,9.2600541244692886e+03,3.9666135251149424e+00
385047,9.2600541244692886e+03,3.9666135251149424e+00
385085,9.2600541244692886e+03,3.9666135251149424e+00
385123,9.2600541244692886e+03,3.9666135251149424e+00
385161,9.2600541244692886e+03,3.9666135251149424e+00
385199,9.2600541244692886e+03,3.9666135251149424e+00
385237,9.2600541244692886e+03,3.9666135251149424e+00
385285,9.2600541244692886e+03,3.9666135251149424e+00
385323,9.2600541244692886e+03,3.9666135251149424e+00
385361,9.2600541244692886e+03,3.9666135251149424e+00
385399,9.2600541244692886e+03,3.9666135251149424e+00
385437,9.2600541244692886e+03,3.9666135251149424e+00
385475,9.2600541244692886e+03,3.9666135251149424e+00
385523,9.2600541244692886e+03,3.9666135251149424e+00
385561,9.2600541244692886e+03,3.9666135251149424e+00
385599,9.2600541244692886e+03,3.9666135251149424e+00
385637,9.2600541244692886e+03,3.9666135251149424e+00
385675,9.2600541244692886e+03,3.9666135251149424e+00
385713,9.2600541244692886e+03,3.9666135251149424e+00
385761,9.2600541244692886e+03,3.9666135251149424e+00
385799,9.2600541244692886e+03,3.9666135251149424e+00
385837,9.2600541244692886e+03,3.9666135251149424e+00
385875,9.2600541244692886e+03,3.9666135251149424e+00
385913,9.2600541244692886e+03,3.9666135251149424e+00
385951,9.2600541244692886e+03,3.9666135251149424e+00
385999,9.2110312812041084e+03,3.9643082571960506e+00
386037,9.2110312812041084e+03,3.9643082571960506e+00
386075,9.2110312812041084e+03,3.9643082571960506e+00
386113,9.2110312812041084e+03,3.9643082571960506e+00
386151,9.2110312812041084e+03,3.9643082571960506e+00
386189,9.2110312812041084e+03,3.9643082571960506e+00
386237,9.2110312812041084e+03,3.9643082571960506e+00
386275,9.2110312812041084e+03,3.9643082571960506e+00
386313,9.2110312812041084e+03,3.9643082571960506e+00
386351,9.2110312812041084e+03,3.9643082571960506e+00
386389,9.2110312812041084e+03,3.9643082571960506e+00
386427,9.2110312812041084e+03,3.9643082571960506e+00
386475,9.2110312812041084e+03,3.9643082571960506e+00
386513,9.2110312812041084e+03,3.9643082571960506e+00
386551,9.2110312812041084e+03,3.9643082571960506e+00
386589,9.2110312812041084e+03,3.9643082571960506e+00
386627,9.2110312812041084e+03,3.9643082571960506e+00
386665,9.2110312812041084e+03,3.9643082571960506e+00
386713,9.2110312812041084e+03,3.9643082571960506e+00
386751,9.2110312812041084e+03,3.9643082571960506e+00
386789,9.2110312812041084e+03,3.9643082571960506e+00
386827,9.2110312812041084e+03,3.9643082571960506e+00
386865,9.2110312812041084e+03,3.9643082571960506e+00
386903,9.2110312812041084e+03,3.9643082571960506e+00
386951,9.2110312812041084e+03,3.9643082571960506e+00
386989,9.2110312812041084e+03,3.9643082571960506e+00
387027,9.2110312812041084e+03,3.9643082571960506e+00
387065,9.2110312812041084e+03,3.9643082571960506e+00
387103,9.2110312812041084e+03,3.9643082571960506e+00
387141,9.2110312812041084e+03,3.9643082571960506e+00
387189,9.2110312812041084e+03,3.9643082571960506e+00
387227,9.2110312812041084e+03,3.9643082571960506e+00
387265,9.2110312812041084e+03,3.9643082571960506e+00
387303,9.2110312812041084e+03,3.9643082571960506e+00
387341,9.2110312812041084e+03,3.9643082571960506e+00
387379,9.2110312812041084e+03,3.9643082571960506e+00
387427,9.1547189705718465e+03,3.9616450169716089e+00
387465,9.1547189705718465e+03,3.9616450169716089e+00
387503,9.1547189705718465e+03,3.9616450169716089e+00
387541,9.1547189705718465e+03,3.9616450169716089e+00
387579,9.1547189705718465e+03,3.9616450169716089e+00
387617,9.1547189705718465e+03,3.9616450169716089e+00
387665,9.1547189705718465e+03,3.9616450169716089e+00
387703,9.1547189705718465e+03,3.9616450169716089e+00
387740,9.1547189705718465e+03,3.9616450169716089e+00
387777,9.1547189705718465e+03,3.9616450169716089e+00
387814,9.1547189705718465e+03,3.9616450169716089e+00
387851,9.1547189705718465e+03,3.9616450169716089e+00
387898,9.1547189705718465e+03,3.9616450169716089e+00
387935,9.1547189705718465e+03,3.9616450169716089e+00
387972,9.1547189705718465e+03,3.9616450169716089e+00
388009,9.1547189705718465e+03,3.9616450169716089e+00
388046,9.1547189705718465e+03,3.9616450169716089e+00
388083,9.1547189705718465e+03,3.9616450169716089e+00
388130,9.1547189705718465e+03,3.9616450169716089e+00
388167,9.1547189705718465e+03,3.9616450169716089e+00
388204,9.1547189705718465e+03,3.9616450169716089e+00
388241,9.1547189705718465e+03,3.9616450169716089e+00
388278,9.1547189705718465e+03,3.9616450169716089e+00
388315,9.1547189705718465e+03,3.9616450169716089e+00
388362,9.1547189705718465e+03,3.9616450169716089e+00
388399,9.1547189705718465e+03,3.9616450169716089e+00
388436,9.1547189705718465e+03,3.9616450169716089e+00
388473,9.1547189705718465e+03,3.9616450169716089e+00
388510,9.1547189705718465e+03,3.9616450169716089e+00
388547,9.1547189705718465e+03,3.9616450169716089e+00
388594,9.1547189705718465e+03,3.9616450169716089e+00
388631,9.1547189705718465e+03,3.9616450169716089e+00
388668,9.1547189705718465e+03,3.9616450169716089e+00
388705,9.1547189705718465e+03,3.9616450169716089e+00
388742,9.1547189705718465e+03,3.9616450169716089e+00
388779,9.1547189705718465e+03,3.9616450169716089e+00
388826,9.1547189705718465e+03,3.9616450169716089e+00
388863,9.1547189705718465e+03,3.9616450169716089e+00
388900,9.1547189705718465e+03,3.9616450169716089e+00
388937,9.1547189705718465e+03,3.9616450169716089e+00
388974,9.1547189705718465e+03,3.9616450169716089e+00
389011,9.1547189705718465e+03,3.9616450169716089e+00
389058,9.1547189705718465e+03,3.9616450169716089e+00
389095,9.1547189705718465e+03,3.9616450169716089e+00
389132,9.1547189705718465e+03,3.9616450169716089e+00
389169,9.1547189705718465e+03,3.9616450169716089e+00
389206,9.1547189705718465e+03,3.9616450169716089e+00
389243,9.1547189705718465e+03,3.9616450169716089e+00
389290,9.1547189705718465e+03,3.9616450169716089e+00
389327,9.1547189705718465e+03,3.9616450169716089e+00
389364,9.1547189705718465e+03,3.9616450169716089e+00
389401,9.1547189705718465e+03,3.9616450169716089e+00
389438,9.1547189705718465e+03,3.9616450169716089e+00
389475,9.1547189705718465e+03,3.9616450169716089e+00
389522,9.1547189705718465e+03,3.9616450169716089e+00
389559,9.1547189705718465e+03,3.9616450169716089e+00
389596,9.1547189705718465e+03,3.9616450169716089e+00
389633,9.1547189705718465e+03,3.9616450169716089e+00
389670,9.1547189705718465e+03,3.9616450169716089e+00
389707,9.1547189705718465e+03,3.9616450169716089e+00
389754,9.1547189705718465e+03,3.9616450169716089e+00
389791,9.1547189705718465e+03,3.9616450169716089e+00
389828,9.1547189705718465e+03,3.9616450169716089e+00
389865,9.1547189705718465e+03,3.9616450169716089e+00
389902,9.1547189705718465e+03,3.9616450169716089e+00
389939,9.1547189705718465e+03,3.9616450169716089e+00
389986,9.1547189705718465e+03,3.9616450169716089e+00
390023,9.1547189705718465e+03,3.9616450169716089e+00
390060,9.1547189705718465e+03,3.9616450169716089e+00
390097,9.1547189705718465e+03,3.9616450169716089e+00
390134,9.1547189705718465e+03,3.9616450169716089e+00
390171,9.1547189705718465e+03,3.9616450169716089e+00
390218,9.1547189705718465e+03,3.9616450169716089e+00
390255,9.1547189705718465e+03,3.9616450169716089e+00
390292,9.1547189705718465e+03,3.9616450169716089e+00
390329,9.1547189705718465e+03,3.9616450169716089e+00
390366,9.1547189705718465e+03,3.9616450169716089e+00
390403,9.1547189705718465e+03,3.9616450169716089e+00
390450,9.1547189705718465e+03,3.9616450169716089e+00
390487,9.1547189705718465e+03,3.9616450169716089e+00
390524,9.1547189705718465e+03,3.9616450169716089e+00
390561,9.1547189705718465e+03,3.9616450169716089e+00
390598,9.1547189705718465e+03,3.9616450169716089e+00
390635,9.1547189705718465e+03,3.9616450169716089e+00
390682,9.1547189705718465e+03,3.9616450169716089e+00
390719,9.1547189705718465e+03,3.9616450169716089e+00
390756,9.1547189705718465e+03,3.9616450169716089e+00
390793,9.1547189705718465e+03,3.9616450169716089e+00
390830,9.1547189705718465e+03,3.9616450169716089e+00
390867,9.1547189705718465e+03,3.9616450169716089e+00
390914,9.1547189705718465e+03,3.9616450169716089e+00
390951,9.1547189705718465e+03,3.9616450169716089e+00
390988,9.1547189705718465e+03,3.9616450169716089e+00
391025,9.1547189705718465e+03,3.9616450169716089e+00
391062,9.1547189705718465e+03,3.9616450169716089e+00
391099,9.1547189705718465e+03,3.9616450169716089e+00
391146,9.1547189705718465e+03,3.9616450169716089e+00
391183,9.1547189705718465e+03,3.9616450169716089e+00
391220,9.1547189705718465e+03,3.9616450169716089e+00
391257,9.1547189705718465e+03,3.9616450169716089e+00
391294,9.1547189705718465e+03,3.9616450169716089e+00
391331,9.1547189705718465e+03,3.9616450169716089e+00
391378,9.1547189705718465e+03,3.9616450169716089e+00
391415,9.1547189705718465e+03,3.9616450169716089e+00
391452,9.1547189705718465e+03,3.9616450169716089e+00
391489,9.1547189705718465e+03,3.9616450169716089e+00
391526,9.1547189705718465e+03,3.9616450169716089e+00
391563,9.1547189705718465e+03,3.9616450169716089e+00
391610,9.1547189705718465e+03,3.9616450169716089e+00
391647,9.1547189705718465e+03,3.9616450169716089e+00
391684,9.1547189705718465e+03,3.9616450169716089e+00
391721,9.1547189705718465e+03,3.9616450169716089e+00
391758,9.1547189705718465e+03,3.9616450169716089e+00
391795,9.1547189705718465e+03,3.9616450169716089e+00
391842,9.1547189705718465e+03,3.9616450169716089e+00
391879,9.1547189705718465e+03,3.9616450169716089e+00
391916,9.1547189705718465e+03,3.9616450169716089e+00
391953,9.1547189705718465e+03,3.9616450169716089e+00
391990,9.1547189705718465e+03,3.9616450169716089e+00
392027,9.1547189705718465e+03,3.9616450169716089e+00
392074,9.1547189705718465e+03,3.9616450169716089e+00
392111,9.1547189705718465e+03,3.9616450169716089e+00
392147,9.1547189705718465e+03,3.9616450169716089e+00
392183,9.1547189705718465e+03,3.9616450169716089e+00
392219,9.1547189705718465e+03,3.9616450169716089e+00
392255,9.1547189705718465e+03,3.9616450169716089e+00
392301,9.1547189705718465e+03,3.9616450169716089e+00
392337,9.1547189705718465e+03,3.9616450169716089e+00
392373,9.1547189705718465e+03,3.9616450169716089e+00
392409,9.1547189705718465e+03,3.9616450169716089e+00
392445,9.1547189705718465e+03,3.9616450169716089e+00
392481,9.1547189705718465e+03,3.9616450169716089e+00
392527,9.1547189705718465e+03,3.9616450169716089e+00
392563,9.1547189705718465e+03,3.9616450169716089e+00
392599,9.1547189705718465e+03,3.9616450169716089e+00
392635,9.1547189705718465e+03,3.9616450169716089e+00
392671,9.1547189705718465e+03,3.9616450169716089e+00
392707,9.1547189705718465e+03,3.9616450169716089e+00
392753,9.1547189705718465e+03,3.9616450169716089e+00
392789,9.1547189705718465e+03,3.9616450169716089e+00
392825,9.1547189705718465e+03,3.9616450169716089e+00
392861,9.1547189705718465e+03,3.9616450169716089e+00
392897,9.1547189705718465e+03,3.9616450169716089e+00
392933,9.1547189705718465e+03,3.9616450169716089e+00
392979,9.1547189705718465e+03,3.9616450169716089e+00
393015,9.1547189705718465e+03,3.9616450169716089e+00
393051,9.1547189705718465e+03,3.9616450169716089e+00
393087,9.1547189705718465e+03,3.9616450169716089e+00
393123,9.1547189705718465e+03,3.9616450169716089e+00
393159,9.1547189705718465e+03,3.9616450169716089e+00
393205,9.1547189705718465e+03,3.9616450169716089e+00
393241,9.1547189705718465e+03,3.9616450169716089e+00
393277,9.1547189705718465e+03,3.9616450169716089e+00
393313,9.1547189705718465e+03,3.9616450169716089e+00
393349,9.1547189705718465e+03,3.9616450169716089e+00
393385,9.1547189705718465e+03,3.9616450169716089e+00
393431,9.1547189705718465e+03,3.9616450169716089e+00
393467,9.1547189705718465e+03,3.9616450169716089e+00
393503,9.1547189705718465e+03,3.9616450169716089e+00
393539,9.1547189705718465e+03,3.9616450169716089e+00
393575,9.1547189705718465e+03,3.9616450169716089e+00
393611,9.1547189705718465e+03,3.9616450169716089e+00
393657,9.1547189705718465e+03,3.9616450169716089e+00
393693,9.1547189705718465e+03,3.9616450169716089e+00
393729,9.1547189705718465e+03,3.9616450169716089e+00
393765,9.1547189705718465e+03,3.9616450169716089e+00
393801,9.1547189705718465e+03,3.9616450169716089e+00
393837,9.1547189705718465e+03,3.9616450169716089e+00
393883,9.1547189705718465e+03,3.9616450169716089e+00
393919,9.1547189705718465e+03,3.9616450169716089e+00
393955,9.1547189705718465e+03,3.9616450169716089e+00
393991,9.1547189705718465e+03,3.9616450169716089e+00
394027,9.1547189705718465e+03,3.9616450169716089e+00
394063,9.1547189705718465e+03,3.9616450169716089e+00
394109,9.1547189705718465e+03,3.9616450169716089e+00
394145,9.1547189705718465e+03,3.9616450169716089e+00
394181,9.1547189705718465e+03,3.9616450169716089e+00
394217,9.1547189705718465e+03,3.9616450169716089e+00
394253,9.1547189705718465e+03,3.9616450169716089e+00
394289,9.1547189705718465e+03,3.9616450169716089e+00
394335,9.1547189705718465e+03,3.9616450169716089e+00
394371,9.1547189705718465e+03,3.9616450169716089e+00
394407,9.1547189705718465e+03,3.9616450169716089e+00
394443,9.1547189705718465e+03,3.9616450169716089e+00
394479,9.1547189705718465e+03,3.9616450169716089e+00
394515,9.1547189705718465e+03,3.9616450169716089e+00
394561,9.1547189705718465e+03,3.9616450169716089e+00
394597,9.1547189705718465e+03,3.9616450169716089e+00
394633,9.1547189705718465e+03,3.9616450169716089e+00
394669,9.1547189705718465e+03,3.9616450169716089e+00
394705,9.1547189705718465e+03,3.9616450169716089e+00
394741,9.1547189705718465e+03,3.9616450169716089e+00
394787,9.1547189705718465e+03,3.9616450169716089e+00
394823,9.1547189705718465e+03,3.9616450169716089e+00
394859,9.1547189705718465e+03,3.9616450169716089e+00
394895,9.1547189705718465e+03,3.9616450169716089e+00
394931,9.1547189705718465e+03,3.9616450169716089e+00
394967,9.1547189705718465e+03,3.9616450169716089e+00
395013,9.1547189705718465e+03,3.9616450169716089e+00
395049,9.1547189705718465e+03,3.9616450169716089e+00
395085,9.1547189705718465e+03,3.9616450169716089e+00
395121,9.1547189705718465e+03,3.9616450169716089e+00
395157,9.1547189705718465e+03,3.9616450169716089e+00
395193,9.1547189705718465e+03,3.9616450169716089e+00
395239,9.1547189705718465e+03,3.9616450169716089e+00
395275,9.1547189705718465e+03,3.9616450169716089e+00
395311,9.1547189705718465e+03,3.9616450169716089e+00
395347,9.1547189705718465e+03,3.9616450169716089e+00
395383,9.1547189705718465e+03,3.9616450169716089e+00
395419,9.1547189705718465e+03,3.9616450169716089e+00
395465,9.1547189705718465e+03,3.9616450169716089e+00
395501,9.1547189705718465e+03,3.9616450169716089e+00
395537,9.1547189705718465e+03,3.9616450169716089e+00
395573,9.1547189705718465e+03,3.9616450169716089e+00
395609,9.1547189705718465e+03,3.9616450169716089e+00
395645,9.1547189705718465e+03,3.9616450169716089e+00
395691,9.1543327923351317e+03,3.9616266965168490e+00
395727,9.1543327923351317e+03,3.9616266965168490e+00
395763,9.1543327923351317e+03,3.9616266965168490e+00
395799,9.1543327923351317e+03,3.9616266965168490e+00
395835,9.1543327923351317e+03,3.9616266965168490e+00
395871,9.1543327923351317e+03,3.9616266965168490e+00
395917,9.1543327923351317e+03,3.9616266965168490e+00
395953,9.1543327923351317e+03,3.9616266965168490e+00
395989,9.1543327923351317e+03,3.9616266965168490e+00
396025,9.1543327923351317e+03,3.9616266965168490e+00
396061,9.1543327923351317e+03,3.9616266965168490e+00
396097,9.1543327923351317e+03,3.9616266965168490e+00
396143,9.1543327923351317e+03,3.9616266965168490e+00
396179,9.1543327923351317e+03,3.9616266965168490e+00
396215,9.1543327923351317e+03,3.9616266965168490e+00
396251,9.1543327923351317e+03,3.9616266965168490e+00
396287,9.1543327923351317e+03,3.9616266965168490e+00
396323,9.1543327923351317e+03,3.9616266965168490e+00
396369,9.1543327923351317e+03,3.9616266965168490e+00
396405,9.1543327923351317e+03,3.9616266965168490e+00
396441,9.1543327923351317e+03,3.9616266965168490e+00
396477,9.1543327923351317e+03,3.9616266965168490e+00
396513,9.1543327923351317e+03,3.9616266965168490e+00
396549,9.1543327923351317e+03,3.9616266965168490e+00
396595,9.1543327923351317e+03,3.9616266965168490e+00
396631,9.1543327923351317e+03,3.9616266965168490e+00
396667,9.1543327923351317e+03,3.9616266965168490e+00
396703,9.1543327923351317e+03,3.9616266965168490e+00
396739,9.1543327923351317e+03,3.9616266965168490e+00
396774,9.1543327923351317e+03,3.9616266965168490e+00
396819,9.1543327923351317e+03,3.9616266965168490e+00
396854,9.1543327923351317e+03,3.9616266965168490e+00
396889,9.1543327923351317e+03,3.9616266965168490e+00
396924,9.1543327923351317e+03,3.9616266965168490e+00
396959,9.1543327923351317e+03,3.9616266965168490e+00
396994,9.1543327923351317e+03,3.9616266965168490e+00
397039,9.1543327923351317e+03,3.9616266965168490e+00
397074,9.1543327923351317e+03,3.9616266965168490e+00
397109,9.1543327923351317e+03,3.9616266965168490e+00
397144,9.1543327923351317e+03,3.9616266965168490e+00
397179,9.1543327923351317e+03,3.9616266965168490e+00
397214,9.1543327923351317e+03,3.9616266965168490e+00
397259,9.1543327923351317e+03,3.9616266965168490e+00
397294,9.1543327923351317e+03,3.9616266965168490e+00
397329,9.1543327923351317e+03,3.9616266965168490e+00
397364,9.1543327923351317e+03,3.9616266965168490e+00
397399,9.1543327923351317e+03,3.9616266965168490e+00
397434,9.1543327923351317e+03,3.9616266965168490e+00
397479,9.1543327923351317e+03,3.9616266965168490e+00
397514,9.1543327923351317e+03,3.9616266965168490e+00
397549,9.1543327923351317e+03,3.9616266965168490e+00
397584,9.1543327923351317e+03,3.9616266965168490e+00
397619,9.1543327923351317e+03,3.9616266965168490e+00
397654,9.1543327923351317e+03,3.9616266965168490e+00
397699,9.1543327923351317e+03,3.9616266965168490e+00
397734,9.1543327923351317e+03,3.9616266965168490e+00
397769,9.1543327923351317e+03,3.9616266965168490e+00
397804,9.1543327923351317e+03,3.9616266965168490e+00
397839,9.1543327923351317e+03,3.9616266965168490e+00
397874,9.1543327923351317e+03,3.9616266965168490e+00
397919,9.0789157889736052e+03,3.9580339878404129e+00
397954,9.0789157889736052e+03,3.9580339878404129e+00
397989,9.0789157889736052e+03,3.9580339878404129e+00
398024,9.0789157889736052e+03,3.9580339878404129e+00
398059,9.0789157889736052e+03,3.9580339878404129e+00
398094,9.0789157889736052e+03,3.9580339878404129e+00
398139,9.0789157889736052e+03,3.9580339878404129e+00
398174,9.0789157889736052e+03,3.9580339878404129e+00
398209,9.0789157889736052e+03,3.9580339878404129e+00
398244,9.0789157889736052e+03,3.9580339878404129e+00
398279,9.0789157889736052e+03,3.9580339878404129e+00
398314,9.0789157889736052e+03,3.9580339878404129e+00
398359,9.0789157889736052e+03,3.9580339878404129e+00
398394,9.0789157889736052e+03,3.9580339878404129e+00
398429,9.0789157889736052e+03,3.9580339878404129e+00
398464,9.0789157889736052e+03,3.9580339878404129e+00
398499,9.0789157889736052e+03,3.9580339878404129e+00
398534,9.0789157889736052e+03,3.9580339878404129e+00
398579,9.0789157889736052e+03,3.9580339878404129e+00
398614,9.0789157889736052e+03,3.9580339878404129e+00
398649,9.0789157889736052e+03,3.9580339878404129e+00
398684,9.0789157889736052e+03,3.9580339878404129e+00
398719,9.0789157889736052e+03,3.9580339878404129e+00
398754,9.0789157889736052e+03,3.9580339878404129e+00
398799,9.0789157889736052e+03,3.9580339878404129e+00
398834,9.0789157889736052e+03,3.9580339878404129e+00
398869,9.0789157889736052e+03,3.9580339878404129e+00
398904,9.0789157889736052e+03,3.9580339878404129e+00
398939,9.0789157889736052e+03,3.9580339878404129e+00
398974,9.0789157889736052e+03,3.9580339878404129e+00
399019,9.0789157889736052e+03,3.9580339878404129e+00
399054,9.0789157889736052e+03,3.9580339878404129e+00
399089,9.0789157889736052e+03,3.9580339878404129e+00
399124,9.0789157889736052e+03,3.9580339878404129e+00
399159,9.0789157889736052e+03,3.9580339878404129e+00
399194,9.0789157889736052e+03,3.9580339878404129e+00
399239,9.0789157889736052e+03,3.9580339878404129e+00
399274,9.0789157889736052e+03,3.9580339878404129e+00
399309,9.0789157889736052e+03,3.9580339878404129e+00
399344,9.0789157889736052e+03,3.9580339878404129e+00
399379,9.0789157889736052e+03,3.9580339878404129e+00
399414,9.0789157889736052e+03,3.9580339878404129e+00
399459,9.0789157889736052e+03,3.9580339878404129e+00
399494,9.0789157889736052e+03,3.9580339878404129e+00
399529,9.0789157889736052e+03,3.9580339878404129e+00
399564,9.0789157889736052e+03,3.9580339878404129e+00
399599,9.0789157889736052e+03,3.9580339878404129e+00
399634,9.0789157889736052e+03,3.9580339878404129e+00
399679,8.8650221919910437e+03,3.9476798271165405e+00
399714,8.8650221919910437e+03,3.9476798271165405e+00
399749,8.8650221919910437e+03,3.9476798271165405e+00
399784,8.8650221919910437e+03,3.9476798271165405e+00
399819,8.8650221919910437e+03,3.9476798271165405e+00
399854,8.8650221919910437e+03,3.9476798271165405e+00
399899,8.8650221919910437e+03,3.9476798271165405e+00
399934,8.8650221919910437e+03,3.9476798271165405e+00
399969,8.8650221919910437e+03,3.9476798271165405e+00
400004,8.8650221919910437e+03,3.9476798271165405e+00
400039,8.8650221919910437e+03,3.9476798271165405e+00
400074,8.8650221919910437e+03,3.9476798271165405e+00
400119,8.8650221919910437e+03,3.9476798271165405e+00
400154,8.8650221919910437e+03,3.9476798271165405e+00
400189,8.8650221919910437e+03,3.9476798271165405e+00
400224,8.8650221919910437e+03,3.9476798271165405e+00
400259,8.8650221919910437e+03,3.9476798271165405e+00
400294,8.8650221919910437e+03,3.9476798271165405e+00
400339,8.8650221919910437e+03,3.9476798271165405e+00
400374,8.8650221919910437e+03,3.9476798271165405e+00
400409,8.8650221919910437e+03,3.9476798271165405e+00
400444,8.8650221919910437e+03,3.9476798271165405e+00
400479,8.8650221919910437e+03,3.9476798271165405e+00
400514,8.8650221919910437e+03,3.9476798271165405e+00
400559,8.8650221919910437e+03,3.9476798271165405e+00
400594,8.8650221919910437e+03,3.9476798271165405e+00
400629,8.8650221919910437e+03,3.9476798271165405e+00
400664,8.8650221919910437e+03,3.9476798271165405e+00
400699,8.8650221919910437e+03,3.9476798271165405e+00
400734,8.8650221919910437e+03,3.9476798271165405e+00
400779,8.8650221919910437e+03,3.9476798271165405e+00
400814,8.8650221919910437e+03,3.9476798271165405e+00
400849,8.8650221919910437e+03,3.9476798271165405e+00
400884,8.8650221919910437e+03,3.9476798271165405e+00
400919,8.8650221919910437e+03,3.9476798271165405e+00
400954,8.8650221919910437e+03,3.9476798271165405e+00
400999,8.8650221919910437e+03,3.9476798271165405e+00
401034,8.8650221919910437e+03,3.9476798271165405e+00
401069,8.8650221919910437e+03,3.9476798271165405e+00
401104,8.8650221919910437e+03,3.9476798271165405e+00
401139,8.8650221919910437e+03,3.9476798271165405e+00
401174,8.8650221919910437e+03,3.9476798271165405e+00
401219,8.8650221919910437e+03,3.9476798271165405e+00
401254,8.8650221919910437e+03,3.9476798271165405e+00
401289,8.8650221919910437e+03,3.9476798271165405e+00
401324,8.8650221919910437e+03,3.9476798271165405e+00
401359,8.8650221919910437e+03,3.9476798271165405e+00
401394,8.8650221919910437e+03,3.9476798271165405e+00
401439,8.8650221919910437e+03,3.9476798271165405e+00
401474,8.8650221919910437e+03,3.9476798271165405e+00
401509,8.8650221919910437e+03,3.9476798271165405e+00
401544,8.8650221919910437e+03,3.9476798271165405e+00
401579,8.8650221919910437e+03,3.9476798271165405e+00
401614,8.8650221919910437e+03,3.9476798271165405e+00
401658,8.8650221919910437e+03,3.9476798271165405e+00
401692,8.8650221919910437e+03,3.9476798271165405e+00
401726,8.8650221919910437e+03,3.9476798271165405e+00
401760,8.8650221919910437e+03,3.9476798271165405e+00
401794,8.8650221919910437e+03,3.9476798271165405e+00
401828,8.8650221919910437e+03,3.9476798271165405e+00
401872,8.8650221919910437e+03,3.9476798271165405e+00
401906,8.8650221919910437e+03,3.9476798271165405e+00
401940,8.8650221919910437e+03,3.9476798271165405e+00
401974,8.8650221919910437e+03,3.9476798271165405e+00
402008,8.8650221919910437e+03,3.9476798271165405e+00
402042,8.8650221919910437e+03,3.9476798271165405e+00
402086,8.8650221919910437e+03,3.9476798271165405e+00
402120,8.8650221919910437e+03,3.9476798271165405e+00
402154,8.8650221919910437e+03,3.9476798271165405e+00
402188,8.8650221919910437e+03,3.9476798271165405e+00
402222,8.8650221919910437e+03,3.9476798271165405e+00
402256,8.8650221919910437e+03,3.9476798271165405e+00
402300,8.8650221919910437e+03,3.9476798271165405e+00
402334,8.8650221919910437e+03,3.9476798271165405e+00
402368,8.8650221919910437e+03,3.9476798271165405e+00
402402,8.8650221919910437e+03,3.9476798271165405e+00
402436,8.8650221919910437e+03,3.9476798271165405e+00
402470,8.8650221919910437e+03,3.9476798271165405e+00
402514,8.8650221919910437e+03,3.9476798271165405e+00
402548,8.8650221919910437e+03,3.9476798271165405e+00
402582,8.8650221919910437e+03,3.9476798271165405e+00
402616,8.8650221919910437e+03,3.9476798271165405e+00
402650,8.8650221919910437e+03,3.9476798271165405e+00
402684,8.8650221919910437e+03,3.9476798271165405e+00
402728,8.8650221919910437e+03,3.9476798271165405e+00
402762,8.8650221919910437e+03,3.9476798271165405e+00
402796,8.8650221919910437e+03,3.9476798271165405e+00
402830,8.8650221919910437e+03,3.9476798271165405e+00
402864,8.8650221919910437e+03,3.9476798271165405e+00
402898,8.8650221919910437e+03,3.9476798271165405e+00
402942,8.8650221919910437e+03,3.9476798271165405e+00
402976,8.8650221919910437e+03,3.9476798271165405e+00
403010,8.8650221919910437e+03,3.9476798271165405e+00
403044,8.8650221919910437e+03,3.9476798271165405e+00
403078,8.8650221919910437e+03,3.9476798271165405e+00
403112,8.8650221919910437e+03,3.9476798271165405e+00
403156,8.8650221919910437e+03,3.9476798271165405e+00
403190,8.8650221919910437e+03,3.9476798271165405e+00
403224,8.8650221919910437e+03,3.9476798271165405e+00
403258,8.8650221919910437e+03,3.9476798271165405e+00
403292,8.8650221919910437e+03,3.9476798271165405e+00
403326,8.8650221919910437e+03,3.9476798271165405e+00
403370,8.8650221919910437e+03,3.9476798271165405e+00
403404,8.8650221919910437e+03,3.9476798271165405e+00
403438,8.8650221919910437e+03,3.9476798271165405e+00
403472,8.8650221919910437e+03,3.9476798271165405e+00
403506,8.8650221919910437e+03,3.9476798271165405e+00
403540,8.8650221919910437e+03,3.9476798271165405e+00
403584,8.8650221919910437e+03,3.9476798271165405e+00
403618,8.8650221919910437e+03,3.9476798271165405e+00
403652,8.8650221919910437e+03,3.9476798271165405e+00
403686,8.8650221919910437e+03,3.9476798271165405e+00
403720,8.8650221919910437e+03,3.9476798271165405e+00
403754,8.8650221919910437e+03,3.9476798271165405e+00
403798,8.8650221919910437e+03,3.9476798271165405e+00
403832,8.8650221919910437e+03,3.9476798271165405e+00
403866,8.8650221919910437e+03,3.9476798271165405e+00
403900,8.8650221919910437e+03,3.9476798271165405e+00
403934,8.8650221919910437e+03,3.9476798271165405e+00
403968,8.8650221919910437e+03,3.9476798271165405e+00
404012,8.8650221919910437e+03,3.9476798271165405e+00
404046,8.8650221919910437e+03,3.9476798271165405e+00
404080,8.8650221919910437e+03,3.9476798271165405e+00
404114,8.8650221919910437e+03,3.9476798271165405e+00
404148,8.8650221919910437e+03,3.9476798271165405e+00
404182,8.8650221919910437e+03,3.9476798271165405e+00
404226,8.8650221919910437e+03,3.9476798271165405e+00
404260,8.8650221919910437e+03,3.9476798271165405e+00
404294,8.8650221919910437e+03,3.9476798271165405e+00
404328,8.8650221919910437e+03,3.9476798271165405e+00
404362,8.8650221919910437e+03,3.9476798271165405e+00
404396,8.8650221919910437e+03,3.9476798271165405e+00
404440,8.8650221919910437e+03,3.9476798271165405e+00
404474,8.8650221919910437e+03,3.9476798271165405e+00
404508,8.8650221919910437e+03,3.9476798271165405e+00
404542,8.8650221919910437e+03,3.9476798271165405e+00
404576,8.8650221919910437e+03,3.9476798271165405e+00
404610,8.8650221919910437e+03,3.9476798271165405e+00
404654,8.8650221919910437e+03,3.9476798271165405e+00
404688,8.8650221919910437e+03,3.9476798271165405e+00
404722,8.8650221919910437e+03,3.9476798271165405e+00
404756,8.8650221919910437e+03,3.9476798271165405e+00
404790,8.8650221919910437e+03,3.9476798271165405e+00
404824,8.8650221919910437e+03,3.9476798271165405e+00
404868,8.8650221919910437e+03,3.9476798271165405e+00
404902,8.8650221919910437e+03,3.9476798271165405e+00
404936,8.8650221919910437e+03,3.9476798271165405e+00
404970,8.8650221919910437e+03,3.9476798271165405e+00
405004,8.8650221919910437e+03,3.9476798271165405e+00
405038,8.8650221919910437e+03,3.9476798271165405e+00
405082,8.8650221919910437e+03,3.9476798271165405e+00
405116,8.8650221919910437e+03,3.9476798271165405e+00
405150,8.8650221919910437e+03,3.9476798271165405e+00
405184,8.8650221919910437e+03,3.9476798271165405e+00
405218,8.8650221919910437e+03,3.9476798271165405e+00
405252,8.8650221919910437e+03,3.9476798271165405e+00
405296,8.8650221919910437e+03,3.9476798271165405e+00
405330,8.8650221919910437e+03,3.9476798271165405e+00
405364,8.8650221919910437e+03,3.9476798271165405e+00
405398,8.8650221919910437e+03,3.9476798271165405e+00
405432,8.8650221919910437e+03,3.9476798271165405e+00
405466,8.8650221919910437e+03,3.9476798271165405e+00
405510,8.8650221919910437e+03,3.9476798271165405e+00
405544,8.8650221919910437e+03,3.9476798271165405e+00
405578,8.8650221919910437e+03,3.9476798271165405e+00
405612,8.8650221919910437e+03,3.9476798271165405e+00
405646,8.8650221919910437e+03,3.9476798271165405e+00
405680,8.8650221919910437e+03,3.9476798271165405e+00
405724,8.8650221919910437e+03,3.9476798271165405e+00
405758,8.8650221919910437e+03,3.9476798271165405e+00
405792,8.8650221919910437e+03,3.9476798271165405e+00
405826,8.8650221919910437e+03,3.9476798271165405e+00
405860,8.8650221919910437e+03,3.9476798271165405e+00
405894,8.8650221919910437e+03,3.9476798271165405e+00
405938,8.8650221919910437e+03,3.9476798271165405e+00
405972,8.8650221919910437e+03,3.9476798271165405e+00
406006,8.8650221919910437e+03,3.9476798271165405e+00
406040,8.8650221919910437e+03,3.9476798271165405e+00
406074,8.8650221919910437e+03,3.9476798271165405e+00
406108,8.8650221919910437e+03,3.9476798271165405e+00
406152,8.8650221919910437e+03,3.9476798271165405e+00
406186,8.8650221919910437e+03,3.9476798271165405e+00
406220,8.8650221919910437e+03,3.9476798271165405e+00
406254,8.8650221919910437e+03,3.9476798271165405e+00
406288,8.8650221919910437e+03,3.9476798271165405e+00
406322,8.8650221919910437e+03,3.9476798271165405e+00
406366,8.8650221919910437e+03,3.9476798271165405e+00
406400,8.8650221919910437e+03,3.9476798271165405e+00
406434,8.8650221919910437e+03,3.9476798271165405e+00
406468,8.8650221919910437e+03,3.9476798271165405e+00
406502,8.8650221919910437e+03,3.9476798271165405e+00
406536,8.8650221919910437e+03,3.9476798271165405e+00
406580,8.8650221919910437e+03,3.9476798271165405e+00
406614,8.8650221919910437e+03,3.9476798271165405e+00
406648,8.8650221919910437e+03,3.9476798271165405e+00
406682,8.8650221919910437e+03,3.9476798271165405e+00
406716,8.8650221919910437e+03,3.9476798271165405e+00
406750,8.8650221919910437e+03,3.9476798271165405e+00
406793,8.8650221919910437e+03,3.9476798271165405e+00
406826,8.8650221919910437e+03,3.9476798271165405e+00
406859,8.8650221919910437e+03,3.9476798271165405e+00
406892,8.8650221919910437e+03,3.9476798271165405e+00
406925,8.8650221919910437e+03,3.9476798271165405e+00
406958,8.8650221919910437e+03,3.9476798271165405e+00
407001,8.8650221919910437e+03,3.9476798271165405e+00
407034,8.8650221919910437e+03,3.9476798271165405e+00
407067,8.8650221919910437e+03,3.9476798271165405e+00
407100,8.8650221919910437e+03,3.9476798271165405e+00
407133,8.8650221919910437e+03,3.9476798271165405e+00
407166,8.8650221919910437e+03,3.9476798271165405e+00
407209,8.8650221919910437e+03,3.9476798271165405e+00
407242,8.8650221919910437e+03,3.9476798271165405e+00
407275,8.8650221919910437e+03,3.9476798271165405e+00
407308,8.8650221919910437e+03,3.9476798271165405e+00
407341,8.8650221919910437e+03,3.9476798271165405e+00
407374,8.8650221919910437e+03,3.9476798271165405e+00
407417,8.8650221919910437e+03,3.9476798271165405e+00
407450,8.8650221919910437e+03,3.9476798271165405e+00
407483,8.8650221919910437e+03,3.9476798271165405e+00
407516,8.8650221919910437e+03,3.9476798271165405e+00
407549,8.8650221919910437e+03,3.9476798271165405e+00
407582,8.8650221919910437e+03,3.9476798271165405e+00
407625,8.8650221919910437e+03,3.9476798271165405e+00
407658,8.8650221919910437e+03,3.9476798271165405e+00
407691,8.8650221919910437e+03,3.9476798271165405e+00
407724,8.8650221919910437e+03,3.9476798271165405e+00
407757,8.8650221919910437e+03,3.9476798271165405e+00
407790,8.8650221919910437e+03,3.9476798271165405e+00
407833,8.8650221919910437e+03,3.9476798271165405e+00
407866,8.8650221919910437e+03,3.9476798271165405e+00
407899,8.8650221919910437e+03,3.9476798271165405e+00
407932,8.8650221919910437e+03,3.9476798271165405e+00
407965,8.8650221919910437e+03,3.9476798271165405e+00
407998,8.8650221919910437e+03,3.9476798271165405e+00
408041,8.8650221919910437e+03,3.9476798271165405e+00
408074,8.8650221919910437e+03,3.9476798271165405e+00
408107,8.8650221919910437e+03,3.9476798271165405e+00
408140,8.8650221919910437e+03,3.9476798271165405e+00
408173,8.8650221919910437e+03,3.9476798271165405e+00
408206,8.8650221919910437e+03,3.9476798271165405e+00
408249,8.8650221919910437e+03,3.9476798271165405e+00
408282,8.8650221919910437e+03,3.9476798271165405e+00
408315,8.8650221919910437e+03,3.9476798271165405e+00
408348,8.8650221919910437e+03,3.9476798271165405e+00
408381,8.8650221919910437e+03,3.9476798271165405e+00
408414,8.8650221919910437e+03,3.9476798271165405e+00
408457,8.8650221919910437e+03,3.9476798271165405e+00
408490,8.8650221919910437e+03,3.9476798271165405e+00
408523,8.8650221919910437e+03,3.9476798271165405e+00
408556,8.8650221919910437e+03,3.9476798271165405e+00
408589,8.8650221919910437e+03,3.9476798271165405e+00
408622,8.8650221919910437e+03,3.9476798271165405e+00
408665,8.8650221919910437e+03,3.9476798271165405e+00
408698,8.8650221919910437e+03,3.9476798271165405e+00
408731,8.8650221919910437e+03,3.9476798271165405e+00
408764,8.8650221919910437e+03,3.9476798271165405e+00
408797,8.8650221919910437e+03,3.9476798271165405e+00
408830,8.8650221919910437e+03,3.9476798271165405e+00
408873,8.8650221919910437e+03,3.9476798271165405e+00
408906,8.8650221919910437e+03,3.9476798271165405e+00
408939,8.8650221919910437e+03,3.9476798271165405e+00
408972,8.8650221919910437e+03,3.9476798271165405e+00
409005,8.8650221919910437e+03,3.9476798271165405e+00
409038,8.8650221919910437e+03,3.9476798271165405e+00
409081,8.8650221919910437e+03,3.9476798271165405e+00
409114,8.8650221919910437e+03,3.9476798271165405e+00
409147,8.8650221919910437e+03,3.9476798271165405e+00
409180,8.8650221919910437e+03,3.9476798271165405e+00
409213,8.8650221919910437e+03,3.9476798271165405e+00
409246,8.8650221919910437e+03,3.9476798271165405e+00
409289,8.8650221919910437e+03,3.9476798271165405e+00
409322,8.8650221919910437e+03,3.9476798271165405e+00
409355,8.8650221919910437e+03,3.9476798271165405e+00
409388,8.8650221919910437e+03,3.9476798271165405e+00
409421,8.8650221919910437e+03,3.9476798271165405e+00
409454,8.8650221919910437e+03,3.9476798271165405e+00
409497,8.8650221919910437e+03,3.9476798271165405e+00
409530,8.8650221919910437e+03,3.9476798271165405e+00
409563,8.8650221919910437e+03,3.9476798271165405e+00
409596,8.8650221919910437e+03,3.9476798271165405e+00
409629,8.8650221919910437e+03,3.9476798271165405e+00
409662,8.8650221919910437e+03,3.9476798271165405e+00
409705,8.8650221919910437e+03,3.9476798271165405e+00
409738,8.8650221919910437e+03,3.9476798271165405e+00
409771,8.8650221919910437e+03,3.9476798271165405e+00
409804,8.8650221919910437e+03,3.9476798271165405e+00
409837,8.8650221919910437e+03,3.9476798271165405e+00
409870,8.8650221919910437e+03,3.9476798271165405e+00
409913,8.8650221919910437e+03,3.9476798271165405e+00
409946,8.8650221919910437e+03,3.9476798271165405e+00
409979,8.8650221919910437e+03,3.9476798271165405e+00
410012,8.8650221919910437e+03,3.9476798271165405e+00
410045,8.8650221919910437e+03,3.9476798271165405e+00
410078,8.8650221919910437e+03,3.9476798271165405e+00
410121,8.8650221919910437e+03,3.9476798271165405e+00
410154,8.8650221919910437e+03,3.9476798271165405e+00
410187,8.8650221919910437e+03,3.9476798271165405e+00
410220,8.8650221919910437e+03,3.9476798271165405e+00
410253,8.8650221919910437e+03,3.9476798271165405e+00
410286,8.8650221919910437e+03,3.9476798271165405e+00
410329,8.8650221919910437e+03,3.9476798271165405e+00
410362,8.8650221919910437e+03,3.9476798271165405e+00
410395,8.8650221919910437e+03,3.9476798271165405e+00
410428,8.8650221919910437e+03,3.9476798271165405e+00
410461,8.8650221919910437e+03,3.9476798271165405e+00
410494,8.8650221919910437e+03,3.9476798271165405e+00
410537,8.8650221919910437e+03,3.9476798271165405e+00
410570,8.8650221919910437e+03,3.9476798271165405e+00
410603,8.8650221919910437e+03,3.9476798271165405e+00
410636,8.8650221919910437e+03,3.9476798271165405e+00
410669,8.8650221919910437e+03,3.9476798271165405e+00
410702,8.8650221919910437e+03,3.9476798271165405e+00
410745,8.8650221919910437e+03,3.9476798271165405e+00
410778,8.8650221919910437e+03,3.9476798271165405e+00
410811,8.8650221919910437e+03,3.9476798271165405e+00
410844,8.8650221919910437e+03,3.9476798271165405e+00
410877,8.8650221919910437e+03,3.9476798271165405e+00
410910,8.8650221919910437e+03,3.9476798271165405e+00
410953,8.8650221919910437e+03,3.9476798271165405e+00
410986,8.8650221919910437e+03,3.9476798271165405e+00
411019,8.8650221919910437e+03,3.9476798271165405e+00
411052,8.8650221919910437e+03,3.9476798271165405e+00
411085,8.8650221919910437e+03,3.9476798271165405e+00
411118,8.8650221919910437e+03,3.9476798271165405e+00
411161,8.8650221919910437e+03,3.9476798271165405e+00
411194,8.8650221919910437e+03,3.9476798271165405e+00
411227,8.8650221919910437e+03,3.9476798271165405e+00
411260,8.8650221919910437e+03,3.9476798271165405e+00
411293,8.8650221919910437e+03,3.9476798271165405e+00
411326,8.8650221919910437e+03,3.9476798271165405e+00
411369,8.8650221919910437e+03,3.9476798271165405e+00
411402,8.8650221919910437e+03,3.9476798271165405e+00
411435,8.8650221919910437e+03,3.9476798271165405e+00
411468,8.8650221919910437e+03,3.9476798271165405e+00
411501,8.8650221919910437e+03,3.9476798271165405e+00
411534,8.8650221919910437e+03,3.9476798271165405e+00
411577,8.8650221919910437e+03,3.9476798271165405e+00
411610,8.8650221919910437e+03,3.9476798271165405e+00
411643,8.8650221919910437e+03,3.9476798271165405e+00
411676,8.8650221919910437e+03,3.9476798271165405e+00
411709,8.8650221919910437e+03,3.9476798271165405e+00
411742,8.8650221919910437e+03,3.9476798271165405e+00
411785,8.8650221919910437e+03,3.9476798271165405e+00
411818,8.8650221919910437e+03,3.9476798271165405e+00
411851,8.8650221919910437e+03,3.9476798271165405e+00
411884,8.8650221919910437e+03,3.9476798271165405e+00
411917,8.8650221919910437e+03,3.9476798271165405e+00
411950,8.8650221919910437e+03,3.9476798271165405e+00
411993,8.8650221919910437e+03,3.9476798271165405e+00
412026,8.8650221919910437e+03,3.9476798271165405e+00
412059,8.8650221919910437e+03,3.9476798271165405e+00
412092,8.8650221919910437e+03,3.9476798271165405e+00
412125,8.8650221919910437e+03,3.9476798271165405e+00
412158,8.8650221919910437e+03,3.9476798271165405e+00
412201,8.8650221919910437e+03,3.9476798271165405e+00
412234,8.8650221919910437e+03,3.9476798271165405e+00
412266,8.8650221919910437e+03,3.9476798271165405e+00
412298,8.8650221919910437e+03,3.9476798271165405e+00
412330,8.8650221919910437e+03,3.9476798271165405e+00
412362,8.8650221919910437e+03,3.9476798271165405e+00
412404,8.8650221919910437e+03,3.9476798271165405e+00
412436,8.8650221919910437e+03,3.9476798271165405e+00
412468,8.8650221919910437e+03,3.9476798271165405e+00
412500,8.8650221919910437e+03,3.9476798271165405e+00
412532,8.8650221919910437e+03,3.9476798271165405e+00
412564,8.8650221919910437e+03,3.9476798271165405e+00
412606,8.8650221919910437e+03,3.9476798271165405e+00
412638,8.8650221919910437e+03,3.9476798271165405e+00
412670,8.8650221919910437e+03,3.9476798271165405e+00
412702,8.8650221919910437e+03,3.9476798271165405e+00
412734,8.8650221919910437e+03,3.9476798271165405e+00
412766,8.8650221919910437e+03,3.9476798271165405e+00
412808,8.8650221919910437e+03,3.9476798271165405e+00
412840,8.8650221919910437e+03,3.9476798271165405e+00
412872,8.8650221919910437e+03,3.9476798271165405e+00
412904,8.8650221919910437e+03,3.9476798271165405e+00
412936,8.8650221919910437e+03,3.9476798271165405e+00
412968,8.8650221919910437e+03,3.9476798271165405e+00
413010,8.8650221919910437e+03,3.9476798271165405e+00
413042,8.8650221919910437e+03,3.9476798271165405e+00
413074,8.8650221919910437e+03,3.9476798271165405e+00
413106,8.8650221919910437e+03,3.9476798271165405e+00
413138,8.8650221919910437e+03,3.9476798271165405e+00
413170,8.8650221919910437e+03,3.9476798271165405e+00
413212,8.8650221919910437e+03,3.9476798271165405e+00
413244,8.8650221919910437e+03,3.9476798271165405e+00
413276,8.8650221919910437e+03,3.9476798271165405e+00
413308,8.8650221919910437e+03,3.9476798271165405e+00
413340,8.8650221919910437e+03,3.9476798271165405e+00
413372,8.8650221919910437e+03,3.9476798271165405e+00
413414,8.8650221919910437e+03,3.9476798271165405e+00
413446,8.8650221919910437e+03,3.9476798271165405e+00
413478,8.8650221919910437e+03,3.9476798271165405e+00
413510,8.8650221919910437e+03,3.9476798271165405e+00
413542,8.8650221919910437e+03,3.9476798271165405e+00
413574,8.8650221919910437e+03,3.9476798271165405e+00
413616,8.8650221919910437e+03,3.9476798271165405e+00
413648,8.8650221919910437e+03,3.9476798271165405e+00
413680,8.8650221919910437e+03,3.9476798271165405e+00
413712,8.8650221919910437e+03,3.9476798271165405e+00
413744,8.8650221919910437e+03,3.9476798271165405e+00
413776,8.8650221919910437e+03,3.9476798271165405e+00
413818,8.8650221919910437e+03,3.9476798271165405e+00
413850,8.8650221919910437e+03,3.9476798271165405e+00
413882,8.8650221919910437e+03,3.9476798271165405e+00
413914,8.8650221919910437e+03,3.9476798271165405e+00
413946,8.8650221919910437e+03,3.9476798271165405e+00
413978,8.8650221919910437e+03,3.9476798271165405e+00
414020,8.8650221919910437e+03,3.9476798271165405e+00
414052,8.8650221919910437e+03,3.9476798271165405e+00
414084,8.8650221919910437e+03,3.9476798271165405e+00
414116,8.8650221919910437e+03,3.9476798271165405e+00
414148,8.8650221919910437e+03,3.9476798271165405e+00
414180,8.8650221919910437e+03,3.9476798271165405e+00
414222,8.8650221919910437e+03,3.9476798271165405e+00
414254,8.8650221919910437e+03,3.9476798271165405e+00
414286,8.8650221919910437e+03,3.9476798271165405e+00
414318,8.8650221919910437e+03,3.9476798271165405e+00
414350,8.8650221919910437e+03,3.9476798271165405e+00
414382,8.8650221919910437e+03,3.9476798271165405e+00
414424,8.8650221919910437e+03,3.9476798271165405e+00
414456,8.8650221919910437e+03,3.9476798271165405e+00
414488,8.8650221919910437e+03,3.9476798271165405e+00
414520,8.8650221919910437e+03,3.9476798271165405e+00
414552,8.8650221919910437e+03,3.9476798271165405e+00
414584,8.8650221919910437e+03,3.9476798271165405e+00
414626,8.8650221919910437e+03,3.9476798271165405e+00
414658,8.8650221919910437e+03,3.9476798271165405e+00
414690,8.8650221919910437e+03,3.9476798271165405e+00
414722,8.8650221919910437e+03,3.9476798271165405e+00
414754,8.8650221919910437e+03,3.9476798271165405e+00
414786,8.8650221919910437e+03,3.9476798271165405e+00
414828,8.8650221919910437e+03,3.9476798271165405e+00
414860,8.8650221919910437e+03,3.9476798271165405e+00
414892,8.8650221919910437e+03,3.9476798271165405e+00
414924,8.8650221919910437e+03,3.9476798271165405e+00
414956,8.8650221919910437e+03,3.9476798271165405e+00
414988,8.8650221919910437e+03,3.9476798271165405e+00
415030,8.8650221919910437e+03,3.9476798271165405e+00
415062,8.8650221919910437e+03,3.9476798271165405e+00
415094,8.8650221919910437e+03,3.9476798271165405e+00
415126,8.8650221919910437e+03,3.9476798271165405e+00
415158,8.8650221919910437e+03,3.9476798271165405e+00
415190,8.8650221919910437e+03,3.9476798271165405e+00
415232,8.8650221919910437e+03,3.9476798271165405e+00
415264,8.8650221919910437e+03,3.9476798271165405e+00
415296,8.8650221919910437e+03,3.9476798271165405e+00
415328,8.8650221919910437e+03,3.9476798271165405e+00
415360,8.8650221919910437e+03,3.9476798271165405e+00
415392,8.8650221919910437e+03,3.9476798271165405e+00
415434,8.8650221919910437e+03,3.9476798271165405e+00
415466,8.8650221919910437e+03,3.9476798271165405e+00
415498,8.8650221919910437e+03,3.9476798271165405e+00
415530,8.8650221919910437e+03,3.9476798271165405e+00
415562,8.8650221919910437e+03,3.9476798271165405e+00
415594,8.8650221919910437e+03,3.9476798271165405e+00
415636,8.8650221919910437e+03,3.9476798271165405e+00
415668,8.8650221919910437e+03,3.9476798271165405e+00
415700,8.8650221919910437e+03,3.9476798271165405e+00
415732,8.8650221919910437e+03,3.9476798271165405e+00
415764,8.8650221919910437e+03,3.9476798271165405e+00
415796,8.8650221919910437e+03,3.9476798271165405e+00
415838,8.8650221919910437e+03,3.9476798271165405e+00
415870,8.8650221919910437e+03,3.9476798271165405e+00
415902,8.8650221919910437e+03,3.9476798271165405e+00
415934,8.8650221919910437e+03,3.9476798271165405e+00
415966,8.8650221919910437e+03,3.9476798271165405e+00
415998,8.8650221919910437e+03,3.9476798271165405e+00
416040,8.8650221919910437e+03,3.9476798271165405e+00
416072,8.8650221919910437e+03,3.9476798271165405e+00
416104,8.8650221919910437e+03,3.9476798271165405e+00
416136,8.8650221919910437e+03,3.9476798271165405e+00
416168,8.8650221919910437e+03,3.9476798271165405e+00
416200,8.8650221919910437e+03,3.9476798271165405e+00
416242,8.8650221919910437e+03,3.9476798271165405e+00
416274,8.8650221919910437e+03,3.9476798271165405e+00
416306,8.8650221919910437e+03,3.9476798271165405e+00
416338,8.8650221919910437e+03,3.9476798271165405e+00
416370,8.8650221919910437e+03,3.9476798271165405e+00
416402,8.8650221919910437e+03,3.9476798271165405e+00
416444,8.8650221919910437e+03,3.9476798271165405e+00
416476,8.8650221919910437e+03,3.9476798271165405e+00
416508,8.8650221919910437e+03,3.9476798271165405e+00
416540,8.8650221919910437e+03,3.9476798271165405e+00
416572,8.8650221919910437e+03,3.9476798271165405e+00
416604,8.8650221919910437e+03,3.9476798271165405e+00
416646,8.8650221919910437e+03,3.9476798271165405e+00
416678,8.8650221919910437e+03,3.9476798271165405e+00
416710,8.8650221919910437e+03,3.9476798271165405e+00
416742,8.8650221919910437e+03,3.9476798271165405e+00
416774,8.8650221919910437e+03,3.9476798271165405e+00
416806,8.8650221919910437e+03,3.9476798271165405e+00
416848,8.8650221919910437e+03,3.9476798271165405e+00
416880,8.8650221919910437e+03,3.9476798271165405e+00
416912,8.8650221919910437e+03,3.9476798271165405e+00
416944,8.8650221919910437e+03,3.9476798271165405e+00
416976,8.8650221919910437e+03,3.9476798271165405e+00
417008,8.8650221919910437e+03,3.9476798271165405e+00
417050,8.8650221919910437e+03,3.9476798271165405e+00
417082,8.8650221919910437e+03,3.9476798271165405e+00
417114,8.8650221919910437e+03,3.9476798271165405e+00
417146,8.8650221919910437e+03,3.9476798271165405e+00
417178,8.8650221919910437e+03,3.9476798271165405e+00
417210,8.8650221919910437e+03,3.9476798271165405e+00
417252,8.8650221919910437e+03,3.9476798271165405e+00
417284,8.8650221919910437e+03,3.9476798271165405e+00
417316,8.8650221919910437e+03,3.9476798271165405e+00
417348,8.8650221919910437e+03,3.9476798271165405e+00
417380,8.8650221919910437e+03,3.9476798271165405e+00
417412,8.8650221919910437e+03,3.9476798271165405e+00
417454,8.8650221919910437e+03,3.9476798271165405e+00
417486,8.8650221919910437e+03,3.9476798271165405e+00
417518,8.8650221919910437e+03,3.9476798271165405e+00
417550,8.8650221919910437e+03,3.9476798271165405e+00
417582,8.8650221919910437e+03,3.9476798271165405e+00
417614,8.8650221919910437e+03,3.9476798271165405e+00
417656,8.8650221919910437e+03,3.9476798271165405e+00
417688,8.8650221919910437e+03,3.9476798271165405e+00
417720,8.8650221919910437e+03,3.9476798271165405e+00
417752,8.8650221919910437e+03,3.9476798271165405e+00
417784,8.8650221919910437e+03,3.9476798271165405e+00
417816,8.8650221919910437e+03,3.9476798271165405e+00
417858,8.8650221919910437e+03,3.9476798271165405e+00
417890,8.8650221919910437e+03,3.9476798271165405e+00
417922,8.8650221919910437e+03,3.9476798271165405e+00
417954,8.8650221919910437e+03,3.9476798271165405e+00
417986,8.8650221919910437e+03,3.9476798271165405e+00
418018,8.8650221919910437e+03,3.9476798271165405e+00
418060,8.8650221919910437e+03,3.9476798271165405e+00
418092,8.8650221919910437e+03,3.9476798271165405e+00
418123,8.8650221919910437e+03,3.9476798271165405e+00
418154,8.8650221919910437e+03,3.9476798271165405e+00
418185,8.8650221919910437e+03,3.9476798271165405e+00
418216,8.8650221919910437e+03,3.9476798271165405e+00
418257,8.8650221919910437e+03,3.9476798271165405e+00
418288,8.8650221919910437e+03,3.9476798271165405e+00
418319,8.8650221919910437e+03,3.9476798271165405e+00
418350,8.8650221919910437e+03,3.9476798271165405e+00
418381,8.8650221919910437e+03,3.9476798271165405e+00
418412,8.8650221919910437e+03,3.9476798271165405e+00
418453,8.8650221919910437e+03,3.9476798271165405e+00
418484,8.8650221919910437e+03,3.9476798271165405e+00
418515,8.8650221919910437e+03,3.9476798271165405e+00
418546,8.8650221919910437e+03,3.9476798271165405e+00
418577,8.8650221919910437e+03,3.9476798271165405e+00
418608,8.8650221919910437e+03,3.9476798271165405e+00
418649,8.8650221919910437e+03,3.9476798271165405e+00
418680,8.8650221919910437e+03,3.9476798271165405e+00
418711,8.8650221919910437e+03,3.9476798271165405e+00
418742,8.8650221919910437e+03,3.9476798271165405e+00
418773,8.8650221919910437e+03,3.9476798271165405e+00
418804,8.8650221919910437e+03,3.9476798271165405e+00
418845,8.8650221919910437e+03,3.9476798271165405e+00
418876,8.8650221919910437e+03,3.9476798271165405e+00
418907,8.8650221919910437e+03,3.9476798271165405e+00
418938,8.8650221919910437e+03,3.9476798271165405e+00
418969,8.8650221919910437e+03,3.9476798271165405e+00
419000,8.8650221919910437e+03,3.9476798271165405e+00
419041,8.8650221919910437e+03,3.9476798271165405e+00
419072,8.8650221919910437e+03,3.9476798271165405e+00
419103,8.8650221919910437e+03,3.9476798271165405e+00
419134,8.8650221919910437e+03,3.9476798271165405e+00
419165,8.8650221919910437e+03,3.9476798271165405e+00
419196,8.8650221919910437e+03,3.9476798271165405e+00
419237,8.8650221919910437e+03,3.9476798271165405e+00
419268,8.8650221919910437e+03,3.9476798271165405e+00
419299,8.8650221919910437e+03,3.9476798271165405e+00
419330,8.8650221919910437e+03,3.9476798271165405e+00
419361,8.8650221919910437e+03,3.9476798271165405e+00
419392,8.8650221919910437e+03,3.9476798271165405e+00
419433,8.8650221919910437e+03,3.9476798271165405e+00
419464,8.8650221919910437e+03,3.9476798271165405e+00
419495,8.8650221919910437e+03,3.9476798271165405e+00
419526,8.8650221919910437e+03,3.9476798271165405e+00
419557,8.8650221919910437e+03,3.9476798271165405e+00
419588,8.8650221919910437e+03,3.9476798271165405e+00
419629,8.8650221919910437e+03,3.9476798271165405e+00
419660,8.8650221919910437e+03,3.9476798271165405e+00
419691,8.8650221919910437e+03,3.9476798271165405e+00
419722,8.8650221919910437e+03,3.9476798271165405e+00
419753,8.8650221919910437e+03,3.9476798271165405e+00
419784,8.8650221919910437e+03,3.9476798271165405e+00
419825,8.8650221919910437e+03,3.9476798271165405e+00
419856,8.8650221919910437e+03,3.9476798271165405e+00
419887,8.8650221919910437e+03,3.9476798271165405e+00
419918,8.8650221919910437e+03,3.9476798271165405e+00
419949,8.8650221919910437e+03,3.9476798271165405e+00
419980,8.8650221919910437e+03,3.9476798271165405e+00
420021,8.8650221919910437e+03,3.9476798271165405e+00
420052,8.8650221919910437e+03,3.9476798271165405e+00
420083,8.8650221919910437e+03,3.9476798271165405e+00
420114,8.8650221919910437e+03,3.9476798271165405e+00
420145,8.8650221919910437e+03,3.9476798271165405e+00
420176,8.8650221919910437e+03,3.9476798271165405e+00
420217,8.8650221919910437e+03,3.9476798271165405e+00
420248,8.8650221919910437e+03,3.9476798271165405e+00
420279,8.8650221919910437e+03,3.9476798271165405e+00
420310,8.8650221919910437e+03,3.9476798271165405e+00
420341,8.8650221919910437e+03,3.9476798271165405e+00
420372,8.8650221919910437e+03,3.9476798271165405e+00
420413,8.8650221919910437e+03,3.9476798271165405e+00
420444,8.8650221919910437e+03,3.9476798271165405e+00
420475,8.8650221919910437e+03,3.9476798271165405e+00
420506,8.8650221919910437e+03,3.9476798271165405e+00
420537,8.8650221919910437e+03,3.9476798271165405e+00
420568,8.8650221919910437e+03,3.9476798271165405e+00
420609,8.8650221919910437e+03,3.9476798271165405e+00
420640,8.8650221919910437e+03,3.9476798271165405e+00
420671,8.8650221919910437e+03,3.9476798271165405e+00
420702,8.8650221919910437e+03,3.9476798271165405e+00
420733,8.8650221919910437e+03,3.9476798271165405e+00
420764,8.8650221919910437e+03,3.9476798271165405e+00
420805,8.8650221919910437e+03,3.9476798271165405e+00
420836,8.8650221919910437e+03,3.9476798271165405e+00
420867,8.8650221919910437e+03,3.9476798271165405e+00
420898,8.8650221919910437e+03,3.9476798271165405e+00
420929,8.8650221919910437e+03,3.9476798271165405e+00
420960,8.8650221919910437e+03,3.9476798271165405e+00
421001,8.8650221919910437e+03,3.9476798271165405e+00
421032,8.8650221919910437e+03,3.9476798271165405e+00
421063,8.8650221919910437e+03,3.9476798271165405e+00
421094,8.8650221919910437e+03,3.9476798271165405e+00
421125,8.8650221919910437e+03,3.9476798271165405e+00
421156,8.8650221919910437e+03,3.9476798271165405e+00
421197,8.8650221919910437e+03,3.9476798271165405e+00
421228,8.8650221919910437e+03,3.9476798271165405e+00
421259,8.8650221919910437e+03,3.9476798271165405e+00
421290,8.8650221919910437e+03,3.9476798271165405e+00
421321,8.8650221919910437e+03,3.9476798271165405e+00
421352,8.8650221919910437e+03,3.9476798271165405e+00
421393,8.8650221919910437e+03,3.9476798271165405e+00
421424,8.8650221919910437e+03,3.9476798271165405e+00
421455,8.8650221919910437e+03,3.9476798271165405e+00
421486,8.8650221919910437e+03,3.9476798271165405e+00
421517,8.8650221919910437e+03,3.9476798271165405e+00
421548,8.8650221919910437e+03,3.9476798271165405e+00
421589,8.8650221919910437e+03,3.9476798271165405e+00
421620,8.8650221919910437e+03,3.9476798271165405e+00
421651,8.8650221919910437e+03,3.9476798271165405e+00
421682,8.8650221919910437e+03,3.9476798271165405e+00
421713,8.8650221919910437e+03,3.9476798271165405e+00
421744,8.8650221919910437e+03,3.9476798271165405e+00
421785,8.8650221919910437e+03,3.9476798271165405e+00
421816,8.8650221919910437e+03,3.9476798271165405e+00
421847,8.8650221919910437e+03,3.9476798271165405e+00
421878,8.8650221919910437e+03,3.9476798271165405e+00
421909,8.8650221919910437e+03,3.9476798271165405e+00
421940,8.8650221919910437e+03,3.9476798271165405e+00
421981,8.8650221919910437e+03,3.9476798271165405e+00
422012,8.8650221919910437e+03,3.9476798271165405e+00
422043,8.8650221919910437e+03,3.9476798271165405e+00
422074,8.8650221919910437e+03,3.9476798271165405e+00
422105,8.8650221919910437e+03,3.9476798271165405e+00
422136,8.8650221919910437e+03,3.9476798271165405e+00
422177,8.8650221919910437e+03,3.9476798271165405e+00
422208,8.8650221919910437e+03,3.9476798271165405e+00
422239,8.8650221919910437e+03,3.9476798271165405e+00
422270,8.8650221919910437e+03,3.9476798271165405e+00
422301,8.8650221919910437e+03,3.9476798271165405e+00
422332,8.8650221919910437e+03,3.9476798271165405e+00
422373,8.8650221919910437e+03,3.9476798271165405e+00
422404,8.8650221919910437e+03,3.9476798271165405e+00
422435,8.8650221919910437e+03,3.9476798271165405e+00
422466,8.8650221919910437e+03,3.9476798271165405e+00
422497,8.8650221919910437e+03,3.9476798271165405e+00
422528,8.8650221919910437e+03,3.9476798271165405e+00
422569,8.8650221919910437e+03,3.9476798271165405e+00
422600,8.8650221919910437e+03,3.9476798271165405e+00
422631,8.8650221919910437e+03,3.9476798271165405e+00
422662,8.8650221919910437e+03,3.9476798271165405e+00
422693,8.8650221919910437e+03,3.9476798271165405e+00
422724,8.8650221919910437e+03,3.9476798271165405e+00
422765,8.8650221919910437e+03,3.9476798271165405e+00
422796,8.8650221919910437e+03,3.9476798271165405e+00
422827,8.8650221919910437e+03,3.9476798271165405e+00
422858,8.8650221919910437e+03,3.9476798271165405e+00
422889,8.8650221919910437e+03,3.9476798271165405e+00
422920,8.8650221919910437e+03,3.9476798271165405e+00
422961,8.8650221919910437e+03,3.9476798271165405e+00
422992,8.8650221919910437e+03,3.9476798271165405e+00
423023,8.8650221919910437e+03,3.9476798271165405e+00
423054,8.8650221919910437e+03,3.9476798271165405e+00
423085,8.8650221919910437e+03,3.9476798271165405e+00
423116,8.8650221919910437e+03,3.9476798271165405e+00
423157,8.8650221919910437e+03,3.9476798271165405e+00
423188,8.8650221919910437e+03,3.9476798271165405e+00
423219,8.8650221919910437e+03,3.9476798271165405e+00
423250,8.8650221919910437e+03,3.9476798271165405e+00
423281,8.8650221919910437e+03,3.9476798271165405e+00
423312,8.8650221919910437e+03,3.9476798271165405e+00
423353,8.8650221919910437e+03,3.9476798271165405e+00
423384,8.8650221919910437e+03,3.9476798271165405e+00
423415,8.8650221919910437e+03,3.9476798271165405e+00
423446,8.8650221919910437e+03,3.9476798271165405e+00
423477,8.8650221919910437e+03,3.9476798271165405e+00
423508,8.8650221919910437e+03,3.9476798271165405e+00
423549,8.8650221919910437e+03,3.9476798271165405e+00
423580,8.8650221919910437e+03,3.9476798271165405e+00
423611,8.8650221919910437e+03,3.9476798271165405e+00
423642,8.8650221919910437e+03,3.9476798271165405e+00
423673,8.8650221919910437e+03,3.9476798271165405e+00
423704,8.8650221919910437e+03,3.9476798271165405e+00
423745,8.8650221919910437e+03,3.9476798271165405e+00
423776,8.8650221919910437e+03,3.9476798271165405e+00
423807,8.8650221919910437e+03,3.9476798271165405e+00
423838,8.8650221919910437e+03,3.9476798271165405e+00
423869,8.8650221919910437e+03,3.9476798271165405e+00
423900,8.8650221919910437e+03,3.9476798271165405e+00
423941,8.8650221919910437e+03,3.9476798271165405e+00
423972,8.8650221919910437e+03,3.9476798271165405e+00
424003,8.8650221919910437e+03,3.9476798271165405e+00
424034,8.8650221919910437e+03,3.9476798271165405e+00
424065,8.8650221919910437e+03,3.9476798271165405e+00
424096,8.8650221919910437e+03,3.9476798271165405e+00
424137,8.8650221919910437e+03,3.9476798271165405e+00
424168,8.8650221919910437e+03,3.9476798271165405e+00
424199,8.8650221919910437e+03,3.9476798271165405e+00
424230,8.8650221919910437e+03,3.9476798271165405e+00
424261,8.8650221919910437e+03,3.9476798271165405e+00
424292,8.8650221919910437e+03,3.9476798271165405e+00
424333,8.8343252675288331e+03,3.9461733853335508e+00
424364,8.8343252675288331e+03,3.9461733853335508e+00
424395,8.8343252675288331e+03,3.9461733853335508e+00
424426,8.8343252675288331e+03,3.9461733853335508e+00
424457,8.8343252675288331e+03,3.9461733853335508e+00
424487,8.8343252675288331e+03,3.9461733853335508e+00
424527,8.8343252675288331e+03,3.9461733853335508e+00
424557,8.8343252675288331e+03,3.9461733853335508e+00
424587,8.8343252675288331e+03,3.9461733853335508e+00
424617,8.8343252675288331e+03,3.9461733853335508e+00
424647,8.8343252675288331e+03,3.9461733853335508e+00
424677,8.8343252675288331e+03,3.9461733853335508e+00
424717,8.8343252675288331e+03,3.9461733853335508e+00
424747,8.8343252675288331e+03,3.9461733853335508e+00
424777,8.8343252675288331e+03,3.9461733853335508e+00
424807,8.8343252675288331e+03,3.9461733853335508e+00
424837,8.8343252675288331e+03,3.9461733853335508e+00
424867,8.8343252675288331e+03,3.9461733853335508e+00
424907,8.8343252675288331e+03,3.9461733853335508e+00
424937,8.8343252675288331e+03,3.9461733853335508e+00
424967,8.8343252675288331e+03,3.9461733853335508e+00
424997,8.8343252675288331e+03,3.9461733853335508e+00
425027,8.8343252675288331e+03,3.9461733853335508e+00
425057,8.8343252675288331e+03,3.9461733853335508e+00
425097,8.8343252675288331e+03,3.9461733853335508e+00
425127,8.8343252675288331e+03,3.9461733853335508e+00
425157,8.8343252675288331e+03,3.9461733853335508e+00
425187,8.8343252675288331e+03,3.9461733853335508e+00
425217,8.8343252675288331e+03,3.9461733853335508e+00
425247,8.8343252675288331e+03,3.9461733853335508e+00
425287,8.8343252675288331e+03,3.9461733853335508e+00
425317,8.8343252675288331e+03,3.9461733853335508e+00
425347,8.8343252675288331e+03,3.9461733853335508e+00
425377,8.8343252675288331e+03,3.9461733853335508e+00
425407,8.8343252675288331e+03,3.9461733853335508e+00
425437,8.8343252675288331e+03,3.9461733853335508e+00
425477,8.8343252675288331e+03,3.9461733853335508e+00
425507,8.8343252675288331e+03,3.9461733853335508e+00
425537,8.8343252675288331e+03,3.9461733853335508e+00
425567,8.8343252675288331e+03,3.9461733853335508e+00
425597,8.8343252675288331e+03,3.9461733853335508e+00
425627,8.8343252675288331e+03,3.9461733853335508e+00
425667,8.8343252675288331e+03,3.9461733853335508e+00
425697,8.8343252675288331e+03,3.9461733853335508e+00
425727,8.8343252675288331e+03,3.9461733853335508e+00
425757,8.8343252675288331e+03,3.9461733853335508e+00
425787,8.8343252675288331e+03,3.9461733853335508e+00
425817,8.8343252675288331e+03,3.9461733853335508e+00
425857,8.8343252675288331e+03,3.9461733853335508e+00
425887,8.8343252675288331e+03,3.9461733853335508e+00
425917,8.8343252675288331e+03,3.9461733853335508e+00
425947,8.8343252675288331e+03,3.9461733853335508e+00
425977,8.8343252675288331e+03,3.9461733853335508e+00
426007,8.8343252675288331e+03,3.9461733853335508e+00
426047,8.8343252675288331e+03,3.9461733853335508e+00
426077,8.8343252675288331e+03,3.9461733853335508e+00
426107,8.8343252675288331e+03,3.9461733853335508e+00
426137,8.8343252675288331e+03,3.9461733853335508e+00
426167,8.8343252675288331e+03,3.9461733853335508e+00
426197,8.8343252675288331e+03,3.9461733853335508e+00
426237,8.8343252675288331e+03,3.9461733853335508e+00
426267,8.8343252675288331e+03,3.9461733853335508e+00
426297,8.8343252675288331e+03,3.9461733853335508e+00
426327,8.8343252675288331e+03,3.9461733853335508e+00
426357,8.8343252675288331e+03,3.9461733853335508e+00
426387,8.8343252675288331e+03,3.9461733853335508e+00
426427,8.8343252675288331e+03,3.9461733853335508e+00
426457,8.8343252675288331e+03,3.9461733853335508e+00
426487,8.8343252675288331e+03,3.9461733853335508e+00
426517,8.8343252675288331e+03,3.9461733853335508e+00
426547,8.8343252675288331e+03,3.9461733853335508e+00
426577,8.8343252675288331e+03,3.9461733853335508e+00
426617,8.8343252675288331e+03,3.9461733853335508e+00
426647,8.8343252675288331e+03,3.9461733853335508e+00
426677,8.8343252675288331e+03,3.9461733853335508e+00
426707,8.8343252675288331e+03,3.9461733853335508e+00
426737,8.8343252675288331e+03,3.9461733853335508e+00
426767,8.8343252675288331e+03,3.9461733853335508e+00
426807,8.8343252675288331e+03,3.9461733853335508e+00
426837,8.8343252675288331e+03,3.9461733853335508e+00
426867,8.8343252675288331e+03,3.9461733853335508e+00
426897,8.8343252675288331e+03,3.9461733853335508e+00
426927,8.8343252675288331e+03,3.9461733853335508e+00
426957,8.8343252675288331e+03,3.9461733853335508e+00
426997,8.8343252675288331e+03,3.9461733853335508e+00
427027,8.8343252675288331e+03,3.9461733853335508e+00
427057,8.8343252675288331e+03,3.9461733853335508e+00
427087,8.8343252675288331e+03,3.9461733853335508e+00
427117,8.8343252675288331e+03,3.9461733853335508e+00
427147,8.8343252675288331e+03,3.9461733853335508e+00
427187,8.8343252675288331e+03,3.9461733853335508e+00
427217,8.8343252675288331e+03,3.9461733853335508e+00
427247,8.8343252675288331e+03,3.9461733853335508e+00
427277,8.8343252675288331e+03,3.9461733853335508e+00
427307,8.8343252675288331e+03,3.9461733853335508e+00
427337,8.8343252675288331e+03,3.9461733853335508e+00
427377,8.8343252675288331e+03,3.9461733853335508e+00
427407,8.8343252675288331e+03,3.9461733853335508e+00
427437,8.8343252675288331e+03,3.9461733853335508e+00
427467,8.8343252675288331e+03,3.9461733853335508e+00
427497,8.8343252675288331e+03,3.9461733853335508e+00
427527,8.8343252675288331e+03,3.9461733853335508e+00
427567,8.8343252675288331e+03,3.9461733853335508e+00
427597,8.8343252675288331e+03,3.9461733853335508e+00
427627,8.8343252675288331e+03,3.9461733853335508e+00
427657,8.8343252675288331e+03,3.9461733853335508e+00
427687,8.8343252675288331e+03,3.9461733853335508e+00
427717,8.8343252675288331e+03,3.9461733853335508e+00
427757,8.8343252675288331e+03,3.9461733853335508e+00
427787,8.8343252675288331e+03,3.9461733853335508e+00
427817,8.8343252675288331e+03,3.9461733853335508e+00
427847,8.8343252675288331e+03,3.9461733853335508e+00
427877,8.8343252675288331e+03,3.9461733853335508e+00
427907,8.8343252675288331e+03,3.9461733853335508e+00
427947,8.7911983062992458e+03,3.9440480767055526e+00
427977,8.7911983062992458e+03,3.9440480767055526e+00
428007,8.7911983062992458e+03,3.9440480767055526e+00
428037,8.7911983062992458e+03,3.9440480767055526e+00
428067,8.7911983062992458e+03,3.9440480767055526e+00
428097,8.7911983062992458e+03,3.9440480767055526e+00
428137,8.7883627735780155e+03,3.9439079757986906e+00
428167,8.7883627735780155e+03,3.9439079757986906e+00
428197,8.7883627735780155e+03,3.9439079757986906e+00
428227,8.7883627735780155e+03,3.9439079757986906e+00
428257,8.7883627735780155e+03,3.9439079757986906e+00
428287,8.7883627735780155e+03,3.9439079757986906e+00
428327,8.7846560429620549e+03,3.9437247616687685e+00
428357,8.7846560429620549e+03,3.9437247616687685e+00
428387,8.7846560429620549e+03,3.9437247616687685e+00
428417,8.7846560429620549e+03,3.9437247616687685e+00
428447,8.7846560429620549e+03,3.9437247616687685e+00
428477,8.7846560429620549e+03,3.9437247616687685e+00
428517,8.7846560429620549e+03,3.9437247616687685e+00
428547,8.7846560429620549e+03,3.9437247616687685e+00
428577,8.7846560429620549e+03,3.9437247616687685e+00
428607,8.7846560429620549e+03,3.9437247616687685e+00
428637,8.7846560429620549e+03,3.9437247616687685e+00
428667,8.7846560429620549e+03,3.9437247616687685e+00
428707,8.7846560429620549e+03,3.9437247616687685e+00
428737,8.7846560429620549e+03,3.9437247616687685e+00
428767,8.7846560429620549e+03,3.9437247616687685e+00
428797,8.7846560429620549e+03,3.9437247616687685e+00
428827,8.7846560429620549e+03,3.9437247616687685e+00
428857,8.7846560429620549e+03,3.9437247616687685e+00
428897,8.7846560429620549e+03,3.9437247616687685e+00
428927,8.7846560429620549e+03,3.9437247616687685e+00
428957,8.7846560429620549e+03,3.9437247616687685e+00
428987,8.7846560429620549e+03,3.9437247616687685e+00
429017,8.7846560429620549e+03,3.9437247616687685e+00
429047,8.7846560429620549e+03,3.9437247616687685e+00
429087,8.7708341008365005e+03,3.9430408964635824e+00
429117,8.7708341008365005e+03,3.9430408964635824e+00
429147,8.7708341008365005e+03,3.9430408964635824e+00
429177,8.7708341008365005e+03,3.9430408964635824e+00
429207,8.7708341008365005e+03,3.9430408964635824e+00
429237,8.7708341008365005e+03,3.9430408964635824e+00
429277,8.7708341008365005e+03,3.9430408964635824e+00
429307,8.7708341008365005e+03,3.9430408964635824e+00
429337,8.7708341008365005e+03,3.9430408964635824e+00
429367,8.7708341008365005e+03,3.9430408964635824e+00
429397,8.7708341008365005e+03,3.9430408964635824e+00
429427,8.7708341008365005e+03,3.9430408964635824e+00
429467,8.7708341008365005e+03,3.9430408964635824e+00
429497,8.7708341008365005e+03,3.9430408964635824e+00
429527,8.7708341008365005e+03,3.9430408964635824e+00
429557,8.7708341008365005e+03,3.9430408964635824e+00
429587,8.7708341008365005e+03,3.9430408964635824e+00
429617,8.7708341008365005e+03,3.9430408964635824e+00
429657,8.7708341008365005e+03,3.9430408964635824e+00
429687,8.7708341008365005e+03,3.9430408964635824e+00
429717,8.7708341008365005e+03,3.9430408964635824e+00
429747,8.7708341008365005e+03,3.9430408964635824e+00
429777,8.7708341008365005e+03,3.9430408964635824e+00
429807,8.7708341008365005e+03,3.9430408964635824e+00
429847,8.7708341008365005e+03,3.9430408964635824e+00
429877,8.7708341008365005e+03,3.9430408964635824e+00
429907,8.7708341008365005e+03,3.9430408964635824e+00
429937,8.7708341008365005e+03,3.9430408964635824e+00
429967,8.7708341008365005e+03,3.9430408964635824e+00
429997,8.7708341008365005e+03,3.9430408964635824e+00
430037,8.6654022504564291e+03,3.9377887275922103e+00
430067,8.6654022504564291e+03,3.9377887275922103e+00
430097,8.6654022504564291e+03,3.9377887275922103e+00
430127,8.6654022504564291e+03,3.9377887275922103e+00
430157,8.6654022504564291e+03,3.9377887275922103e+00
430187,8.6654022504564291e+03,3.9377887275922103e+00
430227,8.6654022504564291e+03,3.9377887275922103e+00
430257,8.6654022504564291e+03,3.9377887275922103e+00
430287,8.6654022504564291e+03,3.9377887275922103e+00
430317,8.6654022504564291e+03,3.9377887275922103e+00
430347,8.6654022504564291e+03,3.9377887275922103e+00
430377,8.6654022504564291e+03,3.9377887275922103e+00
430417,8.6654022504564291e+03,3.9377887275922103e+00
430447,8.6654022504564291e+03,3.9377887275922103e+00
430477,8.6654022504564291e+03,3.9377887275922103e+00
430507,8.6654022504564291e+03,3.9377887275922103e+00
430537,8.6654022504564291e+03,3.9377887275922103e+00
430567,8.6654022504564291e+03,3.9377887275922103e+00
430607,8.6654022504564291e+03,3.9377887275922103e+00
430637,8.6654022504564291e+03,3.9377887275922103e+00
430667,8.6654022504564291e+03,3.9377887275922103e+00
430697,8.6654022504564291e+03,3.9377887275922103e+00
430727,8.6654022504564291e+03,3.9377887275922103e+00
430757,8.6654022504564291e+03,3.9377887275922103e+00
430797,8.6654022504564291e+03,3.9377887275922103e+00
430827,8.6654022504564291e+03,3.9377887275922103e+00
430857,8.6654022504564291e+03,3.9377887275922103e+00
430887,8.6654022504564291e+03,3.9377887275922103e+00
430917,8.6654022504564291e+03,3.9377887275922103e+00
430947,8.6654022504564291e+03,3.9377887275922103e+00
430987,8.6627747154895605e+03,3.9376570202639543e+00
431017,8.6627747154895605e+03,3.9376570202639543e+00
431047,8.6627747154895605e+03,3.9376570202639543e+00
431077,8.6627747154895605e+03,3.9376570202639543e+00
431107,8.6627747154895605e+03,3.9376570202639543e+00
431137,8.6627747154895605e+03,3.9376570202639543e+00
431177,8.6627747154895605e+03,3.9376570202639543e+00
431207,8.6627747154895605e+03,3.9376570202639543e+00
431237,8.6627747154895605e+03,3.9376570202639543e+00
431267,8.6627747154895605e+03,3.9376570202639543e+00
431297,8.6627747154895605e+03,3.9376570202639543e+00
431327,8.6627747154895605e+03,3.9376570202639543e+00
431367,8.6627747154895605e+03,3.9376570202639543e+00
431397,8.6627747154895605e+03,3.9376570202639543e+00
431427,8.6627747154895605e+03,3.9376570202639543e+00
431457,8.6627747154895605e+03,3.9376570202639543e+00
431487,8.6627747154895605e+03,3.9376570202639543e+00
431516,8.6627747154895605e+03,3.9376570202639543e+00
431555,8.6627747154895605e+03,3.9376570202639543e+00
431584,8.6627747154895605e+03,3.9376570202639543e+00
431613,8.6627747154895605e+03,3.9376570202639543e+00
431642,8.6627747154895605e+03,3.9376570202639543e+00
431671,8.6627747154895605e+03,3.9376570202639543e+00
431700,8.6627747154895605e+03,3.9376570202639543e+00
431739,8.6627747154895605e+03,3.9376570202639543e+00
431768,8.6627747154895605e+03,3.9376570202639543e+00
431797,8.6627747154895605e+03,3.9376570202639543e+00
431826,8.6627747154895605e+03,3.9376570202639543e+00
431855,8.6627747154895605e+03,3.9376570202639543e+00
431884,8.6627747154895605e+03,3.9376570202639543e+00
431923,8.6627747154895605e+03,3.9376570202639543e+00
431952,8.6627747154895605e+03,3.9376570202639543e+00
431981,8.6627747154895605e+03,3.9376570202639543e+00
432010,8.6627747154895605e+03,3.9376570202639543e+00
432039,8.6627747154895605e+03,3.9376570202639543e+00
432068,8.6627747154895605e+03,3.9376570202639543e+00
432107,8.6627747154895605e+03,3.9376570202639543e+00
432136,8.6627747154895605e+03,3.9376570202639543e+00
432165,8.6627747154895605e+03,3.9376570202639543e+00
432194,8.6627747154895605e+03,3.9376570202639543e+00
432223,8.6627747154895605e+03,3.9376570202639543e+00
432252,8.6627747154895605e+03,3.9376570202639543e+00
432291,8.6627747154895605e+03,3.9376570202639543e+00
432320,8.6627747154895605e+03,3.9376570202639543e+00
432349,8.6627747154895605e+03,3.9376570202639543e+00
432378,8.6627747154895605e+03,3.9376570202639543e+00
432407,8.6627747154895605e+03,3.9376570202639543e+00
432436,8.6627747154895605e+03,3.9376570202639543e+00
432475,8.6627747154895605e+03,3.9376570202639543e+00
432504,8.6627747154895605e+03,3.9376570202639543e+00
432533,8.6627747154895605e+03,3.9376570202639543e+00
432562,8.6627747154895605e+03,3.9376570202639543e+00
432591,8.6627747154895605e+03,3.9376570202639543e+00
432620,8.6627747154895605e+03,3.9376570202639543e+00
432659,8.6627747154895605e+03,3.9376570202639543e+00
432688,8.6627747154895605e+03,3.9376570202639543e+00
432717,8.6627747154895605e+03,3.9376570202639543e+00
432746,8.6627747154895605e+03,3.9376570202639543e+00
432775,8.6627747154895605e+03,3.9376570202639543e+00
432804,8.6627747154895605e+03,3.9376570202639543e+00
432843,8.6627747154895605e+03,3.9376570202639543e+00
432872,8.6627747154895605e+03,3.9376570202639543e+00
432901,8.6627747154895605e+03,3.9376570202639543e+00
432930,8.6627747154895605e+03,3.9376570202639543e+00
432959,8.6627747154895605e+03,3.9376570202639543e+00
432988,8.6627747154895605e+03,3.9376570202639543e+00
433027,8.6627747154895605e+03,3.9376570202639543e+00
433056,8.6627747154895605e+03,3.9376570202639543e+00
433085,8.6627747154895605e+03,3.9376570202639543e+00
433114,8.6627747154895605e+03,3.9376570202639543e+00
433143,8.6627747154895605e+03,3.9376570202639543e+00
433172,8.6627747154895605e+03,3.9376570202639543e+00
433211,8.6627747154895605e+03,3.9376570202639543e+00
433240,8.6627747154895605e+03,3.9376570202639543e+00
433269,8.6627747154895605e+03,3.9376570202639543e+00
433298,8.6627747154895605e+03,3.9376570202639543e+00
433327,8.6627747154895605e+03,3.9376570202639543e+00
433356,8.6627747154895605e+03,3.9376570202639543e+00
433395,8.6627747154895605e+03,3.9376570202639543e+00
433424,8.6627747154895605e+03,3.9376570202639543e+00
433453,8.6627747154895605e+03,3.9376570202639543e+00
433482,8.6627747154895605e+03,3.9376570202639543e+00
433511,8.6627747154895605e+03,3.9376570202639543e+00
433540,8.6627747154895605e+03,3.9376570202639543e+00
433579,8.6627747154895605e+03,3.9376570202639543e+00
433608,8.6627747154895605e+03,3.9376570202639543e+00
433637,8.6627747154895605e+03,3.9376570202639543e+00
433666,8.6627747154895605e+03,3.9376570202639543e+00
433695,8.6627747154895605e+03,3.9376570202639543e+00
433724,8.6627747154895605e+03,3.9376570202639543e+00
433763,8.6627747154895605e+03,3.9376570202639543e+00
433792,8.6627747154895605e+03,3.9376570202639543e+00
433821,8.6627747154895605e+03,3.9376570202639543e+00
433850,8.6627747154895605e+03,3.9376570202639543e+00
433879,8.6627747154895605e+03,3.9376570202639543e+00
433908,8.6627747154895605e+03,3.9376570202639543e+00
433947,8.6627747154895605e+03,3.9376570202639543e+00
433976,8.6627747154895605e+03,3.9376570202639543e+00
434005,8.6627747154895605e+03,3.9376570202639543e+00
434034,8.6627747154895605e+03,3.9376570202639543e+00
434063,8.6627747154895605e+03,3.9376570202639543e+00
434092,8.6627747154895605e+03,3.9376570202639543e+00
434131,8.6627747154895605e+03,3.9376570202639543e+00
434160,8.6627747154895605e+03,3.9376570202639543e+00
434189,8.6627747154895605e+03,3.9376570202639543e+00
434218,8.6627747154895605e+03,3.9376570202639543e+00
434247,8.6627747154895605e+03,3.9376570202639543e+00
434276,8.6627747154895605e+03,3.9376570202639543e+00
434315,8.6627747154895605e+03,3.9376570202639543e+00
434344,8.6627747154895605e+03,3.9376570202639543e+00
434373,8.6627747154895605e+03,3.9376570202639543e+00
434402,8.6627747154895605e+03,3.9376570202639543e+00
434431,8.6627747154895605e+03,3.9376570202639543e+00
434460,8.6627747154895605e+03,3.9376570202639543e+00
434499,8.6627747154895605e+03,3.9376570202639543e+00
434528,8.6627747154895605e+03,3.9376570202639543e+00
434557,8.6627747154895605e+03,3.9376570202639543e+00
434586,8.6627747154895605e+03,3.9376570202639543e+00
434615,8.6627747154895605e+03,3.9376570202639543e+00
434644,8.6627747154895605e+03,3.9376570202639543e+00
434683,8.6627747154895605e+03,3.9376570202639543e+00
434712,8.6627747154895605e+03,3.9376570202639543e+00
434741,8.6627747154895605e+03,3.9376570202639543e+00
434770,8.6627747154895605e+03,3.9376570202639543e+00
434799,8.6627747154895605e+03,3.9376570202639543e+00
434828,8.6627747154895605e+03,3.9376570202639543e+00
434867,8.6627747154895605e+03,3.9376570202639543e+00
434896,8.6627747154895605e+03,3.9376570202639543e+00
434925,8.6627747154895605e+03,3.9376570202639543e+00
434954,8.6627747154895605e+03,3.9376570202639543e+00
434983,8.6627747154895605e+03,3.9376570202639543e+00
435012,8.6627747154895605e+03,3.9376570202639543e+00
435051,8.6627747154895605e+03,3.9376570202639543e+00
435080,8.6627747154895605e+03,3.9376570202639543e+00
435109,8.6627747154895605e+03,3.9376570202639543e+00
435138,8.6627747154895605e+03,3.9376570202639543e+00
435167,8.6627747154895605e+03,3.9376570202639543e+00
435196,8.6627747154895605e+03,3.9376570202639543e+00
435235,8.6627747154895605e+03,3.9376570202639543e+00
435264,8.6627747154895605e+03,3.9376570202639543e+00
435293,8.6627747154895605e+03,3.9376570202639543e+00
435322,8.6627747154895605e+03,3.9376570202639543e+00
435351,8.6627747154895605e+03,3.9376570202639543e+00
435380,8.6627747154895605e+03,3.9376570202639543e+00
435419,8.6627747154895605e+03,3.9376570202639543e+00
435448,8.6627747154895605e+03,3.9376570202639543e+00
435477,8.6627747154895605e+03,3.9376570202639543e+00
435506,8.6627747154895605e+03,3.9376570202639543e+00
435535,8.6627747154895605e+03,3.9376570202639543e+00
435564,8.6627747154895605e+03,3.9376570202639543e+00
435603,8.6627747154895605e+03,3.9376570202639543e+00
435632,8.6627747154895605e+03,3.9376570202639543e+00
435661,8.6627747154895605e+03,3.9376570202639543e+00
435690,8.6627747154895605e+03,3.9376570202639543e+00
435719,8.6627747154895605e+03,3.9376570202639543e+00
435748,8.6627747154895605e+03,3.9376570202639543e+00
435787,8.6627747154895605e+03,3.9376570202639543e+00
435816,8.6627747154895605e+03,3.9376570202639543e+00
435845,8.6627747154895605e+03,3.9376570202639543e+00
435874,8.6627747154895605e+03,3.9376570202639543e+00
435903,8.6627747154895605e+03,3.9376570202639543e+00
435932,8.6627747154895605e+03,3.9376570202639543e+00
435971,8.6627747154895605e+03,3.9376570202639543e+00
436000,8.6627747154895605e+03,3.9376570202639543e+00
436029,8.6627747154895605e+03,3.9376570202639543e+00
436058,8.6627747154895605e+03,3.9376570202639543e+00
436087,8.6627747154895605e+03,3.9376570202639543e+00
436116,8.6627747154895605e+03,3.9376570202639543e+00
436155,8.6627747154895605e+03,3.9376570202639543e+00
436184,8.6627747154895605e+03,3.9376570202639543e+00
436213,8.6627747154895605e+03,3.9376570202639543e+00
436242,8.6627747154895605e+03,3.9376570202639543e+00
436271,8.6627747154895605e+03,3.9376570202639543e+00
436300,8.6627747154895605e+03,3.9376570202639543e+00
436339,8.6627747154895605e+03,3.9376570202639543e+00
436368,8.6627747154895605e+03,3.9376570202639543e+00
436397,8.6627747154895605e+03,3.9376570202639543e+00
436426,8.6627747154895605e+03,3.9376570202639543e+00
436455,8.6627747154895605e+03,3.9376570202639543e+00
436484,8.6627747154895605e+03,3.9376570202639543e+00
436523,8.6627747154895605e+03,3.9376570202639543e+00
436552,8.6627747154895605e+03,3.9376570202639543e+00
436581,8.6627747154895605e+03,3.9376570202639543e+00
436610,8.6627747154895605e+03,3.9376570202639543e+00
436639,8.6627747154895605e+03,3.9376570202639543e+00
436668,8.6627747154895605e+03,3.9376570202639543e+00
436707,8.6627747154895605e+03,3.9376570202639543e+00
436736,8.6627747154895605e+03,3.9376570202639543e+00
436765,8.6627747154895605e+03,3.9376570202639543e+00
436794,8.6627747154895605e+03,3.9376570202639543e+00
436823,8.6627747154895605e+03,3.9376570202639543e+00
436852,8.6627747154895605e+03,3.9376570202639543e+00
436891,8.6627747154895605e+03,3.9376570202639543e+00
436920,8.6627747154895605e+03,3.9376570202639543e+00
436949,8.6627747154895605e+03,3.9376570202639543e+00
436978,8.6627747154895605e+03,3.9376570202639543e+00
437007,8.6627747154895605e+03,3.9376570202639543e+00
437036,8.6627747154895605e+03,3.9376570202639543e+00
437075,8.6627747154895605e+03,3.9376570202639543e+00
437104,8.6627747154895605e+03,3.9376570202639543e+00
437133,8.6627747154895605e+03,3.9376570202639543e+00
437162,8.6627747154895605e+03,3.9376570202639543e+00
437191,8.6627747154895605e+03,3.9376570202639543e+00
437220,8.6627747154895605e+03,3.9376570202639543e+00
437259,8.6627747154895605e+03,3.9376570202639543e+00
437288,8.6627747154895605e+03,3.9376570202639543e+00
437317,8.6627747154895605e+03,3.9376570202639543e+00
437346,8.6627747154895605e+03,3.9376570202639543e+00
437375,8.6627747154895605e+03,3.9376570202639543e+00
437404,8.6627747154895605e+03,3.9376570202639543e+00
437443,8.6627747154895605e+03,3.9376570202639543e+00
437472,8.6627747154895605e+03,3.9376570202639543e+00
437501,8.6627747154895605e+03,3.9376570202639543e+00
437530,8.6627747154895605e+03,3.9376570202639543e+00
437559,8.6627747154895605e+03,3.9376570202639543e+00
437588,8.6627747154895605e+03,3.9376570202639543e+00
437627,8.6627747154895605e+03,3.9376570202639543e+00
437656,8.6627747154895605e+03,3.9376570202639543e+00
437685,8.6627747154895605e+03,3.9376570202639543e+00
437714,8.6627747154895605e+03,3.9376570202639543e+00
437743,8.6627747154895605e+03,3.9376570202639543e+00
437772,8.6627747154895605e+03,3.9376570202639543e+00
437811,8.6627747154895605e+03,3.9376570202639543e+00
437840,8.6627747154895605e+03,3.9376570202639543e+00
437869,8.6627747154895605e+03,3.9376570202639543e+00
437898,8.6627747154895605e+03,3.9376570202639543e+00
437927,8.6627747154895605e+03,3.9376570202639543e+00
437956,8.6627747154895605e+03,3.9376570202639543e+00
437995,8.6627747154895605e+03,3.9376570202639543e+00
438024,8.6627747154895605e+03,3.9376570202639543e+00
438053,8.6627747154895605e+03,3.9376570202639543e+00
438082,8.6627747154895605e+03,3.9376570202639543e+00
438111,8.6627747154895605e+03,3.9376570202639543e+00
438140,8.6627747154895605e+03,3.9376570202639543e+00
438179,8.6627747154895605e+03,3.9376570202639543e+00
438208,8.6627747154895605e+03,3.9376570202639543e+00
438237,8.6627747154895605e+03,3.9376570202639543e+00
438266,8.6627747154895605e+03,3.9376570202639543e+00
438295,8.6627747154895605e+03,3.9376570202639543e+00
438324,8.6627747154895605e+03,3.9376570202639543e+00
438363,8.6626876234537449e+03,3.9376526540208108e+00
438392,8.6626876234537449e+03,3.9376526540208108e+00
438421,8.6626876234537449e+03,3.9376526540208108e+00
438450,8.6626876234537449e+03,3.9376526540208108e+00
438479,8.6626876234537449e+03,3.9376526540208108e+00
438508,8.6626876234537449e+03,3.9376526540208108e+00
438547,8.6626876234537449e+03,3.9376526540208108e+00
438576,8.6626876234537449e+03,3.9376526540208108e+00
438605,8.6626876234537449e+03,3.9376526540208108e+00
438634,8.6626876234537449e+03,3.9376526540208108e+00
438663,8.6626876234537449e+03,3.9376526540208108e+00
438692,8.6626876234537449e+03,3.9376526540208108e+00
438731,8.6626876234537449e+03,3.9376526540208108e+00
438760,8.6626876234537449e+03,3.9376526540208108e+00
438789,8.6626876234537449e+03,3.9376526540208108e+00
438818,8.6626876234537449e+03,3.9376526540208108e+00
438847,8.6626876234537449e+03,3.9376526540208108e+00
438876,8.6626876234537449e+03,3.9376526540208108e+00
438915,8.6626876234537449e+03,3.9376526540208108e+00
438944,8.6626876234537449e+03,3.9376526540208108e+00
438973,8.6626876234537449e+03,3.9376526540208108e+00
439002,8.6626876234537449e+03,3.9376526540208108e+00
439031,8.6626876234537449e+03,3.9376526540208108e+00
439060,8.6626876234537449e+03,3.9376526540208108e+00
439099,8.6626876234537449e+03,3.9376526540208108e+00
439128,8.6626876234537449e+03,3.9376526540208108e+00
439157,8.6626876234537449e+03,3.9376526540208108e+00
439186,8.6626876234537449e+03,3.9376526540208108e+00
439215,8.6626876234537449e+03,3.9376526540208108e+00
439244,8.6626876234537449e+03,3.9376526540208108e+00
439283,8.6626876234537449e+03,3.9376526540208108e+00
439312,8.6626876234537449e+03,3.9376526540208108e+00
439341,8.6626876234537449e+03,3.9376526540208108e+00
439370,8.6626876234537449e+03,3.9376526540208108e+00
439398,8.6626876234537449e+03,3.9376526540208108e+00
439426,8.6626876234537449e+03,3.9376526540208108e+00
439464,8.6626876234537449e+03,3.9376526540208108e+00
439492,8.6626876234537449e+03,3.9376526540208108e+00
439520,8.6626876234537449e+03,3.9376526540208108e+00
439548,8.6626876234537449e+03,3.9376526540208108e+00
439576,8.6626876234537449e+03,3.9376526540208108e+00
439604,8.6626876234537449e+03,3.9376526540208108e+00
439642,8.6626876234537449e+03,3.9376526540208108e+00
439670,8.6626876234537449e+03,3.9376526540208108e+00
439698,8.6626876234537449e+03,3.9376526540208108e+00
439726,8.6626876234537449e+03,3.9376526540208108e+00
439754,8.6626876234537449e+03,3.9376526540208108e+00
439782,8.6626876234537449e+03,3.9376526540208108e+00
439820,8.6626876234537449e+03,3.9376526540208108e+00
439848,8.6626876234537449e+03,3.9376526540208108e+00
439876,8.6626876234537449e+03,3.9376526540208108e+00
439904,8.6626876234537449e+03,3.9376526540208108e+00
439932,8.6626876234537449e+03,3.9376526540208108e+00
439960,8.6626876234537449e+03,3.9376526540208108e+00
439998,8.6626876234537449e+03,3.9376526540208108e+00
440026,8.6626876234537449e+03,3.9376526540208108e+00
440054,8.6626876234537449e+03,3.9376526540208108e+00
440082,8.6626876234537449e+03,3.9376526540208108e+00
440110,8.6626876234537449e+03,3.9376526540208108e+00
440138,8.6626876234537449e+03,3.9376526540208108e+00
440176,8.6626876234537449e+03,3.9376526540208108e+00
440204,8.6626876234537449e+03,3.9376526540208108e+00
440232,8.6626876234537449e+03,3.9376526540208108e+00
440260,8.6626876234537449e+03,3.9376526540208108e+00
440288,8.6626876234537449e+03,3.9376526540208108e+00
440316,8.6626876234537449e+03,3.9376526540208108e+00
440354,8.6626876234537449e+03,3.9376526540208108e+00
440382,8.6626876234537449e+03,3.9376526540208108e+00
440410,8.6626876234537449e+03,3.9376526540208108e+00
440438,8.6626876234537449e+03,3.9376526540208108e+00
440466,8.6626876234537449e+03,3.9376526540208108e+00
440494,8.6626876234537449e+03,3.9376526540208108e+00
440532,8.6626876234537449e+03,3.9376526540208108e+00
440560,8.6626876234537449e+03,3.9376526540208108e+00
440588,8.6626876234537449e+03,3.9376526540208108e+00
440616,8.6626876234537449e+03,3.9376526540208108e+00
440644,8.6626876234537449e+03,3.9376526540208108e+00
440672,8.6626876234537449e+03,3.9376526540208108e+00
440710,8.6626876234537449e+03,3.9376526540208108e+00
440738,8.6626876234537449e+03,3.9376526540208108e+00
440766,8.6626876234537449e+03,3.9376526540208108e+00
440794,8.6626876234537449e+03,3.9376526540208108e+00
440822,8.6626876234537449e+03,3.9376526540208108e+00
440850,8.6626876234537449e+03,3.9376526540208108e+00
440888,8.6626876234537449e+03,3.9376526540208108e+00
440916,8.6626876234537449e+03,3.9376526540208108e+00
440944,8.6626876234537449e+03,3.9376526540208108e+00
440972,8.6626876234537449e+03,3.9376526540208108e+00
441000,8.6626876234537449e+03,3.9376526540208108e+00
441028,8.6626876234537449e+03,3.9376526540208108e+00
441066,8.6626876234537449e+03,3.9376526540208108e+00
441094,8.6626876234537449e+03,3.9376526540208108e+00
441122,8.6626876234537449e+03,3.9376526540208108e+00
441150,8.6626876234537449e+03,3.9376526540208108e+00
441178,8.6626876234537449e+03,3.9376526540208108e+00
441206,8.6626876234537449e+03,3.9376526540208108e+00
441244,8.6626876234537449e+03,3.9376526540208108e+00
441272,8.6626876234537449e+03,3.9376526540208108e+00
441300,8.6626876234537449e+03,3.9376526540208108e+00
441328,8.6626876234537449e+03,3.9376526540208108e+00
441356,8.6626876234537449e+03,3.9376526540208108e+00
441384,8.6626876234537449e+03,3.9376526540208108e+00
441422,8.6626876234537449e+03,3.9376526540208108e+00
441450,8.6626876234537449e+03,3.9376526540208108e+00
441478,8.6626876234537449e+03,3.9376526540208108e+00
441506,8.6626876234537449e+03,3.9376526540208108e+00
441534,8.6626876234537449e+03,3.9376526540208108e+00
441562,8.6626876234537449e+03,3.9376526540208108e+00
441600,8.6626876234537449e+03,3.9376526540208108e+00
441628,8.6626876234537449e+03,3.9376526540208108e+00
441656,8.6626876234537449e+03,3.9376526540208108e+00
441684,8.6626876234537449e+03,3.9376526540208108e+00
441712,8.6626876234537449e+03,3.9376526540208108e+00
441740,8.6626876234537449e+03,3.9376526540208108e+00
441778,8.6626876234537449e+03,3.9376526540208108e+00
441806,8.6626876234537449e+03,3.9376526540208108e+00
441834,8.6626876234537449e+03,3.9376526540208108e+00
441862,8.6626876234537449e+03,3.9376526540208108e+00
441890,8.6626876234537449e+03,3.9376526540208108e+00
441918,8.6626876234537449e+03,3.9376526540208108e+00
441956,8.6626876234537449e+03,3.9376526540208108e+00
441984,8.6626876234537449e+03,3.9376526540208108e+00
442012,8.6626876234537449e+03,3.9376526540208108e+00
442040,8.6626876234537449e+03,3.9376526540208108e+00
442068,8.6626876234537449e+03,3.9376526540208108e+00
442096,8.6626876234537449e+03,3.9376526540208108e+00
442134,8.6626876234537449e+03,3.9376526540208108e+00
442162,8.6626876234537449e+03,3.9376526540208108e+00
442190,8.6626876234537449e+03,3.9376526540208108e+00
442218,8.6626876234537449e+03,3.9376526540208108e+00
442246,8.6626876234537449e+03,3.9376526540208108e+00
442274,8.6626876234537449e+03,3.9376526540208108e+00
442312,8.6626876234537449e+03,3.9376526540208108e+00
442340,8.6626876234537449e+03,3.9376526540208108e+00
442368,8.6626876234537449e+03,3.9376526540208108e+00
442396,8.6626876234537449e+03,3.9376526540208108e+00
442424,8.6626876234537449e+03,3.9376526540208108e+00
442452,8.6626876234537449e+03,3.9376526540208108e+00
442490,8.6626876234537449e+03,3.9376526540208108e+00
442518,8.6626876234537449e+03,3.9376526540208108e+00
442546,8.6626876234537449e+03,3.9376526540208108e+00
442574,8.6626876234537449e+03,3.9376526540208108e+00
442602,8.6626876234537449e+03,3.9376526540208108e+00
442630,8.6626876234537449e+03,3.9376526540208108e+00
442668,8.6626876234537449e+03,3.9376526540208108e+00
442696,8.6626876234537449e+03,3.9376526540208108e+00
442724,8.6626876234537449e+03,3.9376526540208108e+00
442752,8.6626876234537449e+03,3.9376526540208108e+00
442780,8.6626876234537449e+03,3.9376526540208108e+00
442808,8.6626876234537449e+03,3.9376526540208108e+00
442846,8.6626876234537449e+03,3.9376526540208108e+00
442874,8.6626876234537449e+03,3.9376526540208108e+00
442902,8.6626876234537449e+03,3.9376526540208108e+00
442930,8.6626876234537449e+03,3.9376526540208108e+00
442958,8.6626876234537449e+03,3.9376526540208108e+00
442986,8.6626876234537449e+03,3.9376526540208108e+00
443024,8.6626876234537449e+03,3.9376526540208108e+00
443052,8.6626876234537449e+03,3.9376526540208108e+00
443080,8.6626876234537449e+03,3.9376526540208108e+00
443108,8.6626876234537449e+03,3.9376526540208108e+00
443136,8.6626876234537449e+03,3.9376526540208108e+00
443164,8.6626876234537449e+03,3.9376526540208108e+00
443202,8.6626876234537449e+03,3.9376526540208108e+00
443230,8.6626876234537449e+03,3.9376526540208108e+00
443258,8.6626876234537449e+03,3.9376526540208108e+00
443286,8.6626876234537449e+03,3.9376526540208108e+00
443314,8.6626876234537449e+03,3.9376526540208108e+00
443342,8.6626876234537449e+03,3.9376526540208108e+00
443380,8.6626876234537449e+03,3.9376526540208108e+00
443408,8.6626876234537449e+03,3.9376526540208108e+00
443436,8.6626876234537449e+03,3.9376526540208108e+00
443464,8.6626876234537449e+03,3.9376526540208108e+00
443492,8.6626876234537449e+03,3.9376526540208108e+00
443520,8.6626876234537449e+03,3.9376526540208108e+00
443558,8.6626876234537449e+03,3.9376526540208108e+00
443586,8.6626876234537449e+03,3.9376526540208108e+00
443614,8.6626876234537449e+03,3.9376526540208108e+00
443642,8.6626876234537449e+03,3.9376526540208108e+00
443670,8.6626876234537449e+03,3.9376526540208108e+00
443698,8.6626876234537449e+03,3.9376526540208108e+00
443736,8.6626876234537449e+03,3.9376526540208108e+00
443764,8.6626876234537449e+03,3.9376526540208108e+00
443792,8.6626876234537449e+03,3.9376526540208108e+00
443820,8.6626876234537449e+03,3.9376526540208108e+00
443848,8.6626876234537449e+03,3.9376526540208108e+00
443876,8.6626876234537449e+03,3.9376526540208108e+00
443914,8.6626876234537449e+03,3.9376526540208108e+00
443942,8.6626876234537449e+03,3.9376526540208108e+00
443970,8.6626876234537449e+03,3.9376526540208108e+00
443998,8.6626876234537449e+03,3.9376526540208108e+00
444026,8.6626876234537449e+03,3.9376526540208108e+00
444054,8.6626876234537449e+03,3.9376526540208108e+00
444092,8.6626876234537449e+03,3.9376526540208108e+00
444120,8.6626876234537449e+03,3.9376526540208108e+00
444148,8.6626876234537449e+03,3.9376526540208108e+00
444176,8.6626876234537449e+03,3.9376526540208108e+00
444204,8.6626876234537449e+03,3.9376526540208108e+00
444232,8.6626876234537449e+03,3.9376526540208108e+00
444270,8.6626876234537449e+03,3.9376526540208108e+00
444298,8.6626876234537449e+03,3.9376526540208108e+00
444326,8.6626876234537449e+03,3.9376526540208108e+00
444354,8.6626876234537449e+03,3.9376526540208108e+00
444382,8.6626876234537449e+03,3.9376526540208108e+00
444410,8.6626876234537449e+03,3.9376526540208108e+00
444448,8.6626876234537449e+03,3.9376526540208108e+00
444476,8.6626876234537449e+03,3.9376526540208108e+00
444504,8.6626876234537449e+03,3.9376526540208108e+00
444532,8.6626876234537449e+03,3.9376526540208108e+00
444560,8.6626876234537449e+03,3.9376526540208108e+00
444588,8.6626876234537449e+03,3.9376526540208108e+00
444626,8.6626876234537449e+03,3.9376526540208108e+00
444654,8.6626876234537449e+03,3.9376526540208108e+00
444682,8.6626876234537449e+03,3.9376526540208108e+00
444710,8.6626876234537449e+03,3.9376526540208108e+00
444738,8.6626876234537449e+03,3.9376526540208108e+00
444766,8.6626876234537449e+03,3.9376526540208108e+00
444804,8.6626876234537449e+03,3.9376526540208108e+00
444832,8.6626876234537449e+03,3.9376526540208108e+00
444860,8.6626876234537449e+03,3.9376526540208108e+00
444888,8.6626876234537449e+03,3.9376526540208108e+00
444916,8.6626876234537449e+03,3.9376526540208108e+00
444944,8.6626876234537449e+03,3.9376526540208108e+00
444982,8.6626876234537449e+03,3.9376526540208108e+00
445010,8.6626876234537449e+03,3.9376526540208108e+00
445038,8.6626876234537449e+03,3.9376526540208108e+00
445066,8.6626876234537449e+03,3.9376526540208108e+00
445094,8.6626876234537449e+03,3.9376526540208108e+00
445122,8.6626876234537449e+03,3.9376526540208108e+00
445160,8.6626876234537449e+03,3.9376526540208108e+00
445188,8.6626876234537449e+03,3.9376526540208108e+00
445216,8.6626876234537449e+03,3.9376526540208108e+00
445244,8.6626876234537449e+03,3.9376526540208108e+00
445272,8.6626876234537449e+03,3.9376526540208108e+00
445300,8.6626876234537449e+03,3.9376526540208108e+00
445338,8.6626876234537449e+03,3.9376526540208108e+00
445366,8.6626876234537449e+03,3.9376526540208108e+00
445394,8.6626876234537449e+03,3.9376526540208108e+00
445422,8.6626876234537449e+03,3.9376526540208108e+00
445450,8.6626876234537449e+03,3.9376526540208108e+00
445478,8.6626876234537449e+03,3.9376526540208108e+00
445516,8.6626876234537449e+03,3.9376526540208108e+00
445544,8.6626876234537449e+03,3.9376526540208108e+00
445572,8.6626876234537449e+03,3.9376526540208108e+00
445600,8.6626876234537449e+03,3.9376526540208108e+00
445628,8.6626876234537449e+03,3.9376526540208108e+00
445656,8.6626876234537449e+03,3.9376526540208108e+00
445694,8.6626876234537449e+03,3.9376526540208108e+00
445722,8.6626876234537449e+03,3.9376526540208108e+00
445750,8.6626876234537449e+03,3.9376526540208108e+00
445778,8.6626876234537449e+03,3.9376526540208108e+00
445806,8.6626876234537449e+03,3.9376526540208108e+00
445834,8.6626876234537449e+03,3.9376526540208108e+00
445872,8.6626876234537449e+03,3.9376526540208108e+00
445900,8.6626876234537449e+03,3.9376526540208108e+00
445928,8.6626876234537449e+03,3.9376526540208108e+00
445956,8.6626876234537449e+03,3.9376526540208108e+00
445984,8.6626876234537449e+03,3.9376526540208108e+00
446012,8.6626876234537449e+03,3.9376526540208108e+00
446050,8.6626876234537449e+03,3.9376526540208108e+00
446078,8.6626876234537449e+03,3.9376526540208108e+00
446106,8.6626876234537449e+03,3.9376526540208108e+00
446134,8.6626876234537449e+03,3.9376526540208108e+00
446162,8.6626876234537449e+03,3.9376526540208108e+00
446190,8.6626876234537449e+03,3.9376526540208108e+00
446228,8.6626876234537449e+03,3.9376526540208108e+00
446256,8.6626876234537449e+03,3.9376526540208108e+00
446284,8.6626876234537449e+03,3.9376526540208108e+00
446312,8.6626876234537449e+03,3.9376526540208108e+00
446340,8.6626876234537449e+03,3.9376526540208108e+00
446368,8.6626876234537449e+03,3.9376526540208108e+00
446406,8.6626876234537449e+03,3.9376526540208108e+00
446434,8.6626876234537449e+03,3.9376526540208108e+00
446462,8.6626876234537449e+03,3.9376526540208108e+00
446490,8.6626876234537449e+03,3.9376526540208108e+00
446518,8.6626876234537449e+03,3.9376526540208108e+00
446546,8.6626876234537449e+03,3.9376526540208108e+00
446584,8.6626876234537449e+03,3.9376526540208108e+00
446612,8.6626876234537449e+03,3.9376526540208108e+00
446640,8.6626876234537449e+03,3.9376526540208108e+00
446668,8.6626876234537449e+03,3.9376526540208108e+00
446696,8.6626876234537449e+03,3.9376526540208108e+00
446724,8.6626876234537449e+03,3.9376526540208108e+00
446762,8.6626876234537449e+03,3.9376526540208108e+00
446790,8.6626876234537449e+03,3.9376526540208108e+00
446818,8.6626876234537449e+03,3.9376526540208108e+00
446846,8.6626876234537449e+03,3.9376526540208108e+00
446874,8.6626876234537449e+03,3.9376526540208108e+00
446902,8.6626876234537449e+03,3.9376526540208108e+00
446940,8.6626876234537449e+03,3.9376526540208108e+00
446968,8.6626876234537449e+03,3.9376526540208108e+00
446996,8.6626876234537449e+03,3.9376526540208108e+00
447024,8.6626876234537449e+03,3.9376526540208108e+00
447052,8.6626876234537449e+03,3.9376526540208108e+00
447080,8.6626876234537449e+03,3.9376526540208108e+00
447118,8.6626876234537449e+03,3.9376526540208108e+00
447146,8.6626876234537449e+03,3.9376526540208108e+00
447174,8.6626876234537449e+03,3.9376526540208108e+00
447202,8.6626876234537449e+03,3.9376526540208108e+00
447230,8.6626876234537449e+03,3.9376526540208108e+00
447258,8.6626876234537449e+03,3.9376526540208108e+00
447296,8.6626876234537449e+03,3.9376526540208108e+00
447324,8.6626876234537449e+03,3.9376526540208108e+00
447352,8.6626876234537449e+03,3.9376526540208108e+00
447380,8.6626876234537449e+03,3.9376526540208108e+00
447408,8.6626876234537449e+03,3.9376526540208108e+00
447436,8.6626876234537449e+03,3.9376526540208108e+00
447474,8.6626876234537449e+03,3.9376526540208108e+00
447502,8.6626876234537449e+03,3.9376526540208108e+00
447530,8.6626876234537449e+03,3.9376526540208108e+00
447558,8.6626876234537449e+03,3.9376526540208108e+00
447586,8.6626876234537449e+03,3.9376526540208108e+00
447614,8.6626876234537449e+03,3.9376526540208108e+00
447652,8.6626876234537449e+03,3.9376526540208108e+00
447680,8.6626876234537449e+03,3.9376526540208108e+00
447708,8.6626876234537449e+03,3.9376526540208108e+00
447736,8.6626876234537449e+03,3.9376526540208108e+00
447764,8.6626876234537449e+03,3.9376526540208108e+00
447792,8.6626876234537449e+03,3.9376526540208108e+00
447830,8.6626876234537449e+03,3.9376526540208108e+00
447858,8.6626876234537449e+03,3.9376526540208108e+00
447886,8.6626876234537449e+03,3.9376526540208108e+00
447914,8.6626876234537449e+03,3.9376526540208108e+00
447942,8.6626876234537449e+03,3.9376526540208108e+00
447970,8.6626876234537449e+03,3.9376526540208108e+00
448008,8.6626876234537449e+03,3.9376526540208108e+00
448036,8.6626876234537449e+03,3.9376526540208108e+00
448064,8.6626876234537449e+03,3.9376526540208108e+00
448092,8.6626876234537449e+03,3.9376526540208108e+00
448120,8.6626876234537449e+03,3.9376526540208108e+00
448148,8.6626876234537449e+03,3.9376526540208108e+00
448186,8.6626876234537449e+03,3.9376526540208108e+00
448214,8.6626876234537449e+03,3.9376526540208108e+00
448242,8.6626876234537449e+03,3.9376526540208108e+00
448270,8.6626876234537449e+03,3.9376526540208108e+00
448298,8.6626876234537449e+03,3.9376526540208108e+00
448326,8.6626876234537449e+03,3.9376526540208108e+00
448364,8.6590068969987860e+03,3.9374680855640753e+00
448392,8.6590068969987860e+03,3.9374680855640753e+00
448420,8.6590068969987860e+03,3.9374680855640753e+00
448448,8.6590068969987860e+03,3.9374680855640753e+00
448476,8.6590068969987860e+03,3.9374680855640753e+00
448504,8.6590068969987860e+03,3.9374680855640753e+00
448542,8.6590068969987860e+03,3.9374680855640753e+00
448570,8.6590068969987860e+03,3.9374680855640753e+00
448597,8.6590068969987860e+03,3.9374680855640753e+00
448624,8.6590068969987860e+03,3.9374680855640753e+00
448651,8.6590068969987860e+03,3.9374680855640753e+00
448678,8.6590068969987860e+03,3.9374680855640753e+00
448715,8.6590068969987860e+03,3.9374680855640753e+00
448742,8.6590068969987860e+03,3.9374680855640753e+00
448769,8.6590068969987860e+03,3.9374680855640753e+00
448796,8.6590068969987860e+03,3.9374680855640753e+00
448823,8.6590068969987860e+03,3.9374680855640753e+00
448850,8.6590068969987860e+03,3.9374680855640753e+00
448887,8.6590068969987860e+03,3.9374680855640753e+00
448914,8.6590068969987860e+03,3.9374680855640753e+00
448941,8.6590068969987860e+03,3.9374680855640753e+00
448968,8.6590068969987860e+03,3.9374680855640753e+00
448995,8.6590068969987860e+03,3.9374680855640753e+00
449022,8.6590068969987860e+03,3.9374680855640753e+00
449059,8.6590068969987860e+03,3.9374680855640753e+00
449086,8.6590068969987860e+03,3.9374680855640753e+00
449113,8.6590068969987860e+03,3.9374680855640753e+00
449140,8.6590068969987860e+03,3.9374680855640753e+00
449167,8.6590068969987860e+03,3.9374680855640753e+00
449194,8.6590068969987860e+03,3.9374680855640753e+00
449231,8.6590068969987860e+03,3.9374680855640753e+00
449258,8.6590068969987860e+03,3.9374680855640753e+00
449285,8.6590068969987860e+03,3.9374680855640753e+00
449312,8.6590068969987860e+03,3.9374680855640753e+00
449339,8.6590068969987860e+03,3.9374680855640753e+00
449366,8.6590068969987860e+03,3.9374680855640753e+00
449403,8.6590068969987860e+03,3.9374680855640753e+00
449430,8.6590068969987860e+03,3.9374680855640753e+00
449457,8.6590068969987860e+03,3.9374680855640753e+00
449484,8.6590068969987860e+03,3.9374680855640753e+00
449511,8.6590068969987860e+03,3.9374680855640753e+00
449538,8.6590068969987860e+03,3.9374680855640753e+00
449575,8.6590068969987860e+03,3.9374680855640753e+00
449602,8.6590068969987860e+03,3.9374680855640753e+00
449629,8.6590068969987860e+03,3.9374680855640753e+00
449656,8.6590068969987860e+03,3.9374680855640753e+00
449683,8.6590068969987860e+03,3.9374680855640753e+00
449710,8.6590068969987860e+03,3.9374680855640753e+00
449747,8.6590068969987860e+03,3.9374680855640753e+00
449774,8.6590068969987860e+03,3.9374680855640753e+00
449801,8.6590068969987860e+03,3.9374680855640753e+00
449828,8.6590068969987860e+03,3.9374680855640753e+00
449855,8.6590068969987860e+03,3.9374680855640753e+00
449882,8.6590068969987860e+03,3.9374680855640753e+00
449919,8.6590068969987860e+03,3.9374680855640753e+00
449946,8.6590068969987860e+03,3.9374680855640753e+00
449973,8.6590068969987860e+03,3.9374680855640753e+00
450000,8.6590068969987860e+03,3.9374680855640753e+00
450027,8.6590068969987860e+03,3.9374680855640753e+00
450054,8.6590068969987860e+03,3.9374680855640753e+00
450091,8.5864145064349359e+03,3.9338118500777530e+00
450118,8.5864145064349359e+03,3.9338118500777530e+00
450145,8.5864145064349359e+03,3.9338118500777530e+00
450172,8.5864145064349359e+03,3.9338118500777530e+00
450199,8.5864145064349359e+03,3.9338118500777530e+00
450226,8.5864145064349359e+03,3.9338118500777530e+00
450263,8.5864145064349359e+03,3.9338118500777530e+00
450290,8.5864145064349359e+03,3.9338118500777530e+00
450317,8.5864145064349359e+03,3.9338118500777530e+00
450344,8.5864145064349359e+03,3.9338118500777530e+00
450371,8.5864145064349359e+03,3.9338118500777530e+00
450398,8.5864145064349359e+03,3.9338118500777530e+00
450435,8.5864145064349359e+03,3.9338118500777530e+00
450462,8.5864145064349359e+03,3.9338118500777530e+00
450489,8.5864145064349359e+03,3.9338118500777530e+00
450516,8.5864145064349359e+03,3.9338118500777530e+00
450543,8.5864145064349359e+03,3.9338118500777530e+00
450570,8.5864145064349359e+03,3.9338118500777530e+00
450607,8.5864145064349359e+03,3.9338118500777530e+00
450634,8.5864145064349359e+03,3.9338118500777530e+00
450661,8.5864145064349359e+03,3.9338118500777530e+00
450688,8.5864145064349359e+03,3.9338118500777530e+00
450715,8.5864145064349359e+03,3.9338118500777530e+00
450742,8.5864145064349359e+03,3.9338118500777530e+00
450779,8.5864145064349359e+03,3.9338118500777530e+00
450806,8.5864145064349359e+03,3.9338118500777530e+00
450833,8.5864145064349359e+03,3.9338118500777530e+00
450860,8.5864145064349359e+03,3.9338118500777530e+00
450887,8.5864145064349359e+03,3.9338118500777530e+00
450914,8.5864145064349359e+03,3.9338118500777530e+00
450951,8.5864145064349359e+03,3.9338118500777530e+00
450978,8.5864145064349359e+03,3.9338118500777530e+00
451005,8.5864145064349359e+03,3.9338118500777530e+00
451032,8.5864145064349359e+03,3.9338118500777530e+00
451059,8.5864145064349359e+03,3.9338118500777530e+00
451086,8.5864145064349359e+03,3.9338118500777530e+00
451123,8.5864145064349359e+03,3.9338118500777530e+00
451150,8.5864145064349359e+03,3.9338118500777530e+00
451177,8.5864145064349359e+03,3.9338118500777530e+00
451204,8.5864145064349359e+03,3.9338118500777530e+00
451231,8.5864145064349359e+03,3.9338118500777530e+00
451258,8.5864145064349359e+03,3.9338118500777530e+00
451295,8.5625245157238023e+03,3.9326018279490453e+00
451322,8.5625245157238023e+03,3.9326018279490453e+00
451349,8.5625245157238023e+03,3.9326018279490453e+00
451376,8.5625245157238023e+03,3.9326018279490453e+00
451403,8.5625245157238023e+03,3.9326018279490453e+00
451430,8.5625245157238023e+03,3.9326018279490453e+00
451467,8.5625245157238023e+03,3.9326018279490453e+00
451494,8.5625245157238023e+03,3.9326018279490453e+00
451521,8.5625245157238023e+03,3.9326018279490453e+00
451548,8.5625245157238023e+03,3.9326018279490453e+00
451575,8.5625245157238023e+03,3.9326018279490453e+00
451602,8.5625245157238023e+03,3.9326018279490453e+00
451639,8.5625245157238023e+03,3.9326018279490453e+00
451666,8.5625245157238023e+03,3.9326018279490453e+00
451693,8.5625245157238023e+03,3.9326018279490453e+00
451720,8.5625245157238023e+03,3.9326018279490453e+00
451747,8.5625245157238023e+03,3.9326018279490453e+00
451774,8.5625245157238023e+03,3.9326018279490453e+00
451811,8.5625245157238023e+03,3.9326018279490453e+00
451838,8.5625245157238023e+03,3.9326018279490453e+00
451865,8.5625245157238023e+03,3.9326018279490453e+00
451892,8.5625245157238023e+03,3.9326018279490453e+00
451919,8.5625245157238023e+03,3.9326018279490453e+00
451946,8.5625245157238023e+03,3.9326018279490453e+00
451983,8.5625245157238023e+03,3.9326018279490453e+00
452010,8.5625245157238023e+03,3.9326018279490453e+00
452037,8.5625245157238023e+03,3.9326018279490453e+00
452064,8.5625245157238023e+03,3.9326018279490453e+00
452091,8.5625245157238023e+03,3.9326018279490453e+00
452118,8.5625245157238023e+03,3.9326018279490453e+00
452155,8.5366397206816691e+03,3.9312869528962411e+00
452182,8.5366397206816691e+03,3.9312869528962411e+00
452209,8.5366397206816691e+03,3.9312869528962411e+00
452236,8.5366397206816691e+03,3.9312869528962411e+00
452263,8.5366397206816691e+03,3.9312869528962411e+00
452290,8.5366397206816691e+03,3.9312869528962411e+00
452327,8.5366397206816691e+03,3.9312869528962411e+00
452354,8.5366397206816691e+03,3.9312869528962411e+00
452381,8.5366397206816691e+03,3.9312869528962411e+00
452408,8.5366397206816691e+03,3.9312869528962411e+00
452435,8.5366397206816691e+03,3.9312869528962411e+00
452462,8.5366397206816691e+03,3.9312869528962411e+00
452499,8.5366397206816691e+03,3.9312869528962411e+00
452526,8.5366397206816691e+03,3.9312869528962411e+00
452553,8.5366397206816691e+03,3.9312869528962411e+00
452580,8.5366397206816691e+03,3.9312869528962411e+00
452607,8.5366397206816691e+03,3.9312869528962411e+00
452634,8.5366397206816691e+03,3.9312869528962411e+00
452671,8.5366397206816691e+03,3.9312869528962411e+00
452698,8.5366397206816691e+03,3.9312869528962411e+00
452725,8.5366397206816691e+03,3.9312869528962411e+00
452752,8.5366397206816691e+03,3.9312869528962411e+00
452779,8.5366397206816691e+03,3.9312869528962411e+00
452806,8.5366397206816691e+03,3.9312869528962411e+00
452843,8.5366397206816691e+03,3.9312869528962411e+00
452870,8.5366397206816691e+03,3.9312869528962411e+00
452897,8.5366397206816691e+03,3.9312869528962411e+00
452924,8.5366397206816691e+03,3.9312869528962411e+00
452951,8.5366397206816691e+03,3.9312869528962411e+00
452978,8.5366397206816691e+03,3.9312869528962411e+00
453015,8.5366397206816691e+03,3.9312869528962411e+00
453042,8.5366397206816691e+03,3.9312869528962411e+00
453069,8.5366397206816691e+03,3.9312869528962411e+00
453096,8.5366397206816691e+03,3.9312869528962411e+00
453123,8.5366397206816691e+03,3.9312869528962411e+00
453150,8.5366397206816691e+03,3.9312869528962411e+00
453187,8.5326282790288369e+03,3.9310828261573088e+00
453214,8.5326282790288369e+03,3.9310828261573088e+00
453241,8.5326282790288369e+03,3.9310828261573088e+00
453268,8.5326282790288369e+03,3.9310828261573088e+00
453295,8.5326282790288369e+03,3.9310828261573088e+00
453322,8.5326282790288369e+03,3.9310828261573088e+00
453359,8.5326282790288369e+03,3.9310828261573088e+00
453386,8.5326282790288369e+03,3.9310828261573088e+00
453413,8.5326282790288369e+03,3.9310828261573088e+00
453440,8.5326282790288369e+03,3.9310828261573088e+00
453467,8.5326282790288369e+03,3.9310828261573088e+00
453494,8.5326282790288369e+03,3.9310828261573088e+00
453531,8.5272306469098985e+03,3.9308080100602942e+00
453558,8.5272306469098985e+03,3.9308080100602942e+00
453585,8.5272306469098985e+03,3.9308080100602942e+00
453612,8.5272306469098985e+03,3.9308080100602942e+00
453639,8.5272306469098985e+03,3.9308080100602942e+00
453666,8.5272306469098985e+03,3.9308080100602942e+00
453703,8.5272306469098985e+03,3.9308080100602942e+00
453730,8.5272306469098985e+03,3.9308080100602942e+00
453757,8.5272306469098985e+03,3.9308080100602942e+00
453784,8.5272306469098985e+03,3.9308080100602942e+00
453811,8.5272306469098985e+03,3.9308080100602942e+00
453838,8.5272306469098985e+03,3.9308080100602942e+00
453875,8.5272306469098985e+03,3.9308080100602942e+00
453902,8.5272306469098985e+03,3.9308080100602942e+00
453929,8.5272306469098985e+03,3.9308080100602942e+00
453956,8.5272306469098985e+03,3.9308080100602942e+00
453983,8.5272306469098985e+03,3.9308080100602942e+00
454010,8.5272306469098985e+03,3.9308080100602942e+00
454047,8.5272306469098985e+03,3.9308080100602942e+00
454074,8.5272306469098985e+03,3.9308080100602942e+00
454101,8.5272306469098985e+03,3.9308080100602942e+00
454128,8.5272306469098985e+03,3.9308080100602942e+00
454155,8.5272306469098985e+03,3.9308080100602942e+00
454182,8.5272306469098985e+03,3.9308080100602942e+00
454219,8.5272306469098985e+03,3.9308080100602942e+00
454246,8.5272306469098985e+03,3.9308080100602942e+00
454273,8.5272306469098985e+03,3.9308080100602942e+00
454300,8.5272306469098985e+03,3.9308080100602942e+00
454327,8.5272306469098985e+03,3.9308080100602942e+00
454354,8.5272306469098985e+03,3.9308080100602942e+00
454391,8.5272306469098985e+03,3.9308080100602942e+00
454418,8.5272306469098985e+03,3.9308080100602942e+00
454445,8.5272306469098985e+03,3.9308080100602942e+00
454472,8.5272306469098985e+03,3.9308080100602942e+00
454499,8.5272306469098985e+03,3.9308080100602942e+00
454526,8.5272306469098985e+03,3.9308080100602942e+00
454563,8.5272306469098985e+03,3.9308080100602942e+00
454590,8.5272306469098985e+03,3.9308080100602942e+00
454617,8.5272306469098985e+03,3.9308080100602942e+00
454644,8.5272306469098985e+03,3.9308080100602942e+00
454671,8.5272306469098985e+03,3.9308080100602942e+00
454698,8.5272306469098985e+03,3.9308080100602942e+00
454735,8.5272306469098985e+03,3.9308080100602942e+00
454762,8.5272306469098985e+03,3.9308080100602942e+00
454789,8.5272306469098985e+03,3.9308080100602942e+00
454816,8.5272306469098985e+03,3.9308080100602942e+00
454843,8.5272306469098985e+03,3.9308080100602942e+00
454870,8.5272306469098985e+03,3.9308080100602942e+00
454907,8.5272306469098985e+03,3.9308080100602942e+00
454934,8.5272306469098985e+03,3.9308080100602942e+00
454961,8.5272306469098985e+03,3.9308080100602942e+00
454988,8.5272306469098985e+03,3.9308080100602942e+00
455015,8.5272306469098985e+03,3.9308080100602942e+00
455042,8.5272306469098985e+03,3.9308080100602942e+00
455079,8.5272306469098985e+03,3.9308080100602942e+00
455106,8.5272306469098985e+03,3.9308080100602942e+00
455133,8.5272306469098985e+03,3.9308080100602942e+00
455160,8.5272306469098985e+03,3.9308080100602942e+00
455187,8.5272306469098985e+03,3.9308080100602942e+00
455214,8.5272306469098985e+03,3.9308080100602942e+00
455251,8.5272306469098985e+03,3.9308080100602942e+00
455278,8.5272306469098985e+03,3.9308080100602942e+00
455305,8.5272306469098985e+03,3.9308080100602942e+00
455332,8.5272306469098985e+03,3.9308080100602942e+00
455359,8.5272306469098985e+03,3.9308080100602942e+00
455386,8.5272306469098985e+03,3.9308080100602942e+00
455423,8.5272306469098985e+03,3.9308080100602942e+00
455450,8.5272306469098985e+03,3.9308080100602942e+00
455477,8.5272306469098985e+03,3.9308080100602942e+00
455504,8.5272306469098985e+03,3.9308080100602942e+00
455531,8.5272306469098985e+03,3.9308080100602942e+00
455558,8.5272306469098985e+03,3.9308080100602942e+00
455595,8.5272306469098985e+03,3.9308080100602942e+00
455622,8.5272306469098985e+03,3.9308080100602942e+00
455649,8.5272306469098985e+03,3.9308080100602942e+00
455676,8.5272306469098985e+03,3.9308080100602942e+00
455703,8.5272306469098985e+03,3.9308080100602942e+00
455730,8.5272306469098985e+03,3.9308080100602942e+00
455767,8.5272306469098985e+03,3.9308080100602942e+00
455794,8.5272306469098985e+03,3.9308080100602942e+00
455821,8.5272306469098985e+03,3.9308080100602942e+00
455848,8.5272306469098985e+03,3.9308080100602942e+00
455875,8.5272306469098985e+03,3.9308080100602942e+00
455902,8.5272306469098985e+03,3.9308080100602942e+00
455939,8.5272306469098985e+03,3.9308080100602942e+00
455966,8.5272306469098985e+03,3.9308080100602942e+00
455993,8.5272306469098985e+03,3.9308080100602942e+00
456020,8.5272306469098985e+03,3.9308080100602942e+00
456047,8.5272306469098985e+03,3.9308080100602942e+00
456074,8.5272306469098985e+03,3.9308080100602942e+00
456111,8.5272306469098985e+03,3.9308080100602942e+00
456138,8.5272306469098985e+03,3.9308080100602942e+00
456165,8.5272306469098985e+03,3.9308080100602942e+00
456192,8.5272306469098985e+03,3.9308080100602942e+00
456219,8.5272306469098985e+03,3.9308080100602942e+00
456246,8.5272306469098985e+03,3.9308080100602942e+00
456283,8.5272306469098985e+03,3.9308080100602942e+00
456310,8.5272306469098985e+03,3.9308080100602942e+00
456337,8.5272306469098985e+03,3.9308080100602942e+00
456364,8.5272306469098985e+03,3.9308080100602942e+00
456391,8.5272306469098985e+03,3.9308080100602942e+00
456418,8.5272306469098985e+03,3.9308080100602942e+00
456455,8.5272306469098985e+03,3.9308080100602942e+00
456482,8.5272306469098985e+03,3.9308080100602942e+00
456509,8.5272306469098985e+03,3.9308080100602942e+00
456536,8.5272306469098985e+03,3.9308080100602942e+00
456563,8.5272306469098985e+03,3.9308080100602942e+00
456590,8.5272306469098985e+03,3.9308080100602942e+00
456627,8.5272306469098985e+03,3.9308080100602942e+00
456654,8.5272306469098985e+03,3.9308080100602942e+00
456681,8.5272306469098985e+03,3.9308080100602942e+00
456708,8.5272306469098985e+03,3.9308080100602942e+00
456735,8.5272306469098985e+03,3.9308080100602942e+00
456762,8.5272306469098985e+03,3.9308080100602942e+00
456799,8.5272306469098985e+03,3.9308080100602942e+00
456826,8.5272306469098985e+03,3.9308080100602942e+00
456853,8.5272306469098985e+03,3.9308080100602942e+00
456880,8.5272306469098985e+03,3.9308080100602942e+00
456907,8.5272306469098985e+03,3.9308080100602942e+00
456934,8.5272306469098985e+03,3.9308080100602942e+00
456971,8.5272306469098985e+03,3.9308080100602942e+00
456998,8.5272306469098985e+03,3.9308080100602942e+00
457025,8.5272306469098985e+03,3.9308080100602942e+00
457052,8.5272306469098985e+03,3.9308080100602942e+00
457079,8.5272306469098985e+03,3.9308080100602942e+00
457106,8.5272306469098985e+03,3.9308080100602942e+00
457143,8.5272306469098985e+03,3.9308080100602942e+00
457170,8.5272306469098985e+03,3.9308080100602942e+00
457197,8.5272306469098985e+03,3.9308080100602942e+00
457224,8.5272306469098985e+03,3.9308080100602942e+00
457251,8.5272306469098985e+03,3.9308080100602942e+00
457278,8.5272306469098985e+03,3.9308080100602942e+00
457315,8.5272306469098985e+03,3.9308080100602942e+00
457342,8.5272306469098985e+03,3.9308080100602942e+00
457369,8.5272306469098985e+03,3.9308080100602942e+00
457396,8.5272306469098985e+03,3.9308080100602942e+00
457423,8.5272306469098985e+03,3.9308080100602942e+00
457450,8.5272306469098985e+03,3.9308080100602942e+00
457487,8.5272306469098985e+03,3.9308080100602942e+00
457514,8.5272306469098985e+03,3.9308080100602942e+00
457541,8.5272306469098985e+03,3.9308080100602942e+00
457568,8.5272306469098985e+03,3.9308080100602942e+00
457595,8.5272306469098985e+03,3.9308080100602942e+00
457622,8.5272306469098985e+03,3.9308080100602942e+00
457659,8.5272306469098985e+03,3.9308080100602942e+00
457686,8.5272306469098985e+03,3.9308080100602942e+00
457713,8.5272306469098985e+03,3.9308080100602942e+00
457740,8.5272306469098985e+03,3.9308080100602942e+00
457767,8.5272306469098985e+03,3.9308080100602942e+00
457794,8.5272306469098985e+03,3.9308080100602942e+00
457831,8.5272306469098985e+03,3.9308080100602942e+00
457858,8.5272306469098985e+03,3.9308080100602942e+00
457885,8.5272306469098985e+03,3.9308080100602942e+00
457912,8.5272306469098985e+03,3.9308080100602942e+00
457939,8.5272306469098985e+03,3.9308080100602942e+00
457966,8.5272306469098985e+03,3.9308080100602942e+00
458003,8.5272306469098985e+03,3.9308080100602942e+00
458030,8.5272306469098985e+03,3.9308080100602942e+00
458057,8.5272306469098985e+03,3.9308080100602942e+00
458084,8.5272306469098985e+03,3.9308080100602942e+00
458111,8.5272306469098985e+03,3.9308080100602942e+00
458138,8.5272306469098985e+03,3.9308080100602942e+00
458175,8.5272306469098985e+03,3.9308080100602942e+00
458202,8.5272306469098985e+03,3.9308080100602942e+00
458229,8.5272306469098985e+03,3.9308080100602942e+00
458256,8.5272306469098985e+03,3.9308080100602942e+00
458283,8.5272306469098985e+03,3.9308080100602942e+00
458310,8.5272306469098985e+03,3.9308080100602942e+00
458347,8.5272306469098985e+03,3.9308080100602942e+00
458374,8.5272306469098985e+03,3.9308080100602942e+00
458401,8.5272306469098985e+03,3.9308080100602942e+00
458428,8.5272306469098985e+03,3.9308080100602942e+00
458455,8.5272306469098985e+03,3.9308080100602942e+00
458482,8.5272306469098985e+03,3.9308080100602942e+00
458519,8.5272306469098985e+03,3.9308080100602942e+00
458546,8.5272306469098985e+03,3.9308080100602942e+00
458573,8.5272306469098985e+03,3.9308080100602942e+00
458600,8.5272306469098985e+03,3.9308080100602942e+00
458627,8.5272306469098985e+03,3.9308080100602942e+00
458654,8.5272306469098985e+03,3.9308080100602942e+00
458691,8.5272306469098985e+03,3.9308080100602942e+00
458718,8.5272306469098985e+03,3.9308080100602942e+00
458745,8.5272306469098985e+03,3.9308080100602942e+00
458772,8.5272306469098985e+03,3.9308080100602942e+00
458799,8.5272306469098985e+03,3.9308080100602942e+00
458826,8.5272306469098985e+03,3.9308080100602942e+00
458863,8.5272306469098985e+03,3.9308080100602942e+00
458890,8.5272306469098985e+03,3.9308080100602942e+00
458917,8.5272306469098985e+03,3.9308080100602942e+00
458944,8.5272306469098985e+03,3.9308080100602942e+00
458971,8.5272306469098985e+03,3.9308080100602942e+00
458998,8.5272306469098985e+03,3.9308080100602942e+00
459035,8.5272306469098985e+03,3.9308080100602942e+00
459062,8.5272306469098985e+03,3.9308080100602942e+00
459089,8.5272306469098985e+03,3.9308080100602942e+00
459116,8.5272306469098985e+03,3.9308080100602942e+00
459143,8.5272306469098985e+03,3.9308080100602942e+00
459170,8.5272306469098985e+03,3.9308080100602942e+00
459207,8.5272306469098985e+03,3.9308080100602942e+00
459234,8.5272306469098985e+03,3.9308080100602942e+00
459261,8.5272306469098985e+03,3.9308080100602942e+00
459288,8.5272306469098985e+03,3.9308080100602942e+00
459315,8.5272306469098985e+03,3.9308080100602942e+00
459342,8.5272306469098985e+03,3.9308080100602942e+00
459379,8.5272306469098985e+03,3.9308080100602942e+00
459406,8.5272306469098985e+03,3.9308080100602942e+00
459433,8.5272306469098985e+03,3.9308080100602942e+00
459460,8.5272306469098985e+03,3.9308080100602942e+00
459487,8.5272306469098985e+03,3.9308080100602942e+00
459514,8.5272306469098985e+03,3.9308080100602942e+00
459551,8.5272306469098985e+03,3.9308080100602942e+00
459578,8.5272306469098985e+03,3.9308080100602942e+00
459605,8.5272306469098985e+03,3.9308080100602942e+00
459632,8.5272306469098985e+03,3.9308080100602942e+00
459659,8.5272306469098985e+03,3.9308080100602942e+00
459686,8.5272306469098985e+03,3.9308080100602942e+00
459723,8.5272306469098985e+03,3.9308080100602942e+00
459750,8.5272306469098985e+03,3.9308080100602942e+00
459777,8.5272306469098985e+03,3.9308080100602942e+00
459804,8.5272306469098985e+03,3.9308080100602942e+00
459831,8.5272306469098985e+03,3.9308080100602942e+00
459858,8.5272306469098985e+03,3.9308080100602942e+00
459895,8.5272306469098985e+03,3.9308080100602942e+00
459922,8.5272306469098985e+03,3.9308080100602942e+00
459949,8.5272306469098985e+03,3.9308080100602942e+00
459975,8.5272306469098985e+03,3.9308080100602942e+00
460001,8.5272306469098985e+03,3.9308080100602942e+00
460027,8.5272306469098985e+03,3.9308080100602942e+00
460063,8.5272306469098985e+03,3.9308080100602942e+00
460089,8.5272306469098985e+03,3.9308080100602942e+00
460115,8.5272306469098985e+03,3.9308080100602942e+00
460141,8.5272306469098985e+03,3.9308080100602942e+00
460167,8.5272306469098985e+03,3.9308080100602942e+00
460193,8.5272306469098985e+03,3.9308080100602942e+00
460229,8.5272306469098985e+03,3.9308080100602942e+00
460255,8.5272306469098985e+03,3.9308080100602942e+00
460281,8.5272306469098985e+03,3.9308080100602942e+00
460307,8.5272306469098985e+03,3.9308080100602942e+00
460333,8.5272306469098985e+03,3.9308080100602942e+00
460359,8.5272306469098985e+03,3.9308080100602942e+00
460395,8.5272306469098985e+03,3.9308080100602942e+00
460421,8.5272306469098985e+03,3.9308080100602942e+00
460447,8.5272306469098985e+03,3.9308080100602942e+00
460473,8.5272306469098985e+03,3.9308080100602942e+00
460499,8.5272306469098985e+03,3.9308080100602942e+00
460525,8.5272306469098985e+03,3.9308080100602942e+00
460561,8.5272306469098985e+03,3.9308080100602942e+00
460587,8.5272306469098985e+03,3.9308080100602942e+00
460613,8.5272306469098985e+03,3.9308080100602942e+00
460639,8.5272306469098985e+03,3.9308080100602942e+00
460665,8.5272306469098985e+03,3.9308080100602942e+00
460691,8.5272306469098985e+03,3.9308080100602942e+00
460727,8.5272306469098985e+03,3.9308080100602942e+00
460753,8.5272306469098985e+03,3.9308080100602942e+00
460779,8.5272306469098985e+03,3.9308080100602942e+00
460805,8.5272306469098985e+03,3.9308080100602942e+00
460831,8.5272306469098985e+03,3.9308080100602942e+00
460857,8.5272306469098985e+03,3.9308080100602942e+00
460893,8.5272306469098985e+03,3.9308080100602942e+00
460919,8.5272306469098985e+03,3.9308080100602942e+00
460945,8.5272306469098985e+03,3.9308080100602942e+00
460971,8.5272306469098985e+03,3.9308080100602942e+00
460997,8.5272306469098985e+03,3.9308080100602942e+00
461023,8.5272306469098985e+03,3.9308080100602942e+00
461059,8.5272306469098985e+03,3.9308080100602942e+00
461085,8.5272306469098985e+03,3.9308080100602942e+00
461111,8.5272306469098985e+03,3.9308080100602942e+00
461137,8.5272306469098985e+03,3.9308080100602942e+00
461163,8.5272306469098985e+03,3.9308080100602942e+00
461189,8.5272306469098985e+03,3.9308080100602942e+00
461225,8.5272306469098985e+03,3.9308080100602942e+00
461251,8.5272306469098985e+03,3.9308080100602942e+00
461277,8.5272306469098985e+03,3.9308080100602942e+00
461303,8.5272306469098985e+03,3.9308080100602942e+00
461329,8.5272306469098985e+03,3.9308080100602942e+00
461355,8.5272306469098985e+03,3.9308080100602942e+00
461391,8.5272306469098985e+03,3.9308080100602942e+00
461417,8.5272306469098985e+03,3.9308080100602942e+00
461443,8.5272306469098985e+03,3.9308080100602942e+00
461469,8.5272306469098985e+03,3.9308080100602942e+00
461495,8.5272306469098985e+03,3.9308080100602942e+00
461521,8.5272306469098985e+03,3.9308080100602942e+00
461557,8.5272306469098985e+03,3.9308080100602942e+00
461583,8.5272306469098985e+03,3.9308080100602942e+00
461609,8.5272306469098985e+03,3.9308080100602942e+00
461635,8.5272306469098985e+03,3.9308080100602942e+00
461661,8.5272306469098985e+03,3.9308080100602942e+00
461687,8.5272306469098985e+03,3.9308080100602942e+00
461723,8.5272306469098985e+03,3.9308080100602942e+00
461749,8.5272306469098985e+03,3.9308080100602942e+00
461775,8.5272306469098985e+03,3.9308080100602942e+00
461801,8.5272306469098985e+03,3.9308080100602942e+00
461827,8.5272306469098985e+03,3.9308080100602942e+00
461853,8.5272306469098985e+03,3.9308080100602942e+00
461889,8.5272306469098985e+03,3.9308080100602942e+00
461915,8.5272306469098985e+03,3.9308080100602942e+00
461941,8.5272306469098985e+03,3.9308080100602942e+00
461967,8.5272306469098985e+03,3.9308080100602942e+00
461993,8.5272306469098985e+03,3.9308080100602942e+00
462019,8.5272306469098985e+03,3.9308080100602942e+00
462055,8.5272306469098985e+03,3.9308080100602942e+00
462081,8.5272306469098985e+03,3.9308080100602942e+00
462107,8.5272306469098985e+03,3.9308080100602942e+00
462133,8.5272306469098985e+03,3.9308080100602942e+00
462159,8.5272306469098985e+03,3.9308080100602942e+00
462185,8.5272306469098985e+03,3.9308080100602942e+00
462221,8.5272306469098985e+03,3.9308080100602942e+00
462247,8.5272306469098985e+03,3.9308080100602942e+00
462273,8.5272306469098985e+03,3.9308080100602942e+00
462299,8.5272306469098985e+03,3.9308080100602942e+00
462325,8.5272306469098985e+03,3.9308080100602942e+00
462351,8.5272306469098985e+03,3.9308080100602942e+00
462387,8.5272306469098985e+03,3.9308080100602942e+00
462413,8.5272306469098985e+03,3.9308080100602942e+00
462439,8.5272306469098985e+03,3.9308080100602942e+00
462465,8.5272306469098985e+03,3.9308080100602942e+00
462491,8.5272306469098985e+03,3.9308080100602942e+00
462517,8.5272306469098985e+03,3.9308080100602942e+00
462553,8.5272306469098985e+03,3.9308080100602942e+00
462579,8.5272306469098985e+03,3.9308080100602942e+00
462605,8.5272306469098985e+03,3.9308080100602942e+00
462631,8.5272306469098985e+03,3.9308080100602942e+00
462657,8.5272306469098985e+03,3.9308080100602942e+00
462683,8.5272306469098985e+03,3.9308080100602942e+00
462719,8.5272306469098985e+03,3.9308080100602942e+00
462745,8.5272306469098985e+03,3.9308080100602942e+00
462771,8.5272306469098985e+03,3.9308080100602942e+00
462797,8.5272306469098985e+03,3.9308080100602942e+00
462823,8.5272306469098985e+03,3.9308080100602942e+00
462849,8.5272306469098985e+03,3.9308080100602942e+00
462885,8.5272306469098985e+03,3.9308080100602942e+00
462911,8.5272306469098985e+03,3.9308080100602942e+00
462937,8.5272306469098985e+03,3.9308080100602942e+00
462963,8.5272306469098985e+03,3.9308080100602942e+00
462989,8.5272306469098985e+03,3.9308080100602942e+00
463015,8.5272306469098985e+03,3.9308080100602942e+00
463051,8.5272306469098985e+03,3.9308080100602942e+00
463077,8.5272306469098985e+03,3.9308080100602942e+00
463103,8.5272306469098985e+03,3.9308080100602942e+00
463129,8.5272306469098985e+03,3.9308080100602942e+00
463155,8.5272306469098985e+03,3.9308080100602942e+00
463181,8.5272306469098985e+03,3.9308080100602942e+00
463217,8.5272306469098985e+03,3.9308080100602942e+00
463243,8.5272306469098985e+03,3.9308080100602942e+00
463269,8.5272306469098985e+03,3.9308080100602942e+00
463295,8.5272306469098985e+03,3.9308080100602942e+00
463321,8.5272306469098985e+03,3.9308080100602942e+00
463347,8.5272306469098985e+03,3.9308080100602942e+00
463383,8.5272306469098985e+03,3.9308080100602942e+00
463409,8.5272306469098985e+03,3.9308080100602942e+00
463435,8.5272306469098985e+03,3.9308080100602942e+00
463461,8.5272306469098985e+03,3.9308080100602942e+00
463487,8.5272306469098985e+03,3.9308080100602942e+00
463513,8.5272306469098985e+03,3.9308080100602942e+00
463549,8.5272306469098985e+03,3.9308080100602942e+00
463575,8.5272306469098985e+03,3.9308080100602942e+00
463601,8.5272306469098985e+03,3.9308080100602942e+00
463627,8.5272306469098985e+03,3.9308080100602942e+00
463653,8.5272306469098985e+03,3.9308080100602942e+00
463679,8.5272306469098985e+03,3.9308080100602942e+00
463715,8.5272306469098985e+03,3.9308080100602942e+00
463741,8.5272306469098985e+03,3.9308080100602942e+00
463767,8.5272306469098985e+03,3.9308080100602942e+00
463793,8.5272306469098985e+03,3.9308080100602942e+00
463819,8.5272306469098985e+03,3.9308080100602942e+00
463845,8.5272306469098985e+03,3.9308080100602942e+00
463881,8.5272306469098985e+03,3.9308080100602942e+00
463907,8.5272306469098985e+03,3.9308080100602942e+00
463933,8.5272306469098985e+03,3.9308080100602942e+00
463959,8.5272306469098985e+03,3.9308080100602942e+00
463985,8.5272306469098985e+03,3.9308080100602942e+00
464011,8.5272306469098985e+03,3.9308080100602942e+00
464047,8.4646791132661419e+03,3.9276104991278511e+00
464073,8.4646791132661419e+03,3.9276104991278511e+00
464099,8.4646791132661419e+03,3.9276104991278511e+00
464125,8.4646791132661419e+03,3.9276104991278511e+00
464151,8.4646791132661419e+03,3.9276104991278511e+00
464177,8.4646791132661419e+03,3.9276104991278511e+00
464213,8.4646791132661419e+03,3.9276104991278511e+00
464239,8.4646791132661419e+03,3.9276104991278511e+00
464265,8.4646791132661419e+03,3.9276104991278511e+00
464291,8.4646791132661419e+03,3.9276104991278511e+00
464317,8.4646791132661419e+03,3.9276104991278511e+00
464343,8.4646791132661419e+03,3.9276104991278511e+00
464379,8.4646791132661419e+03,3.9276104991278511e+00
464405,8.4646791132661419e+03,3.9276104991278511e+00
464431,8.4646791132661419e+03,3.9276104991278511e+00
464457,8.4646791132661419e+03,3.9276104991278511e+00
464483,8.4646791132661419e+03,3.9276104991278511e+00
464509,8.4646791132661419e+03,3.9276104991278511e+00
464545,8.4646791132661419e+03,3.9276104991278511e+00
464571,8.4646791132661419e+03,3.9276104991278511e+00
464597,8.4646791132661419e+03,3.9276104991278511e+00
464623,8.4646791132661419e+03,3.9276104991278511e+00
464649,8.4646791132661419e+03,3.9276104991278511e+00
464675,8.4646791132661419e+03,3.9276104991278511e+00
464711,8.4646791132661419e+03,3.9276104991278511e+00
464737,8.4646791132661419e+03,3.9276104991278511e+00
464763,8.4646791132661419e+03,3.9276104991278511e+00
464789,8.4646791132661419e+03,3.9276104991278511e+00
464815,8.4646791132661419e+03,3.9276104991278511e+00
464841,8.4646791132661419e+03,3.9276104991278511e+00
464877,8.4412336030456136e+03,3.9264059191193272e+00
464903,8.4412336030456136e+03,3.9264059191193272e+00
464929,8.4412336030456136e+03,3.9264059191193272e+00
464955,8.4412336030456136e+03,3.9264059191193272e+00
464981,8.4412336030456136e+03,3.9264059191193272e+00
465007,8.4412336030456136e+03,3.9264059191193272e+00
465043,8.4412336030456136e+03,3.9264059191193272e+00
465069,8.4412336030456136e+03,3.9264059191193272e+00
465095,8.4412336030456136e+03,3.9264059191193272e+00
465121,8.4412336030456136e+03,3.9264059191193272e+00
465147,8.4412336030456136e+03,3.9264059191193272e+00
465173,8.4412336030456136e+03,3.9264059191193272e+00
465209,8.4412336030456136e+03,3.9264059191193272e+00
465235,8.4412336030456136e+03,3.9264059191193272e+00
465261,8.4412336030456136e+03,3.9264059191193272e+00
465287,8.4412336030456136e+03,3.9264059191193272e+00
465313,8.4412336030456136e+03,3.9264059191193272e+00
465339,8.4412336030456136e+03,3.9264059191193272e+00
465375,8.4300134376287897e+03,3.9258282669003512e+00
465401,8.4300134376287897e+03,3.9258282669003512e+00
465427,8.4300134376287897e+03,3.9258282669003512e+00
465453,8.4300134376287897e+03,3.9258282669003512e+00
465479,8.4300134376287897e+03,3.9258282669003512e+00
465505,8.4300134376287897e+03,3.9258282669003512e+00
465541,8.4300134376287897e+03,3.9258282669003512e+00
465567,8.4300134376287897e+03,3.9258282669003512e+00
465593,8.4300134376287897e+03,3.9258282669003512e+00
465619,8.4300134376287897e+03,3.9258282669003512e+00
465645,8.4300134376287897e+03,3.9258282669003512e+00
465671,8.4300134376287897e+03,3.9258282669003512e+00
465707,8.4201909568985357e+03,3.9253219407380020e+00
465733,8.4201909568985357e+03,3.9253219407380020e+00
465759,8.4201909568985357e+03,3.9253219407380020e+00
465785,8.4201909568985357e+03,3.9253219407380020e+00
465811,8.4201909568985357e+03,3.9253219407380020e+00
465837,8.4201909568985357e+03,3.9253219407380020e+00
465873,8.3926788739288731e+03,3.9239006061765194e+00
465899,8.3926788739288731e+03,3.9239006061765194e+00
465925,8.3926788739288731e+03,3.9239006061765194e+00
465951,8.3926788739288731e+03,3.9239006061765194e+00
465977,8.3926788739288731e+03,3.9239006061765194e+00
466003,8.3926788739288731e+03,3.9239006061765194e+00
466039,8.3926788739288731e+03,3.9239006061765194e+00
466065,8.3926788739288731e+03,3.9239006061765194e+00
466091,8.3926788739288731e+03,3.9239006061765194e+00
466117,8.3926788739288731e+03,3.9239006061765194e+00
466143,8.3926788739288731e+03,3.9239006061765194e+00
466169,8.3926788739288731e+03,3.9239006061765194e+00
466205,8.3926788739288731e+03,3.9239006061765194e+00
466231,8.3926788739288731e+03,3.9239006061765194e+00
466257,8.3926788739288731e+03,3.9239006061765194e+00
466283,8.3926788739288731e+03,3.9239006061765194e+00
466309,8.3926788739288731e+03,3.9239006061765194e+00
466335,8.3926788739288731e+03,3.9239006061765194e+00
466371,8.3926788739288731e+03,3.9239006061765194e+00
466397,8.3926788739288731e+03,3.9239006061765194e+00
466423,8.3926788739288731e+03,3.9239006061765194e+00
466449,8.3926788739288731e+03,3.9239006061765194e+00
466475,8.3926788739288731e+03,3.9239006061765194e+00
466501,8.3926788739288731e+03,3.9239006061765194e+00
466537,8.3926788739288731e+03,3.9239006061765194e+00
466563,8.3926788739288731e+03,3.9239006061765194e+00
466589,8.3926788739288731e+03,3.9239006061765194e+00
466615,8.3926788739288731e+03,3.9239006061765194e+00
466641,8.3926788739288731e+03,3.9239006061765194e+00
466667,8.3926788739288731e+03,3.9239006061765194e+00
466703,8.3926788739288731e+03,3.9239006061765194e+00
466729,8.3926788739288731e+03,3.9239006061765194e+00
466755,8.3926788739288731e+03,3.9239006061765194e+00
466781,8.3926788739288731e+03,3.9239006061765194e+00
466807,8.3926788739288731e+03,3.9239006061765194e+00
466833,8.3926788739288731e+03,3.9239006061765194e+00
466869,8.3926788739288731e+03,3.9239006061765194e+00
466895,8.3926788739288731e+03,3.9239006061765194e+00
466921,8.3926788739288731e+03,3.9239006061765194e+00
466947,8.3926788739288731e+03,3.9239006061765194e+00
466973,8.3926788739288731e+03,3.9239006061765194e+00
466999,8.3926788739288731e+03,3.9239006061765194e+00
467035,8.3926788739288731e+03,3.9239006061765194e+00
467061,8.3926788739288731e+03,3.9239006061765194e+00
467087,8.3926788739288731e+03,3.9239006061765194e+00
467113,8.3926788739288731e+03,3.9239006061765194e+00
467139,8.3926788739288731e+03,3.9239006061765194e+00
467165,8.3926788739288731e+03,3.9239006061765194e+00
467201,8.3926788739288731e+03,3.9239006061765194e+00
467227,8.3926788739288731e+03,3.9239006061765194e+00
467253,8.3926788739288731e+03,3.9239006061765194e+00
467279,8.3926788739288731e+03,3.9239006061765194e+00
467305,8.3926788739288731e+03,3.9239006061765194e+00
467331,8.3926788739288731e+03,3.9239006061765194e+00
467367,8.3784810990711394e+03,3.9231652942769335e+00
467393,8.3784810990711394e+03,3.9231652942769335e+00
467419,8.3784810990711394e+03,3.9231652942769335e+00
467445,8.3784810990711394e+03,3.9231652942769335e+00
467471,8.3784810990711394e+03,3.9231652942769335e+00
467497,8.3784810990711394e+03,3.9231652942769335e+00
467533,8.3784810990711394e+03,3.9231652942769335e+00
467559,8.3784810990711394e+03,3.9231652942769335e+00
467585,8.3784810990711394e+03,3.9231652942769335e+00
467611,8.3784810990711394e+03,3.9231652942769335e+00
467637,8.3784810990711394e+03,3.9231652942769335e+00
467663,8.3784810990711394e+03,3.9231652942769335e+00
467699,8.3784810990711394e+03,3.9231652942769335e+00
467725,8.3784810990711394e+03,3.9231652942769335e+00
467751,8.3784810990711394e+03,3.9231652942769335e+00
467777,8.3784810990711394e+03,3.9231652942769335e+00
467803,8.3784810990711394e+03,3.9231652942769335e+00
467829,8.3784810990711394e+03,3.9231652942769335e+00
467865,8.3784810990711394e+03,3.9231652942769335e+00
467891,8.3784810990711394e+03,3.9231652942769335e+00
467917,8.3784810990711394e+03,3.9231652942769335e+00
467943,8.3784810990711394e+03,3.9231652942769335e+00
467969,8.3784810990711394e+03,3.9231652942769335e+00
467995,8.3784810990711394e+03,3.9231652942769335e+00
468031,8.3784810990711394e+03,3.9231652942769335e+00
468057,8.3784810990711394e+03,3.9231652942769335e+00
468083,8.3784810990711394e+03,3.9231652942769335e+00
468109,8.3784810990711394e+03,3.9231652942769335e+00
468135,8.3784810990711394e+03,3.9231652942769335e+00
468161,8.3784810990711394e+03,3.9231652942769335e+00
468197,8.3784810990711394e+03,3.9231652942769335e+00
468223,8.3784810990711394e+03,3.9231652942769335e+00
468249,8.3784810990711394e+03,3.9231652942769335e+00
468275,8.3784810990711394e+03,3.9231652942769335e+00
468301,8.3784810990711394e+03,3.9231652942769335e+00
468327,8.3784810990711394e+03,3.9231652942769335e+00
468363,8.3784810990711394e+03,3.9231652942769335e+00
468389,8.3784810990711394e+03,3.9231652942769335e+00
468415,8.3784810990711394e+03,3.9231652942769335e+00
468441,8.3784810990711394e+03,3.9231652942769335e+00
468467,8.3784810990711394e+03,3.9231652942769335e+00
468493,8.3784810990711394e+03,3.9231652942769335e+00
468529,8.3784810990711394e+03,3.9231652942769335e+00
468555,8.3784810990711394e+03,3.9231652942769335e+00
468581,8.3784810990711394e+03,3.9231652942769335e+00
468607,8.3784810990711394e+03,3.9231652942769335e+00
468633,8.3784810990711394e+03,3.9231652942769335e+00
468659,8.3784810990711394e+03,3.9231652942769335e+00
468695,8.3784810990711394e+03,3.9231652942769335e+00
468721,8.3784810990711394e+03,3.9231652942769335e+00
468747,8.3784810990711394e+03,3.9231652942769335e+00
468773,8.3784810990711394e+03,3.9231652942769335e+00
468799,8.3784810990711394e+03,3.9231652942769335e+00
468825,8.3784810990711394e+03,3.9231652942769335e+00
468861,8.3784810990711394e+03,3.9231652942769335e+00
468887,8.3784810990711394e+03,3.9231652942769335e+00
468913,8.3784810990711394e+03,3.9231652942769335e+00
468939,8.3784810990711394e+03,3.9231652942769335e+00
468965,8.3784810990711394e+03,3.9231652942769335e+00
468991,8.3784810990711394e+03,3.9231652942769335e+00
469027,8.3784810990711394e+03,3.9231652942769335e+00
469053,8.3784810990711394e+03,3.9231652942769335e+00
469079,8.3784810990711394e+03,3.9231652942769335e+00
469105,8.3784810990711394e+03,3.9231652942769335e+00
469131,8.3784810990711394e+03,3.9231652942769335e+00
469157,8.3784810990711394e+03,3.9231652942769335e+00
469193,8.3784810990711394e+03,3.9231652942769335e+00
469219,8.3784810990711394e+03,3.9231652942769335e+00
469245,8.3784810990711394e+03,3.9231652942769335e+00
469271,8.3784810990711394e+03,3.9231652942769335e+00
469297,8.3784810990711394e+03,3.9231652942769335e+00
469323,8.3784810990711394e+03,3.9231652942769335e+00
469359,8.3784810990711394e+03,3.9231652942769335e+00
469385,8.3784810990711394e+03,3.9231652942769335e+00
469411,8.3784810990711394e+03,3.9231652942769335e+00
469437,8.3784810990711394e+03,3.9231652942769335e+00
469463,8.3784810990711394e+03,3.9231652942769335e+00
469489,8.3784810990711394e+03,3.9231652942769335e+00
469525,8.3784810990711394e+03,3.9231652942769335e+00
469551,8.3784810990711394e+03,3.9231652942769335e+00
469577,8.3784810990711394e+03,3.9231652942769335e+00
469603,8.3784810990711394e+03,3.9231652942769335e+00
469629,8.3784810990711394e+03,3.9231652942769335e+00
469655,8.3784810990711394e+03,3.9231652942769335e+00
469691,8.3784810990711394e+03,3.9231652942769335e+00
469717,8.3784810990711394e+03,3.9231652942769335e+00
469743,8.3784810990711394e+03,3.9231652942769335e+00
469769,8.3784810990711394e+03,3.9231652942769335e+00
469795,8.3784810990711394e+03,3.9231652942769335e+00
469821,8.3784810990711394e+03,3.9231652942769335e+00
469857,8.3784810990711394e+03,3.9231652942769335e+00
469883,8.3784810990711394e+03,3.9231652942769335e+00
469909,8.3784810990711394e+03,3.9231652942769335e+00
469935,8.3784810990711394e+03,3.9231652942769335e+00
469961,8.3784810990711394e+03,3.9231652942769335e+00
469987,8.3784810990711394e+03,3.9231652942769335e+00
470023,8.3784810990711394e+03,3.9231652942769335e+00
470049,8.3784810990711394e+03,3.9231652942769335e+00
470075,8.3784810990711394e+03,3.9231652942769335e+00
470101,8.3784810990711394e+03,3.9231652942769335e+00
470127,8.3784810990711394e+03,3.9231652942769335e+00
470153,8.3784810990711394e+03,3.9231652942769335e+00
470189,8.3784810990711394e+03,3.9231652942769335e+00
470215,8.3784810990711394e+03,3.9231652942769335e+00
470241,8.3784810990711394e+03,3.9231652942769335e+00
470267,8.3784810990711394e+03,3.9231652942769335e+00
470293,8.3784810990711394e+03,3.9231652942769335e+00
470319,8.3784810990711394e+03,3.9231652942769335e+00
470355,8.3784810990711394e+03,3.9231652942769335e+00
470381,8.3784810990711394e+03,3.9231652942769335e+00
470407,8.3784810990711394e+03,3.9231652942769335e+00
470433,8.3784810990711394e+03,3.9231652942769335e+00
470459,8.3784810990711394e+03,3.9231652942769335e+00
470485,8.3784810990711394e+03,3.9231652942769335e+00
470521,8.3784810990711394e+03,3.9231652942769335e+00
470547,8.3784810990711394e+03,3.9231652942769335e+00
470573,8.3784810990711394e+03,3.9231652942769335e+00
470599,8.3784810990711394e+03,3.9231652942769335e+00
470625,8.3784810990711394e+03,3.9231652942769335e+00
470651,8.3784810990711394e+03,3.9231652942769335e+00
470687,8.3784810990711394e+03,3.9231652942769335e+00
470713,8.3784810990711394e+03,3.9231652942769335e+00
470739,8.3784810990711394e+03,3.9231652942769335e+00
470765,8.3784810990711394e+03,3.9231652942769335e+00
470791,8.3784810990711394e+03,3.9231652942769335e+00
470817,8.3784810990711394e+03,3.9231652942769335e+00
470853,8.3784810990711394e+03,3.9231652942769335e+00
470879,8.3784810990711394e+03,3.9231652942769335e+00
470905,8.3784810990711394e+03,3.9231652942769335e+00
470931,8.3784810990711394e+03,3.9231652942769335e+00
470957,8.3784810990711394e+03,3.9231652942769335e+00
470983,8.3784810990711394e+03,3.9231652942769335e+00
471019,8.3784810990711394e+03,3.9231652942769335e+00
471045,8.3784810990711394e+03,3.9231652942769335e+00
471071,8.3784810990711394e+03,3.9231652942769335e+00
471097,8.3784810990711394e+03,3.9231652942769335e+00
471123,8.3784810990711394e+03,3.9231652942769335e+00
471149,8.3784810990711394e+03,3.9231652942769335e+00
471185,8.3784810990711394e+03,3.9231652942769335e+00
471211,8.3784810990711394e+03,3.9231652942769335e+00
471237,8.3784810990711394e+03,3.9231652942769335e+00
471263,8.3784810990711394e+03,3.9231652942769335e+00
471289,8.3784810990711394e+03,3.9231652942769335e+00
471315,8.3784810990711394e+03,3.9231652942769335e+00
471351,8.3784810990711394e+03,3.9231652942769335e+00
471377,8.3784810990711394e+03,3.9231652942769335e+00
471403,8.3784810990711394e+03,3.9231652942769335e+00
471429,8.3784810990711394e+03,3.9231652942769335e+00
471455,8.3784810990711394e+03,3.9231652942769335e+00
471481,8.3784810990711394e+03,3.9231652942769335e+00
471517,8.3784810990711394e+03,3.9231652942769335e+00
471543,8.3784810990711394e+03,3.9231652942769335e+00
471569,8.3784810990711394e+03,3.9231652942769335e+00
471595,8.3784810990711394e+03,3.9231652942769335e+00
471621,8.3784810990711394e+03,3.9231652942769335e+00
471647,8.3784810990711394e+03,3.9231652942769335e+00
471683,8.3784810990711394e+03,3.9231652942769335e+00
471709,8.3784810990711394e+03,3.9231652942769335e+00
471735,8.3784810990711394e+03,3.9231652942769335e+00
471761,8.3784810990711394e+03,3.9231652942769335e+00
471787,8.3784810990711394e+03,3.9231652942769335e+00
471813,8.3784810990711394e+03,3.9231652942769335e+00
471849,8.3784810990711394e+03,3.9231652942769335e+00
471875,8.3784810990711394e+03,3.9231652942769335e+00
471901,8.3784810990711394e+03,3.9231652942769335e+00
471927,8.3784810990711394e+03,3.9231652942769335e+00
471953,8.3784810990711394e+03,3.9231652942769335e+00
471979,8.3784810990711394e+03,3.9231652942769335e+00
472015,8.3784810990711394e+03,3.9231652942769335e+00
472041,8.3784810990711394e+03,3.9231652942769335e+00
472067,8.3784810990711394e+03,3.9231652942769335e+00
472093,8.3784810990711394e+03,3.9231652942769335e+00
472119,8.3784810990711394e+03,3.9231652942769335e+00
472145,8.3784810990711394e+03,3.9231652942769335e+00
472181,8.3784810990711394e+03,3.9231652942769335e+00
472207,8.3784810990711394e+03,3.9231652942769335e+00
472233,8.3784810990711394e+03,3.9231652942769335e+00
472259,8.3784810990711394e+03,3.9231652942769335e+00
472285,8.3784810990711394e+03,3.9231652942769335e+00
472311,8.3784810990711394e+03,3.9231652942769335e+00
472347,8.3784810990711394e+03,3.9231652942769335e+00
472373,8.3784810990711394e+03,3.9231652942769335e+00
472399,8.3784810990711394e+03,3.9231652942769335e+00
472425,8.3784810990711394e+03,3.9231652942769335e+00
472451,8.3784810990711394e+03,3.9231652942769335e+00
472477,8.3784810990711394e+03,3.9231652942769335e+00
472513,8.3784810990711394e+03,3.9231652942769335e+00
472539,8.3784810990711394e+03,3.9231652942769335e+00
472565,8.3784810990711394e+03,3.9231652942769335e+00
472591,8.3784810990711394e+03,3.9231652942769335e+00
472617,8.3784810990711394e+03,3.9231652942769335e+00
472643,8.3784810990711394e+03,3.9231652942769335e+00
472679,8.3784810990711394e+03,3.9231652942769335e+00
472705,8.3784810990711394e+03,3.9231652942769335e+00
472731,8.3784810990711394e+03,3.9231652942769335e+00
472757,8.3784810990711394e+03,3.9231652942769335e+00
472783,8.3784810990711394e+03,3.9231652942769335e+00
472809,8.3784810990711394e+03,3.9231652942769335e+00
472845,8.3784810990711394e+03,3.9231652942769335e+00
472871,8.3784810990711394e+03,3.9231652942769335e+00
472897,8.3784810990711394e+03,3.9231652942769335e+00
472923,8.3784810990711394e+03,3.9231652942769335e+00
472949,8.3784810990711394e+03,3.9231652942769335e+00
472975,8.3784810990711394e+03,3.9231652942769335e+00
473011,8.3784810990711394e+03,3.9231652942769335e+00
473037,8.3784810990711394e+03,3.9231652942769335e+00
473063,8.3784810990711394e+03,3.9231652942769335e+00
473089,8.3784810990711394e+03,3.9231652942769335e+00
473115,8.3784810990711394e+03,3.9231652942769335e+00
473141,8.3784810990711394e+03,3.9231652942769335e+00
473177,8.3784810990711394e+03,3.9231652942769335e+00
473203,8.3784810990711394e+03,3.9231652942769335e+00
473229,8.3784810990711394e+03,3.9231652942769335e+00
473255,8.3784810990711394e+03,3.9231652942769335e+00
473281,8.3784810990711394e+03,3.9231652942769335e+00
473307,8.3784810990711394e+03,3.9231652942769335e+00
473343,8.3784810990711394e+03,3.9231652942769335e+00
473369,8.3784810990711394e+03,3.9231652942769335e+00
473395,8.3784810990711394e+03,3.9231652942769335e+00
473421,8.3784810990711394e+03,3.9231652942769335e+00
473447,8.3784810990711394e+03,3.9231652942769335e+00
473473,8.3784810990711394e+03,3.9231652942769335e+00
473509,8.3784810990711394e+03,3.9231652942769335e+00
473535,8.3784810990711394e+03,3.9231652942769335e+00
473561,8.3784810990711394e+03,3.9231652942769335e+00
473587,8.3784810990711394e+03,3.9231652942769335e+00
473613,8.3784810990711394e+03,3.9231652942769335e+00
473639,8.3784810990711394e+03,3.9231652942769335e+00
473675,8.3784810990711394e+03,3.9231652942769335e+00
473701,8.3784810990711394e+03,3.9231652942769335e+00
473727,8.3784810990711394e+03,3.9231652942769335e+00
473753,8.3784810990711394e+03,3.9231652942769335e+00
473779,8.3784810990711394e+03,3.9231652942769335e+00
473805,8.3784810990711394e+03,3.9231652942769335e+00
473841,8.3784810990711394e+03,3.9231652942769335e+00
473867,8.3784810990711394e+03,3.9231652942769335e+00
473893,8.3784810990711394e+03,3.9231652942769335e+00
473919,8.3784810990711394e+03,3.9231652942769335e+00
473945,8.3784810990711394e+03,3.9231652942769335e+00
473971,8.3784810990711394e+03,3.9231652942769335e+00
474007,8.3784810990711394e+03,3.9231652942769335e+00
474033,8.3784810990711394e+03,3.9231652942769335e+00
474059,8.3784810990711394e+03,3.9231652942769335e+00
474085,8.3784810990711394e+03,3.9231652942769335e+00
474111,8.3784810990711394e+03,3.9231652942769335e+00
474137,8.3784810990711394e+03,3.9231652942769335e+00
474173,8.3784810990711394e+03,3.9231652942769335e+00
474199,8.3784810990711394e+03,3.9231652942769335e+00
474225,8.3784810990711394e+03,3.9231652942769335e+00
474251,8.3784810990711394e+03,3.9231652942769335e+00
474277,8.3784810990711394e+03,3.9231652942769335e+00
474303,8.3784810990711394e+03,3.9231652942769335e+00
474339,8.3545380164126291e+03,3.9219224395711261e+00
474365,8.3545380164126291e+03,3.9219224395711261e+00
474391,8.3545380164126291e+03,3.9219224395711261e+00
474417,8.3545380164126291e+03,3.9219224395711261e+00
474443,8.3545380164126291e+03,3.9219224395711261e+00
474469,8.3545380164126291e+03,3.9219224395711261e+00
474505,8.3378474326303949e+03,3.9210539440676899e+00
474531,8.3378474326303949e+03,3.9210539440676899e+00
474557,8.3378474326303949e+03,3.9210539440676899e+00
474583,8.3378474326303949e+03,3.9210539440676899e+00
474609,8.3378474326303949e+03,3.9210539440676899e+00
474635,8.3378474326303949e+03,3.9210539440676899e+00
474671,8.3378474326303949e+03,3.9210539440676899e+00
474697,8.3378474326303949e+03,3.9210539440676899e+00
474723,8.3378474326303949e+03,3.9210539440676899e+00
474749,8.3378474326303949e+03,3.9210539440676899e+00
474775,8.3378474326303949e+03,3.9210539440676899e+00
474801,8.3378474326303949e+03,3.9210539440676899e+00
474837,8.3378474326303949e+03,3.9210539440676899e+00
474863,8.3378474326303949e+03,3.9210539440676899e+00
474889,8.3378474326303949e+03,3.9210539440676899e+00
474915,8.3378474326303949e+03,3.9210539440676899e+00
474941,8.3378474326303949e+03,3.9210539440676899e+00
474967,8.3378474326303949e+03,3.9210539440676899e+00
475003,8.3378474326303949e+03,3.9210539440676899e+00
475029,8.3378474326303949e+03,3.9210539440676899e+00
475055,8.3378474326303949e+03,3.9210539440676899e+00
475081,8.3378474326303949e+03,3.9210539440676899e+00
475107,8.3378474326303949e+03,3.9210539440676899e+00
475133,8.3378474326303949e+03,3.9210539440676899e+00
475169,8.3378474326303949e+03,3.9210539440676899e+00
475195,8.3378474326303949e+03,3.9210539440676899e+00
475221,8.3378474326303949e+03,3.9210539440676899e+00
475247,8.3378474326303949e+03,3.9210539440676899e+00
475273,8.3378474326303949e+03,3.9210539440676899e+00
475299,8.3378474326303949e+03,3.9210539440676899e+00
475335,8.3378474326303949e+03,3.9210539440676899e+00
475361,8.3378474326303949e+03,3.9210539440676899e+00
475387,8.3378474326303949e+03,3.9210539440676899e+00
475413,8.3378474326303949e+03,3.9210539440676899e+00
475439,8.3378474326303949e+03,3.9210539440676899e+00
475465,8.3378474326303949e+03,3.9210539440676899e+00
475501,8.2823635584454532e+03,3.9181542901558903e+00
475527,8.2823635584454532e+03,3.9181542901558903e+00
475553,8.2823635584454532e+03,3.9181542901558903e+00
475579,8.2823635584454532e+03,3.9181542901558903e+00
475605,8.2823635584454532e+03,3.9181542901558903e+00
475631,8.2823635584454532e+03,3.9181542901558903e+00
475667,8.2823635584454532e+03,3.9181542901558903e+00
475693,8.2823635584454532e+03,3.9181542901558903e+00
475719,8.2823635584454532e+03,3.9181542901558903e+00
475745,8.2823635584454532e+03,3.9181542901558903e+00
475771,8.2823635584454532e+03,3.9181542901558903e+00
475797,8.2823635584454532e+03,3.9181542901558903e+00
475833,8.2823635584454532e+03,3.9181542901558903e+00
475859,8.2823635584454532e+03,3.9181542901558903e+00
475885,8.2823635584454532e+03,3.9181542901558903e+00
475911,8.2823635584454532e+03,3.9181542901558903e+00
475937,8.2823635584454532e+03,3.9181542901558903e+00
475963,8.2823635584454532e+03,3.9181542901558903e+00
475999,8.2823635584454532e+03,3.9181542901558903e+00
476025,8.2823635584454532e+03,3.9181542901558903e+00
476051,8.2823635584454532e+03,3.9181542901558903e+00
476077,8.2823635584454532e+03,3.9181542901558903e+00
476103,8.2823635584454532e+03,3.9181542901558903e+00
476129,8.2823635584454532e+03,3.9181542901558903e+00
476165,8.2823635584454532e+03,3.9181542901558903e+00
476191,8.2823635584454532e+03,3.9181542901558903e+00
476217,8.2823635584454532e+03,3.9181542901558903e+00
476243,8.2823635584454532e+03,3.9181542901558903e+00
476269,8.2823635584454532e+03,3.9181542901558903e+00
476295,8.2823635584454532e+03,3.9181542901558903e+00
476331,8.2823635584454532e+03,3.9181542901558903e+00
476357,8.2823635584454532e+03,3.9181542901558903e+00
476383,8.2823635584454532e+03,3.9181542901558903e+00
476409,8.2823635584454532e+03,3.9181542901558903e+00
476435,8.2823635584454532e+03,3.9181542901558903e+00
476461,8.2823635584454532e+03,3.9181542901558903e+00
476497,8.2823635584454532e+03,3.9181542901558903e+00
476523,8.2823635584454532e+03,3.9181542901558903e+00
476549,8.2823635584454532e+03,3.9181542901558903e+00
476575,8.2823635584454532e+03,3.9181542901558903e+00
476601,8.2823635584454532e+03,3.9181542901558903e+00
476627,8.2823635584454532e+03,3.9181542901558903e+00
476663,8.2823635584454532e+03,3.9181542901558903e+00
476689,8.2823635584454532e+03,3.9181542901558903e+00
476715,8.2823635584454532e+03,3.9181542901558903e+00
476740,8.2823635584454532e+03,3.9181542901558903e+00
476765,8.2823635584454532e+03,3.9181542901558903e+00
476790,8.2823635584454532e+03,3.9181542901558903e+00
476825,8.2823635584454532e+03,3.9181542901558903e+00
476850,8.2823635584454532e+03,3.9181542901558903e+00
476875,8.2823635584454532e+03,3.9181542901558903e+00
476900,8.2823635584454532e+03,3.9181542901558903e+00
476925,8.2823635584454532e+03,3.9181542901558903e+00
476950,8.2823635584454532e+03,3.9181542901558903e+00
476985,8.2823635584454532e+03,3.9181542901558903e+00
477010,8.2823635584454532e+03,3.9181542901558903e+00
477035,8.2823635584454532e+03,3.9181542901558903e+00
477060,8.2823635584454532e+03,3.9181542901558903e+00
477085,8.2823635584454532e+03,3.9181542901558903e+00
477110,8.2823635584454532e+03,3.9181542901558903e+00
477145,8.2823635584454532e+03,3.9181542901558903e+00
477170,8.2823635584454532e+03,3.9181542901558903e+00
477195,8.2823635584454532e+03,3.9181542901558903e+00
477220,8.2823635584454532e+03,3.9181542901558903e+00
477245,8.2823635584454532e+03,3.9181542901558903e+00
477270,8.2823635584454532e+03,3.9181542901558903e+00
477305,8.2823635584454532e+03,3.9181542901558903e+00
477330,8.2823635584454532e+03,3.9181542901558903e+00
477355,8.2823635584454532e+03,3.9181542901558903e+00
477380,8.2823635584454532e+03,3.9181542901558903e+00
477405,8.2823635584454532e+03,3.9181542901558903e+00
477430,8.2823635584454532e+03,3.9181542901558903e+00
477465,8.2823635584454532e+03,3.9181542901558903e+00
477490,8.2823635584454532e+03,3.9181542901558903e+00
477515,8.2823635584454532e+03,3.9181542901558903e+00
477540,8.2823635584454532e+03,3.9181542901558903e+00
477565,8.2823635584454532e+03,3.9181542901558903e+00
477590,8.2823635584454532e+03,3.9181542901558903e+00
477625,8.2823635584454532e+03,3.9181542901558903e+00
477650,8.2823635584454532e+03,3.9181542901558903e+00
477675,8.2823635584454532e+03,3.9181542901558903e+00
477700,8.2823635584454532e+03,3.9181542901558903e+00
477725,8.2823635584454532e+03,3.9181542901558903e+00
477750,8.2823635584454532e+03,3.9181542901558903e+00
477785,8.2823635584454532e+03,3.9181542901558903e+00
477810,8.2823635584454532e+03,3.9181542901558903e+00
477835,8.2823635584454532e+03,3.9181542901558903e+00
477860,8.2823635584454532e+03,3.9181542901558903e+00
477885,8.2823635584454532e+03,3.9181542901558903e+00
477910,8.2823635584454532e+03,3.9181542901558903e+00
477945,8.2823635584454532e+03,3.9181542901558903e+00
477970,8.2823635584454532e+03,3.9181542901558903e+00
477995,8.2823635584454532e+03,3.9181542901558903e+00
478020,8.2823635584454532e+03,3.9181542901558903e+00
478045,8.2823635584454532e+03,3.9181542901558903e+00
478070,8.2823635584454532e+03,3.9181542901558903e+00
478105,8.2823635584454532e+03,3.9181542901558903e+00
478130,8.2823635584454532e+03,3.9181542901558903e+00
478155,8.2823635584454532e+03,3.9181542901558903e+00
478180,8.2823635584454532e+03,3.9181542901558903e+00
478205,8.2823635584454532e+03,3.9181542901558903e+00
478230,8.2823635584454532e+03,3.9181542901558903e+00
478265,8.2823635584454532e+03,3.9181542901558903e+00
478290,8.2823635584454532e+03,3.9181542901558903e+00
478315,8.2823635584454532e+03,3.9181542901558903e+00
478340,8.2823635584454532e+03,3.9181542901558903e+00
478365,8.2823635584454532e+03,3.9181542901558903e+00
478390,8.2823635584454532e+03,3.9181542901558903e+00
478425,8.2823635584454532e+03,3.9181542901558903e+00
478450,8.2823635584454532e+03,3.9181542901558903e+00
478475,8.2823635584454532e+03,3.9181542901558903e+00
478500,8.2823635584454532e+03,3.9181542901558903e+00
478525,8.2823635584454532e+03,3.9181542901558903e+00
478550,8.2823635584454532e+03,3.9181542901558903e+00
478585,8.2823635584454532e+03,3.9181542901558903e+00
478610,8.2823635584454532e+03,3.9181542901558903e+00
478635,8.2823635584454532e+03,3.9181542901558903e+00
478660,8.2823635584454532e+03,3.9181542901558903e+00
478685,8.2823635584454532e+03,3.9181542901558903e+00
478710,8.2823635584454532e+03,3.9181542901558903e+00
478745,8.2823635584454532e+03,3.9181542901558903e+00
478770,8.2823635584454532e+03,3.9181542901558903e+00
478795,8.2823635584454532e+03,3.9181542901558903e+00
478820,8.2823635584454532e+03,3.9181542901558903e+00
478845,8.2823635584454532e+03,3.9181542901558903e+00
478870,8.2823635584454532e+03,3.9181542901558903e+00
478905,8.2823635584454532e+03,3.9181542901558903e+00
478930,8.2823635584454532e+03,3.9181542901558903e+00
478955,8.2823635584454532e+03,3.9181542901558903e+00
478980,8.2823635584454532e+03,3.9181542901558903e+00
479005,8.2823635584454532e+03,3.9181542901558903e+00
479030,8.2823635584454532e+03,3.9181542901558903e+00
479065,8.2823635584454532e+03,3.9181542901558903e+00
479090,8.2823635584454532e+03,3.9181542901558903e+00
479115,8.2823635584454532e+03,3.9181542901558903e+00
479140,8.2823635584454532e+03,3.9181542901558903e+00
479165,8.2823635584454532e+03,3.9181542901558903e+00
479190,8.2823635584454532e+03,3.9181542901558903e+00
479225,8.2823635584454532e+03,3.9181542901558903e+00
479250,8.2823635584454532e+03,3.9181542901558903e+00
479275,8.2823635584454532e+03,3.9181542901558903e+00
479300,8.2823635584454532e+03,3.9181542901558903e+00
479325,8.2823635584454532e+03,3.9181542901558903e+00
479350,8.2823635584454532e+03,3.9181542901558903e+00
479385,8.2823635584454532e+03,3.9181542901558903e+00
479410,8.2823635584454532e+03,3.9181542901558903e+00
479435,8.2823635584454532e+03,3.9181542901558903e+00
479460,8.2823635584454532e+03,3.9181542901558903e+00
479485,8.2823635584454532e+03,3.9181542901558903e+00
479510,8.2823635584454532e+03,3.9181542901558903e+00
479545,8.2823635584454532e+03,3.9181542901558903e+00
479570,8.2823635584454532e+03,3.9181542901558903e+00
479595,8.2823635584454532e+03,3.9181542901558903e+00
479620,8.2823635584454532e+03,3.9181542901558903e+00
479645,8.2823635584454532e+03,3.9181542901558903e+00
479670,8.2823635584454532e+03,3.9181542901558903e+00
479705,8.2823635584454532e+03,3.9181542901558903e+00
479730,8.2823635584454532e+03,3.9181542901558903e+00
479755,8.2823635584454532e+03,3.9181542901558903e+00
479780,8.2823635584454532e+03,3.9181542901558903e+00
479805,8.2823635584454532e+03,3.9181542901558903e+00
479830,8.2823635584454532e+03,3.9181542901558903e+00
479865,8.2823635584454532e+03,3.9181542901558903e+00
479890,8.2823635584454532e+03,3.9181542901558903e+00
479915,8.2823635584454532e+03,3.9181542901558903e+00
479940,8.2823635584454532e+03,3.9181542901558903e+00
479965,8.2823635584454532e+03,3.9181542901558903e+00
479990,8.2823635584454532e+03,3.9181542901558903e+00
490025,6.7824942576022204e+03,3.8313894347384294e+00
490050,6.7824942576022204e+03,3.8313894347384294e+00
490075,6.7824942576022204e+03,3.8313894347384294e+00
490100,6.7824942576022204e+03,3.8313894347384294e+00
490125,6.7824942576022204e+03,3.8313894347384294e+00
490150,6.7824942576022204e+03,3.8313894347384294e+00
490185,6.7824942576022204e+03,3.8313894347384294e+00
490210,6.7824942576022204e+03,3.8313894347384294e+00
490235,6.7824942576022204e+03,3.8313894347384294e+00
490260,6.7824942576022204e+03,3.8313894347384294e+00
490285,6.7824942576022204e+03,3.8313894347384294e+00
490310,6.7824942576022204e+03,3.8313894347384294e+00
490345,6.7824942576022204e+03,3.8313894347384294e+00
490370,6.7824942576022204e+03,3.8313894347384294e+00
490395,6.7824942576022204e+03,3.8313894347384294e+00
490420,6.7824942576022204e+03,3.8313894347384294e+00
490445,6.7824942576022204e+03,3.8313894347384294e+00
490470,6.7824942576022204e+03,3.8313894347384294e+00
490505,6.7824942576022204e+03,3.8313894347384294e+00
490530,6.7824942576022204e+03,3.8313894347384294e+00
490555,6.7824942576022204e+03,3.8313894347384294e+00
490580,6.7824942576022204e+03,3.8313894347384294e+00
490605,6.7824942576022204e+03,3.8313894347384294e+00
490630,6.7824942576022204e+03,3.8313894347384294e+00
490665,6.7824942576022204e+03,3.8313894347384294e+00
490690,6.7824942576022204e+03,3.8313894347384294e+00
490715,6.7824942576022204e+03,3.8313894347384294e+00
490740,6.7824942576022204e+03,3.8313894347384294e+00
490765,6.7824942576022204e+03,3.8313894347384294e+00
490790,6.7824942576022204e+03,3.8313894347384294e+00
490825,6.7824942576022204e+03,3.8313894347384294e+00
490850,6.7824942576022204e+03,3.8313894347384294e+00
490875,6.7824942576022204e+03,3.8313894347384294e+00
490900,6.7824942576022204e+03,3.8313894347384294e+00
490925,6.7824942576022204e+03,3.8313894347384294e+00
490950,6.7824942576022204e+03,3.8313894347384294e+00
490985,6.7824942576022204e+03,3.8313894347384294e+00
491010,6.7824942576022204e+03,3.8313894347384294e+00
491035,6.7824942576022204e+03,3.8313894347384294e+00
491060,6.7824942576022204e+03,3.8313894347384294e+00
491085,6.7824942576022204e+03,3.8313894347384294e+00
491110,6.7824942576022204e+03,3.8313894347384294e+00
491145,6.7824942576022204e+03,3.8313894347384294e+00
491170,6.7824942576022204e+03,3.8313894347384294e+00
491195,6.7824942576022204e+03,3.8313894347384294e+00
491220,6.7824942576022204e+03,3.8313894347384294e+00
491245,6.7824942576022204e+03,3.8313894347384294e+00
491270,6.7824942576022204e+03,3.8313894347384294e+00
491305,6.7824942576022204e+03,3.8313894347384294e+00
491330,6.7824942576022204e+03,3.8313894347384294e+00
491355,6.7824942576022204e+03,3.8313894347384294e+00
491380,6.7824942576022204e+03,3.8313894347384294e+00
491405,6.7824942576022204e+03,3.8313894347384294e+00
491430,6.7824942576022204e+03,3.8313894347384294e+00
491465,6.7824942576022204e+03,3.8313894347384294e+00
491490,6.7824942576022204e+03,3.8313894347384294e+00
491515,6.7824942576022204e+03,3.8313894347384294e+00
491540,6.7824942576022204e+03,3.8313894347384294e+00
491565,6.7824942576022204e+03,3.8313894347384294e+00
491590,6.7824942576022204e+03,3.8313894347384294e+00
491625,6.7824942576022204e+03,3.8313894347384294e+00
491650,6.7824942576022204e+03,3.8313894347384294e+00
491675,6.7824942576022204e+03,3.8313894347384294e+00
491700,6.7824942576022204e+03,3.8313894347384294e+00
491725,6.7824942576022204e+03,3.8313894347384294e+00
491750,6.7824942576022204e+03,3.8313894347384294e+00
491785,6.7824942576022204e+03,3.8313894347384294e+00
491810,6.7824942576022204e+03,3.8313894347384294e+00
491835,6.7824942576022204e+03,3.8313894347384294e+00
491860,6.7824942576022204e+03,3.8313894347384294e+00
491885,6.7824942576022204e+03,3.8313894347384294e+00
491910,6.7824942576022204e+03,3.8313894347384294e+00
491945,6.7824942576022204e+03,3.8313894347384294e+00
491970,6.7824942576022204e+03,3.8313894347384294e+00
491995,6.7824942576022204e+03,3.8313894347384294e+00
492020,6.7824942576022204e+03,3.8313894347384294e+00
492045,6.7824942576022204e+03,3.8313894347384294e+00
492070,6.7824942576022204e+03,3.8313894347384294e+00
492105,6.7824942576022204e+03,3.8313894347384294e+00
492130,6.7824942576022204e+03,3.8313894347384294e+00
492155,6.7824942576022204e+03,3.8313894347384294e+00
492180,6.7824942576022204e+03,3.8313894347384294e+00
492205,6.7824942576022204e+03,3.8313894347384294e+00
492230,6.7824942576022204e+03,3.8313894347384294e+00
492265,6.7824942576022204e+03,3.8313894347384294e+00
492290,6.7824942576022204e+03,3.8313894347384294e+00
492315,6.7824942576022204e+03,3.8313894347384294e+00
492340,6.7824942576022204e+03,3.8313894347384294e+00
492365,6.7824942576022204e+03,3.8313894347384294e+00
492390,6.7824942576022204e+03,3.8313894347384294e+00
492425,6.7824942576022204e+03,3.8313894347384294e+00
492450,6.7824942576022204e+03,3.8313894347384294e+00
492475,6.7824942576022204e+03,3.8313894347384294e+00
492500,6.7824942576022204e+03,3.8313894347384294e+00
492525,6.7824942576022204e+03,3.8313894347384294e+00
492550,6.7824942576022204e+03,3.8313894347384294e+00
492585,6.7824942576022204e+03,3.8313894347384294e+00
492610,6.7824942576022204e+03,3.8313894347384294e+00
492635,6.7824942576022204e+03,3.8313894347384294e+00
492660,6.7824942576022204e+03,3.8313894347384294e+00
492685,6.7824942576022204e+03,3.8313894347384294e+00
492710,6.7824942576022204e+03,3.8313894347384294e+00
492745,6.7824942576022204e+03,3.8313894347384294e+00
492770,6.7824942576022204e+03,3.8313894347384294e+00
492795,6.7824942576022204e+03,3.8313894347384294e+00
492820,6.7824942576022204e+03,3.8313894347384294e+00
492845,6.7824942576022204e+03,3.8313894347384294e+00
492870,6.7824942576022204e+03,3.8313894347384294e+00
492905,6.7824942576022204e+03,3.8313894347384294e+00
492930,6.7824942576022204e+03,3.8313894347384294e+00
492955,6.7824942576022204e+03,3.8313894347384294e+00
492980,6.7824942576022204e+03,3.8313894347384294e+00
493005,6.7824942576022204e+03,3.8313894347384294e+00
493030,6.7824942576022204e+03,3.8313894347384294e+00
493065,6.7824942576022204e+03,3.8313894347384294e+00
493090,6.7824942576022204e+03,3.8313894347384294e+00
493115,6.7824942576022204e+03,3.8313894347384294e+00
493140,6.7824942576022204e+03,3.8313894347384294e+00
493165,6.7824942576022204e+03,3.8313894347384294e+00
493190,6.7824942576022204e+03,3.8313894347384294e+00
493225,6.7824942576022204e+03,3.8313894347384294e+00
493250,6.7824942576022204e+03,3.8313894347384294e+00
493275,6.7824942576022204e+03,3.8313894347384294e+00
493300,6.7824942576022204e+03,3.8313894347384294e+00
493325,6.7824942576022204e+03,3.8313894347384294e+00
493350,6.7824942576022204e+03,3.8313894347384294e+00
493385,6.7824942576022204e+03,3.8313894347384294e+00
493410,6.7824942576022204e+03,3.8313894347384294e+00
493435,6.7824942576022204e+03,3.8313894347384294e+00
493460,6.7824942576022204e+03,3.8313894347384294e+00
493485,6.7824942576022204e+03,3.8313894347384294e+00
493510,6.7824942576022204e+03,3.8313894347384294e+00
493545,6.7824942576022204e+03,3.8313894347384294e+00
493570,6.7824942576022204e+03,3.8313894347384294e+00
493595,6.7824942576022204e+03,3.8313894347384294e+00
493620,6.7824942576022204e+03,3.8313894347384294e+00
493645,6.7824942576022204e+03,3.8313894347384294e+00
493670,6.7824942576022204e+03,3.8313894347384294e+00
493705,6.7824942576022204e+03,3.8313894347384294e+00
493730,6.7824942576022204e+03,3.8313894347384294e+00
493755,6.7824942576022204e+03,3.8313894347384294e+00
493780,6.7824942576022204e+03,3.8313894347384294e+00
493805,6.7824942576022204e+03,3.8313894347384294e+00
493830,6.7824942576022204e+03,3.8313894347384294e+00
493865,6.7824942576022204e+03,3.8313894347384294e+00
493890,6.7824942576022204e+03,3.8313894347384294e+00
493915,6.7824942576022204e+03,3.8313894347384294e+00
493940,6.7824942576022204e+03,3.8313894347384294e+00
493965,6.7824942576022204e+03,3.8313894347384294e+00
493990,6.7824942576022204e+03,3.8313894347384294e+00
494025,6.7824942576022204e+03,3.8313894347384294e+00
494050,6.7824942576022204e+03,3.8313894347384294e+00
494075,6.7824942576022204e+03,3.8313894347384294e+00
494100,6.7824942576022204e+03,3.8313894347384294e+00
494125,6.7824942576022204e+03,3.8313894347384294e+00
494150,6.7824942576022204e+03,3.8313894347384294e+00
494185,6.7824942576022204e+03,3.8313894347384294e+00
494210,6.7824942576022204e+03,3.8313894347384294e+00
494235,6.7824942576022204e+03,3.8313894347384294e+00
494260,6.7824942576022204e+03,3.8313894347384294e+00
494285,6.7824942576022204e+03,3.8313894347384294e+00
494310,6.7824942576022204e+03,3.8313894347384294e+00
494345,6.7824942576022204e+03,3.8313894347384294e+00
494370,6.7824942576022204e+03,3.8313894347384294e+00
494395,6.7824942576022204e+03,3.8313894347384294e+00
494420,6.7824942576022204e+03,3.8313894347384294e+00
494445,6.7824942576022204e+03,3.8313894347384294e+00
494470,6.7824942576022204e+03,3.8313894347384294e+00
494505,6.7824942576022204e+03,3.8313894347384294e+00
494530,6.7824942576022204e+03,3.8313894347384294e+00
494555,6.7824942576022204e+03,3.8313894347384294e+00
494580,6.7824942576022204e+03,3.8313894347384294e+00
494605,6.7824942576022204e+03,3.8313894347384294e+00
494630,6.7824942576022204e+03,3.8313894347384294e+00
494665,6.7824942576022204e+03,3.8313894347384294e+00
494690,6.7824942576022204e+03,3.8313894347384294e+00
494715,6.7824942576022204e+03,3.8313894347384294e+00
494740,6.7824942576022204e+03,3.8313894347384294e+00
494765,6.7824942576022204e+03,3.8313894347384294e+00
494790,6.7824942576022204e+03,3.8313894347384294e+00
494825,6.7824942576022204e+03,3.8313894347384294e+00
494850,6.7824942576022204e+03,3.8313894347384294e+00
494875,6.7824942576022204e+03,3.8313894347384294e+00
494900,6.7824942576022204e+03,3.8313894347384294e+00
494925,6.7824942576022204e+03,3.8313894347384294e+00
494950,6.7824942576022204e+03,3.8313894347384294e+00
494985,6.7824942576022204e+03,3.8313894347384294e+00
495010,6.7824942576022204e+03,3.8313894347384294e+00
495035,6.7824942576022204e+03,3.8313894347384294e+00
495060,6.7824942576022204e+03,3.8313894347384294e+00
495085,6.7824942576022204e+03,3.8313894347384294e+00
495110,6.7824942576022204e+03,3.8313894347384294e+00
495145,6.7824942576022204e+03,3.8313894347384294e+00
495170,6.7824942576022204e+03,3.8313894347384294e+00
495195,6.7824942576022204e+03,3.8313894347384294e+00
495220,6.7824942576022204e+03,3.8313894347384294e+00
495245,6.7824942576022204e+03,3.8313894347384294e+00
495270,6.7824942576022204e+03,3.8313894347384294e+00
495305,6.7824942576022204e+03,3.8313894347384294e+00
495330,6.7824942576022204e+03,3.8313894347384294e+00
495355,6.7824942576022204e+03,3.8313894347384294e+00
495380,6.7824942576022204e+03,3.8313894347384294e+00
495405,6.7824942576022204e+03,3.8313894347384294e+00
495430,6.7824942576022204e+03,3.8313894347384294e+00
495465,6.7824942576022204e+03,3.8313894347384294e+00
495490,6.7824942576022204e+03,3.8313894347384294e+00
495515,6.7824942576022204e+03,3.8313894347384294e+00
495540,6.7824942576022204e+03,3.8313894347384294e+00
495565,6.7824942576022204e+03,3.8313894347384294e+00
495590,6.7824942576022204e+03,3.8313894347384294e+00
495625,6.7824942576022204e+03,3.8313894347384294e+00
495650,6.7824942576022204e+03,3.8313894347384294e+00
495675,6.7824942576022204e+03,3.8313894347384294e+00
495700,6.7824942576022204e+03,3.8313894347384294e+00
495725,6.7824942576022204e+03,3.8313894347384294e+00
495750,6.7824942576022204e+03,3.8313894347384294e+00
495785,6.7824942576022204e+03,3.8313894347384294e+00
495810,6.7824942576022204e+03,3.8313894347384294e+00
495835,6.7824942576022204e+03,3.8313894347384294e+00
495860,6.7824942576022204e+03,3.8313894347384294e+00
495885,6.7824942576022204e+03,3.8313894347384294e+00
495910,6.7824942576022204e+03,3.8313894347384294e+00
495945,6.7824942576022204e+03,3.8313894347384294e+00
495970,6.7824942576022204e+03,3.8313894347384294e+00
495995,6.7824942576022204e+03,3.8313894347384294e+00
496020,6.7824942576022204e+03,3.8313894347384294e+00
496045,6.7824942576022204e+03,3.8313894347384294e+00
496070,6.7824942576022204e+03,3.8313894347384294e+00
496105,6.7824942576022204e+03,3.8313894347384294e+00
496130,6.7824942576022204e+03,3.8313894347384294e+00
496155,6.7824942576022204e+03,3.8313894347384294e+00
496180,6.7824942576022204e+03,3.8313894347384294e+00
496205,6.7824942576022204e+03,3.8313894347384294e+00
496230,6.7824942576022204e+03,3.8313894347384294e+00
496265,6.7824942576022204e+03,3.8313894347384294e+00
496290,6.7824942576022204e+03,3.8313894347384294e+00
496315,6.7824942576022204e+03,3.8313894347384294e+00
496340,6.7824942576022204e+03,3.8313894347384294e+00
496365,6.7824942576022204e+03,3.8313894347384294e+00
496390,6.7824942576022204e+03,3.8313894347384294e+00
496425,6.7824942576022204e+03,3.8313894347384294e+00
496450,6.7824942576022204e+03,3.8313894347384294e+00
496475,6.7824942576022204e+03,3.8313894347384294e+00
496500,6.7824942576022204e+03,3.8313894347384294e+00
496525,6.7824942576022204e+03,3.8313894347384294e+00
496550,6.7824942576022204e+03,3.8313894347384294e+00
496585,6.7824942576022204e+03,3.8313894347384294e+00
496610,6.7824942576022204e+03,3.8313894347384294e+00
496635,6.7824942576022204e+03,3.8313894347384294e+00
496660,6.7824942576022204e+03,3.8313894347384294e+00
496685,6.7824942576022204e+03,3.8313894347384294e+00
496710,6.7824942576022204e+03,3.8313894347384294e+00
496745,6.7824942576022204e+03,3.8313894347384294e+00
496770,6.7824942576022204e+03,3.8313894347384294e+00
496795,6.7824942576022204e+03,3.8313894347384294e+00
496820,6.7824942576022204e+03,3.8313894347384294e+00
496845,6.7824942576022204e+03,3.8313894347384294e+00
496870,6.7824942576022204e+03,3.8313894347384294e+00
496905,6.7824942576022204e+03,3.8313894347384294e+00
496930,6.7824942576022204e+03,3.8313894347384294e+00
496955,6.7824942576022204e+03,3.8313894347384294e+00
496980,6.7824942576022204e+03,3.8313894347384294e+00
497005,6.7824942576022204e+03,3.8313894347384294e+00
497030,6.7824942576022204e+03,3.8313894347384294e+00
497065,6.7824942576022204e+03,3.8313894347384294e+00
497090,6.7824942576022204e+03,3.8313894347384294e+00
497115,6.7824942576022204e+03,3.8313894347384294e+00
497140,6.7824942576022204e+03,3.8313894347384294e+00
497165,6.7824942576022204e+03,3.8313894347384294e+00
497190,6.7824942576022204e+03,3.8313894347384294e+00
497225,6.7824942576022204e+03,3.8313894347384294e+00
497250,6.7824942576022204e+03,3.8313894347384294e+00
497275,6.7824942576022204e+03,3.8313894347384294e+00
497300,6.7824942576022204e+03,3.8313894347384294e+00
497325,6.7824942576022204e+03,3.8313894347384294e+00
497350,6.7824942576022204e+03,3.8313894347384294e+00
497385,6.7824942576022204e+03,3.8313894347384294e+00
497410,6.7824942576022204e+03,3.8313894347384294e+00
497435,6.7824942576022204e+03,3.8313894347384294e+00
497460,6.7824942576022204e+03,3.8313894347384294e+00
497485,6.7824942576022204e+03,3.8313894347384294e+00
497510,6.7824942576022204e+03,3.8313894347384294e+00
497545,6.7824942576022204e+03,3.8313894347384294e+00
497570,6.7824942576022204e+03,3.8313894347384294e+00
497595,6.7824942576022204e+03,3.8313894347384294e+00
497620,6.7824942576022204e+03,3.8313894347384294e+00
497645,6.7824942576022204e+03,3.8313894347384294e+00
497670,6.7824942576022204e+03,3.8313894347384294e+00
497705,6.7824942576022204e+03,3.8313894347384294e+00
497730,6.7824942576022204e+03,3.8313894347384294e+00
497755,6.7824942576022204e+03,3.8313894347384294e+00
497780,6.7824942576022204e+03,3.8313894347384294e+00
497805,6.7824942576022204e+03,3.8313894347384294e+00
497830,6.7824942576022204e+03,3.8313894347384294e+00
497865,6.7824942576022204e+03,3.8313894347384294e+00
497890,6.7824942576022204e+03,3.8313894347384294e+00
497915,6.7824942576022204e+03,3.8313894347384294e+00
497940,6.7824942576022204e+03,3.8313894347384294e+00
497965,6.7824942576022204e+03,3.8313894347384294e+00
497990,6.7824942576022204e+03,3.8313894347384294e+00
498025,6.7824942576022204e+03,3.8313894347384294e+00
498050,6.7824942576022204e+03,3.8313894347384294e+00
498075,6.7824942576022204e+03,3.8313894347384294e+00
498100,6.7824942576022204e+03,3.8313894347384294e+00
498125,6.7824942576022204e+03,3.8313894347384294e+00
498150,6.7824942576022204e+03,3.8313894347384294e+00
498185,6.7824942576022204e+03,3.8313894347384294e+00
498210,6.7824942576022204e+03,3.8313894347384294e+00
498235,6.7824942576022204e+03,3.8313894347384294e+00
498260,6.7824942576022204e+03,3.8313894347384294e+00
498285,6.7824942576022204e+03,3.8313894347384294e+00
498310,6.7824942576022204e+03,3.8313894347384294e+00
498345,6.7824942576022204e+03,3.8313894347384294e+00
498370,6.7824942576022204e+03,3.8313894347384294e+00
498395,6.7824942576022204e+03,3.8313894347384294e+00
498420,6.7824942576022204e+03,3.8313894347384294e+00
498445,6.7824942576022204e+03,3.8313894347384294e+00
498470,6.7824942576022204e+03,3.8313894347384294e+00
498505,6.7824942576022204e+03,3.8313894347384294e+00
498530,6.7824942576022204e+03,3.8313894347384294e+00
498555,6.7824942576022204e+03,3.8313894347384294e+00
498580,6.7824942576022204e+03,3.8313894347384294e+00
498605,6.7824942576022204e+03,3.8313894347384294e+00
498630,6.7824942576022204e+03,3.8313894347384294e+00
498665,6.7824942576022204e+03,3.8313894347384294e+00
498690,6.7824942576022204e+03,3.8313894347384294e+00
498715,6.7824942576022204e+03,3.8313894347384294e+00
498740,6.7824942576022204e+03,3.8313894347384294e+00
498765,6.7824942576022204e+03,3.8313894347384294e+00
498790,6.7824942576022204e+03,3.8313894347384294e+00
498825,6.7824942576022204e+03,3.8313894347384294e+00
498850,6.7824942576022204e+03,3.8313894347384294e+00
498875,6.7824942576022204e+03,3.8313894347384294e+00
498900,6.7824942576022204e+03,3.8313894347384294e+00
498925,6.7824942576022204e+03,3.8313894347384294e+00
498950,6.7824942576022204e+03,3.8313894347384294e+00
498985,6.7824942576022204e+03,3.8313894347384294e+00
499010,6.7824942576022204e+03,3.8313894347384294e+00
499035,6.7824942576022204e+03,3.8313894347384294e+00
499060,6.7824942576022204e+03,3.8313894347384294e+00
499085,6.7824942576022204e+03,3.8313894347384294e+00
499110,6.7824942576022204e+03,3.8313894347384294e+00
499145,6.7824942576022204e+03,3.8313894347384294e+00
499170,6.7824942576022204e+03,3.8313894347384294e+00
499195,6.7824942576022204e+03,3.8313894347384294e+00
499220,6.7824942576022204e+03,3.8313894347384294e+00
499245,6.7824942576022204e+03,3.8313894347384294e+00
499270,6.7824942576022204e+03,3.8313894347384294e+00
499305,6.7824942576022204e+03,3.8313894347384294e+00
499330,6.7824942576022204e+03,3.8313894347384294e+00
499355,6.7824942576022204e+03,3.8313894347384294e+00
499380,6.7824942576022204e+03,3.8313894347384294e+00
499405,6.7824942576022204e+03,3.8313894347384294e+00
499430,6.7824942576022204e+03,3.8313894347384294e+00
499465,6.7824942576022204e+03,3.8313894347384294e+00
499490,6.7824942576022204e+03,3.8313894347384294e+00
499515,6.7824942576022204e+03,3.8313894347384294e+00
499540,6.7824942576022204e+03,3.8313894347384294e+00
499565,6.7824942576022204e+03,3.8313894347384294e+00
499590,6.7824942576022204e+03,3.8313894347384294e+00
499625,6.7824942576022204e+03,3.8313894347384294e+00
499650,6.7824942576022204e+03,3.8313894347384294e+00
499675,6.7824942576022204e+03,3.8313894347384294e+00
499700,6.7824942576022204e+03,3.8313894347384294e+00
499725,6.7824942576022204e+03,3.8313894347384294e+00
499750,6.7824942576022204e+03,3.8313894347384294e+00
499785,6.7824942576022204e+03,3.8313894347384294e+00
499810,6.7824942576022204e+03,3.8313894347384294e+00
499835,6.7824942576022204e+03,3.8313894347384294e+00
499860,6.7824942576022204e+03,3.8313894347384294e+00
499885,6.7824942576022204e+03,3.8313894347384294e+00
499910,6.7824942576022204e+03,3.8313894347384294e+00
499945,6.7824942576022204e+03,3.8313894347384294e+00
499970,6.7824942576022204e+03,3.8313894347384294e+00
499995,6.7824942576022204e+03,3.8313894347384294e+00
500000,6.7824942576022204e+03,3.8313894347384294e+00
