==============================================================================================================
DETAILED PER-RUN LOG   EGSK   CEC2020   D5
runs per function : 30
functions         : [1 2 3 4 5 8 9 10]
statistics basis  : error vs known optimum
generated         : 2026-07-28_19.42.10
==============================================================================================================

----- F1  D5  (30 runs)  optimum=100  target_error=1e-08 -----
Run    Seed          Best_Fitness             Error                    NFEs          Termination             Runtime_s 
1      27240706      1.0000000000000000e+02   0.0000000000000000e+00   50000         max_evaluations         0.1242    
2      28240743      1.0000000000000000e+02   0.0000000000000000e+00   50000         max_evaluations         0.1246    
3      29240780      1.0000000000000000e+02   0.0000000000000000e+00   50000         max_evaluations         0.1393    
4      30240817      1.0000000000000000e+02   0.0000000000000000e+00   50000         max_evaluations         0.1202    
5      31240854      1.0000000000000000e+02   0.0000000000000000e+00   50000         max_evaluations         0.1298    
6      32240891      1.0000000000000000e+02   0.0000000000000000e+00   50000         max_evaluations         0.1338    
7      33240928      1.0000000000000000e+02   0.0000000000000000e+00   50000         max_evaluations         0.1377    
8      34240965      1.0000000000000000e+02   0.0000000000000000e+00   50000         max_evaluations         0.1249    
9      35241002      1.0000000000000000e+02   0.0000000000000000e+00   50000         max_evaluations         0.1397    
10     36241039      1.0000000000000000e+02   0.0000000000000000e+00   50000         max_evaluations         0.1445    
11     37241076      1.0000000000000000e+02   0.0000000000000000e+00   50000         max_evaluations         0.1409    
12     38241113      1.0000000000000000e+02   0.0000000000000000e+00   50000         max_evaluations         0.1360    
13     39241150      1.0000000000000000e+02   0.0000000000000000e+00   50000         max_evaluations         0.1462    
14     40241187      1.0000000000000000e+02   0.0000000000000000e+00   50000         max_evaluations         0.1333    
15     41241224      1.0000000000000000e+02   0.0000000000000000e+00   50000         max_evaluations         0.1489    
16     42241261      1.0000000000000000e+02   0.0000000000000000e+00   50000         max_evaluations         0.1484    
17     43241298      1.0000000000000000e+02   0.0000000000000000e+00   50000         max_evaluations         0.1316    
18     44241335      1.0000000000000000e+02   0.0000000000000000e+00   50000         max_evaluations         0.1381    
19     45241372      1.0000000000000000e+02   0.0000000000000000e+00   50000         max_evaluations         0.1435    
20     46241409      1.0000000000000000e+02   0.0000000000000000e+00   50000         max_evaluations         0.1349    
21     47241446      1.0000000000000000e+02   0.0000000000000000e+00   50000         max_evaluations         0.1478    
22     48241483      1.0000000000000000e+02   0.0000000000000000e+00   50000         max_evaluations         0.1400    
23     49241520      1.0000000000000000e+02   0.0000000000000000e+00   50000         max_evaluations         0.1411    
24     50241557      1.0000000000000000e+02   0.0000000000000000e+00   50000         max_evaluations         0.1294    
25     51241594      1.0000000000000000e+02   0.0000000000000000e+00   50000         max_evaluations         0.1377    
26     52241631      1.0000000000000000e+02   0.0000000000000000e+00   50000         max_evaluations         0.1280    
27     53241668      1.0000000000000000e+02   0.0000000000000000e+00   50000         max_evaluations         0.1366    
28     54241705      1.0000000000000000e+02   0.0000000000000000e+00   50000         max_evaluations         0.1396    
29     55241742      1.0000000000000000e+02   0.0000000000000000e+00   50000         max_evaluations         0.0988    
30     56241779      1.0000000000000000e+02   0.0000000000000000e+00   50000         max_evaluations         0.0968    

----- F2  D5  (30 runs)  optimum=1100  target_error=1e-08 -----
Run    Seed          Best_Fitness             Error                    NFEs          Termination             Runtime_s 
1      28240739      1.1389178464409524e+03   3.8917846440952417e+01   50000         max_evaluations         0.1497    
2      29240776      1.1263477569791635e+03   2.6347756979163478e+01   50000         max_evaluations         0.1490    
3      30240813      1.2197549897951842e+03   1.1975498979518420e+02   50000         max_evaluations         0.1376    
4      31240850      1.1915072623168878e+03   9.1507262316887818e+01   50000         max_evaluations         0.1552    
5      32240887      1.1596790897958228e+03   5.9679089795822847e+01   50000         max_evaluations         0.1441    
6      33240924      1.1318911229467649e+03   3.1891122946764881e+01   50000         max_evaluations         0.1535    
7      34240961      1.1256032900762261e+03   2.5603290076226131e+01   50000         max_evaluations         0.1499    
8      35240998      1.1346151141400283e+03   3.4615114140028254e+01   50000         max_evaluations         0.1557    
9      36241035      1.1800511301614499e+03   8.0051130161449919e+01   50000         max_evaluations         0.1528    
10     37241072      1.1154112113558053e+03   1.5411211355805335e+01   50000         max_evaluations         0.1498    
11     38241109      1.1427793851678302e+03   4.2779385167830242e+01   50000         max_evaluations         0.1622    
12     39241146      1.1467330891906718e+03   4.6733089190671762e+01   50000         max_evaluations         0.1395    
13     40241183      1.1208759693226662e+03   2.0875969322666151e+01   50000         max_evaluations         0.1529    
14     41241220      1.1290638931825301e+03   2.9063893182530137e+01   50000         max_evaluations         0.1538    
15     42241257      1.2216417614621641e+03   1.2164176146216414e+02   50000         max_evaluations         0.1461    
16     43241294      1.1418495590799357e+03   4.1849559079935716e+01   50000         max_evaluations         0.1545    
17     44241331      1.1340939965079328e+03   3.4093996507932843e+01   50000         max_evaluations         0.1581    
18     45241368      1.1117299926092287e+03   1.1729992609228702e+01   50000         max_evaluations         0.1569    
19     46241405      1.2074174772795845e+03   1.0741747727958455e+02   50000         max_evaluations         0.1521    
20     47241442      1.1281383725277269e+03   2.8138372527726915e+01   50000         max_evaluations         0.1365    
21     48241479      1.1516830497376188e+03   5.1683049737618830e+01   50000         max_evaluations         0.1530    
22     49241516      1.1183593343618186e+03   1.8359334361818583e+01   50000         max_evaluations         0.1572    
23     50241553      1.1234986066037395e+03   2.3498606603739518e+01   50000         max_evaluations         0.1795    
24     51241590      1.1100455680056393e+03   1.0045568005639325e+01   50000         max_evaluations         0.1803    
25     52241627      1.1132476291868029e+03   1.3247629186802897e+01   50000         max_evaluations         0.1620    
26     53241664      1.1322512174860940e+03   3.2251217486093992e+01   50000         max_evaluations         0.1517    
27     54241701      1.1698573827273940e+03   6.9857382727393997e+01   50000         max_evaluations         0.1670    
28     55241738      1.1069542792048705e+03   6.9542792048705451e+00   50000         max_evaluations         0.1680    
29     56241775      1.1232824789076312e+03   2.3282478907631230e+01   50000         max_evaluations         0.1202    
30     57241812      1.1280965534411544e+03   2.8096553441154356e+01   50000         max_evaluations         0.1087    

----- F3  D5  (30 runs)  optimum=700  target_error=1e-08 -----
Run    Seed          Best_Fitness             Error                    NFEs          Termination             Runtime_s 
1      29240772      7.0585288887621664e+02   5.8528888762166389e+00   50000         max_evaluations         0.4039    
2      30240809      7.0620693689926497e+02   6.2069368992649743e+00   50000         max_evaluations         0.2995    
3      31240846      7.0622298947974014e+02   6.2229894797401357e+00   50000         max_evaluations         0.2839    
4      32240883      7.0564953843802493e+02   5.6495384380249334e+00   50000         max_evaluations         0.3514    
5      33240920      7.0530888731294044e+02   5.3088873129404419e+00   50000         max_evaluations         0.3764    
6      34240957      7.0514822796606131e+02   5.1482279660613131e+00   50000         max_evaluations         0.2746    
7      35240994      7.0541464992354076e+02   5.4146499235407646e+00   50000         max_evaluations         0.3507    
8      36241031      7.0626207585890813e+02   6.2620758589081333e+00   50000         max_evaluations         0.3063    
9      37241068      7.0576869794658830e+02   5.7686979465883041e+00   50000         max_evaluations         0.2972    
10     38241105      7.0540346788463125e+02   5.4034678846312545e+00   50000         max_evaluations         0.4208    
11     39241142      7.0581019778490565e+02   5.8101977849056539e+00   50000         max_evaluations         0.2787    
12     40241179      7.0530888731294181e+02   5.3088873129418062e+00   50000         max_evaluations         0.2959    
13     41241216      7.0514822796606165e+02   5.1482279660616541e+00   50000         max_evaluations         0.3013    
14     42241253      7.0538311648054560e+02   5.3831164805455956e+00   50000         max_evaluations         0.3796    
15     43241290      7.0598752924585676e+02   5.9875292458567628e+00   50000         max_evaluations         0.3043    
16     44241327      7.0539916906102053e+02   5.3991690610205296e+00   50000         max_evaluations         0.2923    
17     45241364      7.0514822796606302e+02   5.1482279660630184e+00   50000         max_evaluations         0.3827    
18     46241401      7.0600358646107361e+02   6.0035864610736098e+00   50000         max_evaluations         0.2875    
19     47241438      7.0549133618079077e+02   5.4913361807907677e+00   50000         max_evaluations         0.3422    
20     48241475      7.0514822796606131e+02   5.1482279660613131e+00   50000         max_evaluations         0.3699    
21     49241512      7.0613256499752879e+02   6.1325649975287888e+00   50000         max_evaluations         0.3194    
22     50241549      7.0580023138651518e+02   5.8002313865151791e+00   50000         max_evaluations         0.3069    
23     51241586      7.0564953843802539e+02   5.6495384380253881e+00   50000         max_evaluations         0.3036    
24     52241623      7.0557530927042023e+02   5.5753092704202345e+00   50000         max_evaluations         0.2700    
25     53241660      7.0535157840425450e+02   5.3515784042544965e+00   50000         max_evaluations         0.2789    
26     54241697      7.0622241776034070e+02   6.2224177603407043e+00   50000         max_evaluations         0.3005    
27     55241734      7.0635232858317545e+02   6.3523285831754492e+00   50000         max_evaluations         0.2960    
28     56241771      7.0514822796606143e+02   5.1482279660614267e+00   50000         max_evaluations         0.3468    
29     57241808      7.0632189326256480e+02   6.3218932625647994e+00   50000         max_evaluations         0.2262    
30     58241845      7.0514822796606154e+02   5.1482279660615404e+00   50000         max_evaluations         0.2406    

----- F4  D5  (30 runs)  optimum=1900  target_error=1e-08 -----
Run    Seed          Best_Fitness             Error                    NFEs          Termination             Runtime_s 
1      30240805      1.9000000000962798e+03   9.6279791250708513e-08   50000         max_evaluations         0.2877    
2      31240842      1.9002186552458918e+03   2.1865524589179586e-01   50000         max_evaluations         0.2390    
3      32240879      1.9001579093519438e+03   1.5790935194377198e-01   50000         max_evaluations         0.2282    
4      33240916      1.9000789173764429e+03   7.8917376442859677e-02   50000         max_evaluations         0.2275    
5      34240953      1.9001530397977060e+03   1.5303979770601472e-01   50000         max_evaluations         0.2374    
6      35240990      1.9000903878197471e+03   9.0387819747093090e-02   50000         max_evaluations         0.2526    
7      36241027      1.9001160327381433e+03   1.1603273814330350e-01   50000         max_evaluations         0.2553    
8      37241064      1.9002524184630342e+03   2.5241846303424609e-01   50000         max_evaluations         0.2515    
9      38241101      1.9002832234337395e+03   2.8322343373952208e-01   50000         max_evaluations         0.2427    
10     39241138      1.9001265059428574e+03   1.2650594285742045e-01   50000         max_evaluations         0.2656    
11     40241175      1.9000789173764417e+03   7.8917376441722809e-02   50000         max_evaluations         0.2439    
12     41241212      1.9001839043192833e+03   1.8390431928332873e-01   50000         max_evaluations         0.2602    
13     42241249      1.9000987190293874e+03   9.8719029387439150e-02   50000         max_evaluations         0.2711    
14     43241286      1.9002689001229903e+03   2.6890012299031696e-01   50000         max_evaluations         0.2848    
15     44241323      1.9001253452210817e+03   1.2534522108171586e-01   50000         max_evaluations         0.2365    
16     45241360      1.9001160327380596e+03   1.1603273805962999e-01   50000         max_evaluations         0.2592    
17     46241397      1.9000197374580614e+03   1.9737458061399593e-02   50000         max_evaluations         0.3001    
18     47241434      1.9000395310911751e+03   3.9531091175149413e-02   50000         max_evaluations         0.2809    
19     48241471      1.9001233200026725e+03   1.2332000267247167e-01   50000         max_evaluations         0.2567    
20     49241508      1.9001840470644402e+03   1.8404706444016483e-01   50000         max_evaluations         0.2800    
21     50241545      1.9001252439986652e+03   1.2524399866515523e-01   50000         max_evaluations         0.3077    
22     51241582      1.9001578347526374e+03   1.5783475263742730e-01   50000         max_evaluations         0.2652    
23     52241619      1.9000098791145911e+03   9.8791145910581690e-03   50000         max_evaluations         0.3124    
24     53241656      1.9000000000580278e+03   5.8027808336191811e-08   50000         max_evaluations         0.2538    
25     54241693      1.9000902106149235e+03   9.0210614923535104e-02   50000         max_evaluations         0.2612    
26     55241730      1.9002600147802650e+03   2.6001478026500990e-01   50000         max_evaluations         0.2616    
27     56241767      1.9001071195359057e+03   1.0711953590566736e-01   50000         max_evaluations         0.2801    
28     57241804      1.9001958799847646e+03   1.9587998476458779e-01   50000         max_evaluations         0.2576    
29     58241841      1.9000000001110543e+03   1.1105430530733429e-07   50000         max_evaluations         0.2345    
30     59241878      1.9000395310634478e+03   3.9531063447839188e-02   50000         max_evaluations         0.2004    

----- F5  D5  (30 runs)  optimum=1700  target_error=1e-08 -----
Run    Seed          Best_Fitness             Error                    NFEs          Termination             Runtime_s 
1      31240838      1.7000000000000000e+03   0.0000000000000000e+00   50000         max_evaluations         0.1757    
2      32240875      1.7000000000000000e+03   0.0000000000000000e+00   50000         max_evaluations         0.1799    
3      33240912      1.7006240993205099e+03   6.2409932050991301e-01   50000         max_evaluations         0.4913    
4      34240949      1.7000000000000002e+03   0.0000000000000000e+00   50000         max_evaluations         0.1928    
5      35240986      1.7000000000000000e+03   0.0000000000000000e+00   50000         max_evaluations         0.1751    
6      36241023      1.7000000000000000e+03   0.0000000000000000e+00   50000         max_evaluations         0.1771    
7      37241060      1.7000000000000216e+03   0.0000000000000000e+00   50000         max_evaluations         0.1676    
8      38241097      1.7000000000000794e+03   0.0000000000000000e+00   50000         max_evaluations         0.1579    
9      39241134      1.7000000000000066e+03   0.0000000000000000e+00   50000         max_evaluations         0.1798    
10     40241171      1.7000000000000016e+03   0.0000000000000000e+00   50000         max_evaluations         0.1779    
11     41241208      1.7006240993205099e+03   6.2409932050991301e-01   50000         max_evaluations         0.4960    
12     42241245      1.7000000000000000e+03   0.0000000000000000e+00   50000         max_evaluations         0.1684    
13     43241282      1.7006240993205101e+03   6.2409932051014039e-01   50000         max_evaluations         0.4334    
14     44241319      1.7000000000000834e+03   0.0000000000000000e+00   50000         max_evaluations         0.1839    
15     45241356      1.7006240993205099e+03   6.2409932050991301e-01   50000         max_evaluations         0.4527    
16     46241393      1.7000000000000639e+03   0.0000000000000000e+00   50000         max_evaluations         0.1741    
17     47241430      1.7000000000000000e+03   0.0000000000000000e+00   50000         max_evaluations         0.1911    
18     48241467      1.7000000000000571e+03   0.0000000000000000e+00   50000         max_evaluations         0.1951    
19     49241504      1.7000000000000000e+03   0.0000000000000000e+00   50000         max_evaluations         0.1616    
20     50241541      1.7006240993205097e+03   6.2409932050968564e-01   50000         max_evaluations         0.4135    
21     51241578      1.7000000000000005e+03   0.0000000000000000e+00   50000         max_evaluations         0.1855    
22     52241615      1.7000000000001905e+03   0.0000000000000000e+00   50000         max_evaluations         0.1876    
23     53241652      1.7000000000000000e+03   0.0000000000000000e+00   50000         max_evaluations         0.1974    
24     54241689      1.7000000000000002e+03   0.0000000000000000e+00   50000         max_evaluations         0.1921    
25     55241726      1.7000000000000000e+03   0.0000000000000000e+00   50000         max_evaluations         0.1933    
26     56241763      1.7006240993205097e+03   6.2409932050968564e-01   50000         max_evaluations         0.3840    
27     57241800      1.7006240993205097e+03   6.2409932050968564e-01   50000         max_evaluations         0.3564    
28     58241837      1.7000000000000002e+03   0.0000000000000000e+00   50000         max_evaluations         0.1649    
29     59241874      1.7000000000000880e+03   0.0000000000000000e+00   50000         max_evaluations         0.1855    
30     60241911      1.7000000000000000e+03   0.0000000000000000e+00   50000         max_evaluations         0.1732    

----- F8  D5  (30 runs)  optimum=2200  target_error=1e-08 -----
Run    Seed          Best_Fitness             Error                    NFEs          Termination             Runtime_s 
1      34240937      2.2000000000000023e+03   0.0000000000000000e+00   50000         max_evaluations         0.2133    
2      35240974      2.2000000000000009e+03   0.0000000000000000e+00   50000         max_evaluations         0.2206    
3      36241011      2.2000000000000018e+03   0.0000000000000000e+00   50000         max_evaluations         0.2593    
4      37241048      2.2000000000000005e+03   0.0000000000000000e+00   50000         max_evaluations         0.2573    
5      38241085      2.2000000000000018e+03   0.0000000000000000e+00   50000         max_evaluations         0.2757    
6      39241122      2.2000000000000005e+03   0.0000000000000000e+00   50000         max_evaluations         0.2686    
7      40241159      2.2000000000000018e+03   0.0000000000000000e+00   50000         max_evaluations         0.2343    
8      41241196      2.2000000000000014e+03   0.0000000000000000e+00   50000         max_evaluations         0.2699    
9      42241233      2.2000000000000005e+03   0.0000000000000000e+00   50000         max_evaluations         0.2563    
10     43241270      2.2000000000000009e+03   0.0000000000000000e+00   50000         max_evaluations         0.2529    
11     44241307      2.2000000000000023e+03   0.0000000000000000e+00   50000         max_evaluations         0.2805    
12     45241344      2.2000000000000177e+03   0.0000000000000000e+00   50000         max_evaluations         0.2812    
13     46241381      2.2000000000000005e+03   0.0000000000000000e+00   50000         max_evaluations         0.2400    
14     47241418      2.2000000000000023e+03   0.0000000000000000e+00   50000         max_evaluations         0.2645    
15     48241455      2.2000000000000009e+03   0.0000000000000000e+00   50000         max_evaluations         0.3062    
16     49241492      2.2000000000000005e+03   0.0000000000000000e+00   50000         max_evaluations         0.2889    
17     50241529      2.2000000000000005e+03   0.0000000000000000e+00   50000         max_evaluations         0.3229    
18     51241566      2.2000000000000005e+03   0.0000000000000000e+00   50000         max_evaluations         0.2978    
19     52241603      2.2000000000000155e+03   0.0000000000000000e+00   50000         max_evaluations         0.3121    
20     53241640      2.2000000000000009e+03   0.0000000000000000e+00   50000         max_evaluations         0.3135    
21     54241677      2.2000000000000018e+03   0.0000000000000000e+00   50000         max_evaluations         0.2772    
22     55241714      2.2000000000000068e+03   0.0000000000000000e+00   50000         max_evaluations         0.3186    
23     56241751      2.2000000000000005e+03   0.0000000000000000e+00   50000         max_evaluations         0.2974    
24     57241788      2.2000000000000009e+03   0.0000000000000000e+00   50000         max_evaluations         0.3217    
25     58241825      2.2000000000000009e+03   0.0000000000000000e+00   50000         max_evaluations         0.3168    
26     59241862      2.2000000000000018e+03   0.0000000000000000e+00   50000         max_evaluations         0.2960    
27     60241899      2.2000000000000014e+03   0.0000000000000000e+00   50000         max_evaluations         0.3079    
28     61241936      2.2000000000000005e+03   0.0000000000000000e+00   50000         max_evaluations         0.2956    
29     62241973      2.2000000000000086e+03   0.0000000000000000e+00   50000         max_evaluations         0.2534    
30     63242010      2.2000000000000005e+03   0.0000000000000000e+00   50000         max_evaluations         0.2239    

----- F9  D5  (30 runs)  optimum=2400  target_error=1e-08 -----
Run    Seed          Best_Fitness             Error                    NFEs          Termination             Runtime_s 
1      35240970      2.5000000000000005e+03   1.0000000000000045e+02   50000         max_evaluations         2.2593    
2      36241007      2.5000000000000005e+03   1.0000000000000045e+02   50000         max_evaluations         2.2542    
3      37241044      2.5000000000390305e+03   1.0000000003903051e+02   50000         max_evaluations         2.3758    
4      38241081      2.5000000000000005e+03   1.0000000000000045e+02   50000         max_evaluations         2.3881    
5      39241118      2.5000000000003979e+03   1.0000000000039790e+02   50000         max_evaluations         2.3793    
6      40241155      2.5000000000000000e+03   1.0000000000000000e+02   50000         max_evaluations         2.2401    
7      41241192      2.5000000000000005e+03   1.0000000000000045e+02   50000         max_evaluations         2.2234    
8      42241229      2.5000000000156715e+03   1.0000000001567150e+02   50000         max_evaluations         2.3808    
9      43241266      2.5000000000000009e+03   1.0000000000000091e+02   50000         max_evaluations         2.5302    
10     44241303      2.5000000000000018e+03   1.0000000000000182e+02   50000         max_evaluations         2.4307    
11     45241340      2.5000000000000005e+03   1.0000000000000045e+02   50000         max_evaluations         2.1710    
12     46241377      2.5000000000000018e+03   1.0000000000000182e+02   50000         max_evaluations         2.2898    
13     47241414      2.5000000000000036e+03   1.0000000000000364e+02   50000         max_evaluations         2.4763    
14     48241451      2.5000000000000005e+03   1.0000000000000045e+02   50000         max_evaluations         2.4106    
15     49241488      2.5000000000000005e+03   1.0000000000000045e+02   50000         max_evaluations         2.8183    
16     50241525      2.5000000000000009e+03   1.0000000000000091e+02   50000         max_evaluations         2.6389    
17     51241562      2.5000000000007003e+03   1.0000000000070031e+02   50000         max_evaluations         2.7459    
18     52241599      2.5000000000000005e+03   1.0000000000000045e+02   50000         max_evaluations         2.7962    
19     53241636      2.5000000000061254e+03   1.0000000000612545e+02   50000         max_evaluations         2.5454    
20     54241673      2.5000000000000268e+03   1.0000000000002683e+02   50000         max_evaluations         2.6252    
21     55241710      2.5000000000190953e+03   1.0000000001909530e+02   50000         max_evaluations         2.6771    
22     56241747      2.5000000000217697e+03   1.0000000002176967e+02   50000         max_evaluations         2.5705    
23     57241784      2.5000000000000214e+03   1.0000000000002137e+02   50000         max_evaluations         2.7640    
24     58241821      2.5000000000000005e+03   1.0000000000000045e+02   50000         max_evaluations         2.6843    
25     59241858      2.5000000000000005e+03   1.0000000000000045e+02   50000         max_evaluations         2.7394    
26     60241895      2.5000000001066310e+03   1.0000000010663098e+02   50000         max_evaluations         2.3591    
27     61241932      2.4528003297703308e+03   5.2800329770330791e+01   50000         max_evaluations         0.8665    
28     62241969      2.5000000000000014e+03   1.0000000000000136e+02   50000         max_evaluations         2.6623    
29     63242006      2.5000000000000009e+03   1.0000000000000091e+02   50000         max_evaluations         2.2520    
30     64242043      2.5000000000227874e+03   1.0000000002278739e+02   50000         max_evaluations         1.4844    

----- F10  D5  (30 runs)  optimum=2500  target_error=1e-08 -----
Run    Seed          Best_Fitness             Error                    NFEs          Termination             Runtime_s 
1      36241003      2.8473669159351875e+03   3.4736691593518754e+02   50000         max_evaluations         0.4970    
2      37241040      2.8473669159351875e+03   3.4736691593518754e+02   50000         max_evaluations         0.4796    
3      38241077      2.8473669159351875e+03   3.4736691593518754e+02   50000         max_evaluations         0.4630    
4      39241114      2.8473669159351875e+03   3.4736691593518754e+02   50000         max_evaluations         0.8115    
5      40241151      2.8473669159351875e+03   3.4736691593518754e+02   50000         max_evaluations         0.8268    
6      41241188      2.8473669159351875e+03   3.4736691593518754e+02   50000         max_evaluations         0.8163    
7      42241225      2.8473669159351875e+03   3.4736691593518754e+02   50000         max_evaluations         0.8043    
8      43241262      2.8473669159351875e+03   3.4736691593518754e+02   50000         max_evaluations         0.8027    
9      44241299      2.8473669159351875e+03   3.4736691593518754e+02   50000         max_evaluations         0.8236    
10     45241336      2.8473669159351875e+03   3.4736691593518754e+02   50000         max_evaluations         0.5218    
11     46241373      2.8473669159351875e+03   3.4736691593518754e+02   50000         max_evaluations         0.8491    
12     47241410      2.8473669159351875e+03   3.4736691593518754e+02   50000         max_evaluations         0.4747    
13     48241447      2.8473669159351875e+03   3.4736691593518754e+02   50000         max_evaluations         0.8984    
14     49241484      2.8473669159351875e+03   3.4736691593518754e+02   50000         max_evaluations         0.8390    
15     50241521      2.8473669159351875e+03   3.4736691593518754e+02   50000         max_evaluations         0.6110    
16     51241558      2.8000000000447658e+03   3.0000000004476578e+02   50000         max_evaluations         1.9175    
17     52241595      2.8473669159351875e+03   3.4736691593518754e+02   50000         max_evaluations         0.9544    
18     53241632      2.8000000001625504e+03   3.0000000016255035e+02   50000         max_evaluations         1.7566    
19     54241669      2.8473669159351875e+03   3.4736691593518754e+02   50000         max_evaluations         0.6205    
20     55241706      2.8473669159351875e+03   3.4736691593518754e+02   50000         max_evaluations         1.0415    
21     56241743      2.8473669159351875e+03   3.4736691593518754e+02   50000         max_evaluations         0.7191    
22     57241780      2.8473669159351880e+03   3.4736691593518799e+02   50000         max_evaluations         0.6248    
23     58241817      2.8473669159351875e+03   3.4736691593518754e+02   50000         max_evaluations         0.9653    
24     59241854      2.8473669159351875e+03   3.4736691593518754e+02   50000         max_evaluations         0.7104    
25     60241891      2.8473669159351875e+03   3.4736691593518754e+02   50000         max_evaluations         0.9554    
26     61241928      2.8473669159351875e+03   3.4736691593518754e+02   50000         max_evaluations         0.9886    
27     62241965      2.8473669159351875e+03   3.4736691593518754e+02   50000         max_evaluations         0.9848    
28     63242002      2.8473669159351875e+03   3.4736691593518754e+02   50000         max_evaluations         0.9385    
29     64242039      2.8473669159351875e+03   3.4736691593518754e+02   50000         max_evaluations         0.9195    
30     65242076      2.8473669159351875e+03   3.4736691593518754e+02   50000         max_evaluations         0.8425    

