==============================================================================================================
DETAILED PER-RUN LOG   EGSK   CEC2020   D10
runs per function : 30
functions         : [1 2 3 4 5 6 7 8 9 10]
statistics basis  : error vs known optimum
generated         : 2026-07-28_18.48.11
==============================================================================================================

----- F1  D10  (30 runs)  optimum=100  target_error=1e-08 -----
Run    Seed          Best_Fitness             Error                    NFEs          Termination             Runtime_s 
1      32240721      1.0000000000000000e+02   0.0000000000000000e+00   1000000       max_evaluations         5.1615    
2      33240758      1.0000000000000000e+02   0.0000000000000000e+00   1000000       max_evaluations         5.2237    
3      34240795      1.0000000000000000e+02   0.0000000000000000e+00   1000000       max_evaluations         5.1932    
4      35240832      1.0000000000000000e+02   0.0000000000000000e+00   1000000       max_evaluations         5.1053    
5      36240869      1.0000000000000000e+02   0.0000000000000000e+00   1000000       max_evaluations         5.1821    
6      37240906      1.0000000000000000e+02   0.0000000000000000e+00   1000000       max_evaluations         5.1185    
7      38240943      1.0000000000000000e+02   0.0000000000000000e+00   1000000       max_evaluations         5.0670    
8      39240980      1.0000000000000000e+02   0.0000000000000000e+00   1000000       max_evaluations         5.1736    
9      40241017      1.0000000000000000e+02   0.0000000000000000e+00   1000000       max_evaluations         5.2373    
10     41241054      1.0000000000000000e+02   0.0000000000000000e+00   1000000       max_evaluations         4.9894    
11     42241091      1.0000000000000000e+02   0.0000000000000000e+00   1000000       max_evaluations         4.9833    
12     43241128      1.0000000000000000e+02   0.0000000000000000e+00   1000000       max_evaluations         5.2260    
13     44241165      1.0000000000000000e+02   0.0000000000000000e+00   1000000       max_evaluations         5.2560    
14     45241202      1.0000000000000000e+02   0.0000000000000000e+00   1000000       max_evaluations         5.3833    
15     46241239      1.0000000000000000e+02   0.0000000000000000e+00   1000000       max_evaluations         5.3836    
16     47241276      1.0000000000000000e+02   0.0000000000000000e+00   1000000       max_evaluations         5.7890    
17     48241313      1.0000000000000000e+02   0.0000000000000000e+00   1000000       max_evaluations         5.5565    
18     49241350      1.0000000000000000e+02   0.0000000000000000e+00   1000000       max_evaluations         5.7913    
19     50241387      1.0000000000000000e+02   0.0000000000000000e+00   1000000       max_evaluations         5.6371    
20     51241424      1.0000000000000000e+02   0.0000000000000000e+00   1000000       max_evaluations         5.8338    
21     52241461      1.0000000000000000e+02   0.0000000000000000e+00   1000000       max_evaluations         5.4654    
22     53241498      1.0000000000000000e+02   0.0000000000000000e+00   1000000       max_evaluations         5.5155    
23     54241535      1.0000000000000000e+02   0.0000000000000000e+00   1000000       max_evaluations         5.5606    
24     55241572      1.0000000000000000e+02   0.0000000000000000e+00   1000000       max_evaluations         5.7116    
25     56241609      1.0000000000000000e+02   0.0000000000000000e+00   1000000       max_evaluations         5.8261    
26     57241646      1.0000000000000000e+02   0.0000000000000000e+00   1000000       max_evaluations         5.7918    
27     58241683      1.0000000000000000e+02   0.0000000000000000e+00   1000000       max_evaluations         5.7630    
28     59241720      1.0000000000000000e+02   0.0000000000000000e+00   1000000       max_evaluations         5.6013    
29     60241757      1.0000000000000000e+02   0.0000000000000000e+00   1000000       max_evaluations         2.8089    
30     61241794      1.0000000000000000e+02   0.0000000000000000e+00   1000000       max_evaluations         2.6141    

----- F2  D10  (30 runs)  optimum=1100  target_error=1e-08 -----
Run    Seed          Best_Fitness             Error                    NFEs          Termination             Runtime_s 
1      33240754      1.3958074303041835e+03   2.9580743030418353e+02   1000000       max_evaluations         4.8386    
2      34240791      1.3006927513714554e+03   2.0069275137145542e+02   1000000       max_evaluations         4.8656    
3      35240828      1.2485525797021305e+03   1.4855257970213052e+02   1000000       max_evaluations         5.1421    
4      36240865      1.1069548302575113e+03   6.9548302575112757e+00   1000000       max_evaluations         5.1040    
5      37240902      1.2829747516083821e+03   1.8297475160838212e+02   1000000       max_evaluations         4.7406    
6      38240939      1.1283113435303494e+03   2.8311343530349404e+01   1000000       max_evaluations         4.9177    
7      39240976      1.1069548302575631e+03   6.9548302575631169e+00   1000000       max_evaluations         4.8917    
8      40241013      1.3939050441177501e+03   2.9390504411775009e+02   1000000       max_evaluations         5.1382    
9      41241050      1.3201026695029032e+03   2.2010266950290315e+02   1000000       max_evaluations         4.8519    
10     42241087      1.1209140820595767e+03   2.0914082059576685e+01   1000000       max_evaluations         4.9447    
11     43241124      1.2305088870224554e+03   1.3050888702245538e+02   1000000       max_evaluations         4.7901    
12     44241161      1.1037896873340087e+03   3.7896873340087041e+00   1000000       max_evaluations         4.8827    
13     45241198      1.1186594465546641e+03   1.8659446554664100e+01   1000000       max_evaluations         4.9292    
14     46241235      1.5507675389212941e+03   4.5076753892129409e+02   1000000       max_evaluations         4.9931    
15     47241272      1.3491966309296663e+03   2.4919663092966630e+02   1000000       max_evaluations         7.4482    
16     48241309      1.1259111481656473e+03   2.5911148165647319e+01   1000000       max_evaluations         7.1689    
17     49241346      1.4511005636809537e+03   3.5110056368095366e+02   1000000       max_evaluations         7.6713    
18     50241383      1.2348873458446019e+03   1.3488734584460190e+02   1000000       max_evaluations         7.2236    
19     51241420      1.1350513944680051e+03   3.5051394468005128e+01   1000000       max_evaluations         10.9356   
20     52241457      1.3284056228748518e+03   2.2840562287485182e+02   1000000       max_evaluations         7.2406    
21     53241494      1.2175226611846297e+03   1.1752266118462967e+02   1000000       max_evaluations         7.3392    
22     54241531      1.2763068444435403e+03   1.7630684444354029e+02   1000000       max_evaluations         7.4686    
23     55241568      1.1782554364335692e+03   7.8255436433569230e+01   1000000       max_evaluations         7.4766    
24     56241605      1.5155260038471024e+03   4.1552600384710240e+02   1000000       max_evaluations         7.2755    
25     57241642      1.7255658941552979e+03   6.2556589415529788e+02   1000000       max_evaluations         7.3679    
26     58241679      1.3167296626116254e+03   2.1672966261162537e+02   1000000       max_evaluations         7.3588    
27     59241716      1.1068299213754299e+03   6.8299213754298762e+00   1000000       max_evaluations         7.1143    
28     60241753      1.1068406669659944e+03   6.8406669659943873e+00   1000000       max_evaluations         7.3250    
29     61241790      1.1102448820630761e+03   1.0244882063076147e+01   1000000       max_evaluations         5.8182    
30     62241827      1.1532839130465836e+03   5.3283913046583621e+01   1000000       max_evaluations         3.4270    

----- F3  D10  (30 runs)  optimum=700  target_error=1e-08 -----
Run    Seed          Best_Fitness             Error                    NFEs          Termination             Runtime_s 
1      34240787      7.1096548003152111e+02   1.0965480031521111e+01   1000000       max_evaluations         12.8165   
2      35240824      7.1149549604123661e+02   1.1495496041236606e+01   1000000       max_evaluations         13.1653   
3      36240861      7.1269308091168671e+02   1.2693080911686707e+01   1000000       max_evaluations         15.1197   
4      37240898      7.1145022974217318e+02   1.1450229742173178e+01   1000000       max_evaluations         13.4781   
5      38240935      7.1121971048941191e+02   1.1219710489411909e+01   1000000       max_evaluations         12.2432   
6      39240972      7.1131308156952207e+02   1.1313081569522069e+01   1000000       max_evaluations         12.3429   
7      40241009      7.1174506354483003e+02   1.1745063544830032e+01   1000000       max_evaluations         15.1892   
8      41241046      7.1065202915624161e+02   1.0652029156241611e+01   1000000       max_evaluations         12.4805   
9      42241083      7.1239509641283416e+02   1.2395096412834164e+01   1000000       max_evaluations         12.4965   
10     43241120      7.1164734092754986e+02   1.1647340927549862e+01   1000000       max_evaluations         12.4021   
11     44241157      7.1095667916229047e+02   1.0956679162290470e+01   1000000       max_evaluations         15.2369   
12     45241194      7.1036692077242083e+02   1.0366920772420826e+01   1000000       max_evaluations         12.4599   
13     46241231      7.1135540596898181e+02   1.1355405968981813e+01   1000000       max_evaluations         11.8603   
14     47241268      7.1067767170278114e+02   1.0677671702781140e+01   1000000       max_evaluations         12.2486   
15     48241305      7.1166988911625742e+02   1.1669889116257423e+01   1000000       max_evaluations         16.6818   
16     49241342      7.1270228156647897e+02   1.2702281566478973e+01   1000000       max_evaluations         13.9755   
17     50241379      7.1177954100660941e+02   1.1779541006609406e+01   1000000       max_evaluations         16.5259   
18     51241416      7.1133516755159144e+02   1.1335167551591439e+01   1000000       max_evaluations         13.6981   
19     52241453      7.1170394779148444e+02   1.1703947791484438e+01   1000000       max_evaluations         15.0349   
20     53241490      7.1351571511618965e+02   1.3515715116189654e+01   1000000       max_evaluations         14.1400   
21     54241527      7.1164693602613886e+02   1.1646936026138860e+01   1000000       max_evaluations         13.7084   
22     55241564      7.1102793064473258e+02   1.1027930644732578e+01   1000000       max_evaluations         16.4374   
23     56241601      7.1163496962395243e+02   1.1634969623952429e+01   1000000       max_evaluations         16.7011   
24     57241638      7.1147081911315945e+02   1.1470819113159450e+01   1000000       max_evaluations         13.5450   
25     58241675      7.1181379337683529e+02   1.1813793376835292e+01   1000000       max_evaluations         13.3059   
26     59241712      7.1076343569331289e+02   1.0763435693312886e+01   1000000       max_evaluations         13.3469   
27     60241749      7.1151496026259019e+02   1.1514960262590193e+01   1000000       max_evaluations         13.2880   
28     61241786      7.1036692077242049e+02   1.0366920772420485e+01   1000000       max_evaluations         14.7868   
29     62241823      7.1346922287917607e+02   1.3469222879176073e+01   1000000       max_evaluations         6.8141    
30     63241860      7.1168514469779325e+02   1.1685144697793248e+01   1000000       max_evaluations         6.3368    

----- F4  D10  (30 runs)  optimum=1900  target_error=1e-08 -----
Run    Seed          Best_Fitness             Error                    NFEs          Termination             Runtime_s 
1      35240820      1.9003734185314322e+03   3.7341853143220760e-01   1000000       max_evaluations         9.4704    
2      36240857      1.9004438293240007e+03   4.4382932400071695e-01   1000000       max_evaluations         9.4134    
3      37240894      1.9003962809292402e+03   3.9628092924021985e-01   1000000       max_evaluations         9.4646    
4      38240931      1.9002997020321784e+03   2.9970203217840208e-01   1000000       max_evaluations         9.1769    
5      39240968      1.9004872659271832e+03   4.8726592718321626e-01   1000000       max_evaluations         9.4625    
6      40241005      1.9005743167559558e+03   5.7431675595580600e-01   1000000       max_evaluations         9.4400    
7      41241042      1.9003875855105921e+03   3.8758551059208912e-01   1000000       max_evaluations         9.0955    
8      42241079      1.9004037072930507e+03   4.0370729305072928e-01   1000000       max_evaluations         9.4346    
9      43241116      1.9007044684944808e+03   7.0446849448080684e-01   1000000       max_evaluations         9.6576    
10     44241153      1.9004037030830370e+03   4.0370308303704405e-01   1000000       max_evaluations         9.3740    
11     45241190      1.9004886655958971e+03   4.8866559589714598e-01   1000000       max_evaluations         9.4946    
12     46241227      1.9003542986616419e+03   3.5429866164190571e-01   1000000       max_evaluations         9.6442    
13     47241264      1.9003934686100163e+03   3.9346861001627076e-01   1000000       max_evaluations         9.4692    
14     48241301      1.9003752095369955e+03   3.7520953699549864e-01   1000000       max_evaluations         9.2145    
15     49241338      1.9002006558879102e+03   2.0065588791021582e-01   1000000       max_evaluations         11.6145   
16     50241375      1.9005767064340334e+03   5.7670643403344002e-01   1000000       max_evaluations         11.3665   
17     51241412      1.9003978732609498e+03   3.9787326094983655e-01   1000000       max_evaluations         11.3436   
18     52241449      1.9003705408574901e+03   3.7054085749014121e-01   1000000       max_evaluations         11.3529   
19     53241486      1.9005267542834972e+03   5.2675428349721187e-01   1000000       max_evaluations         11.6562   
20     54241523      1.9003212046488104e+03   3.2120464881040789e-01   1000000       max_evaluations         11.5904   
21     55241560      1.9003686142814845e+03   3.6861428148449704e-01   1000000       max_evaluations         11.5044   
22     56241597      1.9004437554706126e+03   4.4375547061258658e-01   1000000       max_evaluations         11.5551   
23     57241634      1.9004269790629928e+03   4.2697906299281385e-01   1000000       max_evaluations         11.3577   
24     58241671      1.9002527009874536e+03   2.5270098745363612e-01   1000000       max_evaluations         11.6060   
25     59241708      1.9003638874406063e+03   3.6388744060627687e-01   1000000       max_evaluations         11.3442   
26     60241745      1.9002112167351931e+03   2.1121673519314754e-01   1000000       max_evaluations         11.6671   
27     61241782      1.9003901129716187e+03   3.9011297161869152e-01   1000000       max_evaluations         12.7045   
28     62241819      1.9002339487592926e+03   2.3394875929261616e-01   1000000       max_evaluations         11.4385   
29     63241856      1.9002667372418528e+03   2.6673724185275205e-01   1000000       max_evaluations         4.7965    
30     64241893      1.9001543976412584e+03   1.5439764125835609e-01   1000000       max_evaluations         4.8457    

----- F5  D10  (30 runs)  optimum=1700  target_error=1e-08 -----
Run    Seed          Best_Fitness             Error                    NFEs          Termination             Runtime_s 
1      36240853      1.7113810980688202e+03   1.1381098068820165e+01   1000000       max_evaluations         19.3651   
2      37240890      1.7004162859692910e+03   4.1628596929103878e-01   1000000       max_evaluations         18.8174   
3      38240927      1.7000000000000000e+03   0.0000000000000000e+00   1000000       max_evaluations         6.7891    
4      39240964      1.7002081429846455e+03   2.0814298464551939e-01   1000000       max_evaluations         18.6264   
5      40241001      1.7002081429846455e+03   2.0814298464551939e-01   1000000       max_evaluations         19.1074   
6      41241038      1.7004162859692910e+03   4.1628596929103878e-01   1000000       max_evaluations         19.1926   
7      42241075      1.7006244289539368e+03   6.2442895393678555e-01   1000000       max_evaluations         18.6817   
8      43241112      1.7002081429846455e+03   2.0814298464551939e-01   1000000       max_evaluations         19.4808   
9      44241149      1.7004162859692910e+03   4.1628596929103878e-01   1000000       max_evaluations         19.2876   
10     45241186      1.7004162859692910e+03   4.1628596929103878e-01   1000000       max_evaluations         19.0413   
11     46241223      1.7002081429846455e+03   2.0814298464551939e-01   1000000       max_evaluations         19.1065   
12     47241260      1.7113810980688202e+03   1.1381098068820165e+01   1000000       max_evaluations         19.6616   
13     48241297      1.7002081429846455e+03   2.0814298464551939e-01   1000000       max_evaluations         18.4896   
14     49241334      1.7002081429846455e+03   2.0814298464551939e-01   1000000       max_evaluations         19.1404   
15     50241371      1.7004162859692910e+03   4.1628596929103878e-01   1000000       max_evaluations         20.5376   
16     51241408      1.7002081429846455e+03   2.0814298464551939e-01   1000000       max_evaluations         19.1090   
17     52241445      1.7002081429846455e+03   2.0814298464551939e-01   1000000       max_evaluations         18.4617   
18     53241482      1.7004162859692910e+03   4.1628596929103878e-01   1000000       max_evaluations         19.5118   
19     54241519      1.7000000000000000e+03   0.0000000000000000e+00   1000000       max_evaluations         7.0119    
20     55241556      1.7113810980688202e+03   1.1381098068820165e+01   1000000       max_evaluations         19.0132   
21     56241593      1.7004162859692910e+03   4.1628596929103878e-01   1000000       max_evaluations         19.6558   
22     57241630      1.7006244289539368e+03   6.2442895393678555e-01   1000000       max_evaluations         19.2423   
23     58241667      1.7006244289539368e+03   6.2442895393678555e-01   1000000       max_evaluations         19.0810   
24     59241704      1.7004162859692910e+03   4.1628596929103878e-01   1000000       max_evaluations         18.8349   
25     60241741      1.7002081429846455e+03   2.0814298464551939e-01   1000000       max_evaluations         19.3223   
26     61241778      1.7113810980688202e+03   1.1381098068820165e+01   1000000       max_evaluations         18.8610   
27     62241815      1.7004162859692910e+03   4.1628596929103878e-01   1000000       max_evaluations         19.2813   
28     63241852      1.7002081429846455e+03   2.0814298464551939e-01   1000000       max_evaluations         19.1382   
29     64241889      1.7004162859692910e+03   4.1628596929103878e-01   1000000       max_evaluations         15.3034   
30     65241926      1.7006244289539368e+03   6.2442895393678555e-01   1000000       max_evaluations         14.2356   

----- F6  D10  (30 runs)  optimum=1600  target_error=1e-08 -----
Run    Seed          Best_Fitness             Error                    NFEs          Termination             Runtime_s 
1      37240886      1.6004357779525399e+03   4.3577795253986551e-01   1000000       max_evaluations         60.8399   
2      38240923      1.6002081935683573e+03   2.0819356835727376e-01   1000000       max_evaluations         59.8521   
3      39240960      1.6002283484499128e+03   2.2834844991280079e-01   1000000       max_evaluations         60.8970   
4      40240997      1.6006439050277570e+03   6.4390502775700043e-01   1000000       max_evaluations         60.7532   
5      41241034      1.6002082046980615e+03   2.0820469806153596e-01   1000000       max_evaluations         61.0784   
6      42241071      1.6007275713915110e+03   7.2757139151099182e-01   1000000       max_evaluations         61.0362   
7      43241108      1.6000196138844176e+03   1.9613884417594818e-02   1000000       max_evaluations         60.5148   
8      44241145      1.6007052283659534e+03   7.0522836595341687e-01   1000000       max_evaluations         59.4969   
9      45241182      1.6004625594351949e+03   4.6255943519486209e-01   1000000       max_evaluations         57.8729   
10     46241219      1.6006439165147776e+03   6.4391651477762935e-01   1000000       max_evaluations         60.2611   
11     47241256      1.6006439362036269e+03   6.4393620362693582e-01   1000000       max_evaluations         60.1551   
12     48241293      1.6002277095968589e+03   2.2770959685885828e-01   1000000       max_evaluations         59.3553   
13     49241330      1.6007081272797968e+03   7.0812727979682677e-01   1000000       max_evaluations         57.7732   
14     50241367      1.6004561304595898e+03   4.5613045958975817e-01   1000000       max_evaluations         59.7836   
15     51241404      1.6006443323847302e+03   6.4433238473020538e-01   1000000       max_evaluations         60.1416   
16     52241441      1.6002276579510835e+03   2.2765795108352904e-01   1000000       max_evaluations         59.1710   
17     53241478      1.6002276659742136e+03   2.2766597421355073e-01   1000000       max_evaluations         59.6161   
18     54241515      1.6006439887456906e+03   6.4398874569064901e-01   1000000       max_evaluations         60.5518   
19     55241552      1.6002277087750406e+03   2.2770877504058262e-01   1000000       max_evaluations         59.7250   
20     56241589      1.6002311410929422e+03   2.3114109294215268e-01   1000000       max_evaluations         60.0902   
21     57241626      1.6002276026148857e+03   2.2760261488565448e-01   1000000       max_evaluations         59.4651   
22     58241663      1.6007058196103449e+03   7.0581961034486085e-01   1000000       max_evaluations         59.2577   
23     59241700      1.6009055389516384e+03   9.0553895163839115e-01   1000000       max_evaluations         59.9395   
24     60241737      1.6004422738838703e+03   4.4227388387025712e-01   1000000       max_evaluations         60.0485   
25     61241774      1.6007275748043999e+03   7.2757480439986466e-01   1000000       max_evaluations         51.7866   
26     62241811      1.6002276452988169e+03   2.2764529881692397e-01   1000000       max_evaluations         59.5269   
27     63241848      1.6004748721265348e+03   4.7487212653481947e-01   1000000       max_evaluations         58.5520   
28     64241885      1.6002277147198809e+03   2.2771471988085068e-01   1000000       max_evaluations         59.7513   
29     65241922      1.6004357223636696e+03   4.3572236366958350e-01   1000000       max_evaluations         24.8205   
30     66241959      1.6002082781006497e+03   2.0827810064974983e-01   1000000       max_evaluations         21.6413   

----- F7  D10  (30 runs)  optimum=2100  target_error=1e-08 -----
Run    Seed          Best_Fitness             Error                    NFEs          Termination             Runtime_s 
1      38240919      2.1004860389295372e+03   4.8603892953724426e-01   1000000       max_evaluations         60.1729   
2      39240956      2.1008121732527047e+03   8.1217325270472429e-01   1000000       max_evaluations         46.4010   
3      40240993      2.1004999103980740e+03   4.9991039807400739e-01   1000000       max_evaluations         62.9519   
4      41241030      2.1004999999871616e+03   4.9999998716157279e-01   1000000       max_evaluations         56.3970   
5      42241067      2.1008067447664557e+03   8.0674476645572213e-01   1000000       max_evaluations         62.7436   
6      43241104      2.1006254594712213e+03   6.2545947122134748e-01   1000000       max_evaluations         65.1081   
7      44241141      2.1004992410020641e+03   4.9924100206408184e-01   1000000       max_evaluations         63.8969   
8      45241178      2.1007995133615486e+03   7.9951336154863384e-01   1000000       max_evaluations         64.5472   
9      46241215      2.1004835452673688e+03   4.8354526736875414e-01   1000000       max_evaluations         64.1995   
10     47241252      2.1011063516706881e+03   1.1063516706881273e+00   1000000       max_evaluations         63.6710   
11     48241289      2.1000108312387388e+03   1.0831238738774118e-02   1000000       max_evaluations         62.3933   
12     49241326      2.1004890470190803e+03   4.8904701908031711e-01   1000000       max_evaluations         66.0821   
13     50241363      2.1004989273473184e+03   4.9892734731838573e-01   1000000       max_evaluations         62.9501   
14     51241400      2.1003157565058364e+03   3.1575650583636161e-01   1000000       max_evaluations         60.0980   
15     52241437      2.1003121761225143e+03   3.1217612251430182e-01   1000000       max_evaluations         62.2291   
16     53241474      2.1009618496668299e+03   9.6184966682994855e-01   1000000       max_evaluations         62.4341   
17     54241511      2.1003122133119869e+03   3.1221331198685220e-01   1000000       max_evaluations         62.1811   
18     55241548      2.1004693040230009e+03   4.6930402300085916e-01   1000000       max_evaluations         56.7821   
19     56241585      2.1008121731284195e+03   8.1217312841954481e-01   1000000       max_evaluations         55.3126   
20     57241622      2.1000008307431717e+03   8.3074317171849543e-04   1000000       max_evaluations         60.6212   
21     58241659      2.1003291695556068e+03   3.2916955560676797e-01   1000000       max_evaluations         61.0272   
22     59241696      2.1004980858618451e+03   4.9808586184508385e-01   1000000       max_evaluations         59.3194   
23     60241733      2.1008121732536961e+03   8.1217325369607352e-01   1000000       max_evaluations         27.8844   
24     61241770      2.1003122077767985e+03   3.1220777679845924e-01   1000000       max_evaluations         60.4451   
25     62241807      2.1003121931889073e+03   3.1219318890725845e-01   1000000       max_evaluations         59.8979   
26     63241844      2.1011243464932245e+03   1.1243464932244933e+00   1000000       max_evaluations         53.1793   
27     64241881      2.1004941982824425e+03   4.9419828244253949e-01   1000000       max_evaluations         60.2012   
28     65241918      2.1008121732559798e+03   8.1217325597981471e-01   1000000       max_evaluations         28.1312   
29     66241955      2.1008121730524972e+03   8.1217305249720084e-01   1000000       max_evaluations         40.0676   
30     67241992      2.1004974833838364e+03   4.9748338383642476e-01   1000000       max_evaluations         39.6784   

----- F8  D10  (30 runs)  optimum=2200  target_error=1e-08 -----
Run    Seed          Best_Fitness             Error                    NFEs          Termination             Runtime_s 
1      39240952      2.3000000000000000e+03   1.0000000000000000e+02   1000000       max_evaluations         66.5098   
2      40240989      2.3002901648418165e+03   1.0029016484181648e+02   1000000       max_evaluations         20.9255   
3      41241026      2.3000000000000000e+03   1.0000000000000000e+02   1000000       max_evaluations         54.5260   
4      42241063      2.3000000000000005e+03   1.0000000000000045e+02   1000000       max_evaluations         73.5942   
5      43241100      2.3000000000000005e+03   1.0000000000000045e+02   1000000       max_evaluations         69.9209   
6      44241137      2.3000000000000005e+03   1.0000000000000045e+02   1000000       max_evaluations         51.4709   
7      45241174      2.3000000000000000e+03   1.0000000000000000e+02   1000000       max_evaluations         62.3613   
8      46241211      2.3000000000000005e+03   1.0000000000000045e+02   1000000       max_evaluations         64.3662   
9      47241248      2.3002878449790692e+03   1.0028784497906918e+02   1000000       max_evaluations         22.4614   
10     48241285      2.3000000000000005e+03   1.0000000000000045e+02   1000000       max_evaluations         51.4668   
11     49241322      2.3000000000000005e+03   1.0000000000000045e+02   1000000       max_evaluations         54.4046   
12     50241359      2.3000000000000000e+03   1.0000000000000000e+02   1000000       max_evaluations         72.5732   
13     51241396      2.3006064128904254e+03   1.0060641289042542e+02   1000000       max_evaluations         27.1417   
14     52241433      2.3000000000000005e+03   1.0000000000000045e+02   1000000       max_evaluations         51.4832   
15     53241470      2.3002863768830416e+03   1.0028637688304161e+02   1000000       max_evaluations         18.0590   
16     54241507      2.3000000000000005e+03   1.0000000000000045e+02   1000000       max_evaluations         60.8683   
17     55241544      2.3002890459318251e+03   1.0028904593182506e+02   1000000       max_evaluations         24.5520   
18     56241581      2.3000000000000005e+03   1.0000000000000045e+02   1000000       max_evaluations         57.6600   
19     57241618      2.3000000000000005e+03   1.0000000000000045e+02   1000000       max_evaluations         55.2911   
20     58241655      2.3000000000000005e+03   1.0000000000000045e+02   1000000       max_evaluations         54.4664   
21     59241692      2.3000000000000005e+03   1.0000000000000045e+02   1000000       max_evaluations         59.3976   
22     60241729      2.3004005689730848e+03   1.0040056897308477e+02   1000000       max_evaluations         18.6349   
23     61241766      2.3002890459318251e+03   1.0028904593182506e+02   1000000       max_evaluations         26.3317   
24     62241803      2.3000000000000005e+03   1.0000000000000045e+02   1000000       max_evaluations         54.3352   
25     63241840      2.3000000000000005e+03   1.0000000000000045e+02   1000000       max_evaluations         48.7336   
26     64241877      2.3000000000000000e+03   1.0000000000000000e+02   1000000       max_evaluations         52.9709   
27     65241914      2.3000000000000000e+03   1.0000000000000000e+02   1000000       max_evaluations         54.3120   
28     66241951      2.3000000000000005e+03   1.0000000000000045e+02   1000000       max_evaluations         49.4008   
29     67241988      2.3000000000000000e+03   1.0000000000000000e+02   1000000       max_evaluations         50.2855   
30     68242025      2.3000000000000000e+03   1.0000000000000000e+02   1000000       max_evaluations         48.1177   

----- F9  D10  (30 runs)  optimum=2400  target_error=1e-08 -----
Run    Seed          Best_Fitness             Error                    NFEs          Termination             Runtime_s 
1      40240985      2.5000000000319210e+03   1.0000000003192099e+02   1000000       max_evaluations         36.3284   
2      41241022      2.7000000000000000e+03   3.0000000000000000e+02   1000000       max_evaluations         66.8954   
3      42241059      2.7267351434025818e+03   3.2673514340258180e+02   1000000       max_evaluations         25.0876   
4      43241096      2.7260563054119043e+03   3.2605630541190430e+02   1000000       max_evaluations         15.5388   
5      44241133      2.7276069672933154e+03   3.2760696729331539e+02   1000000       max_evaluations         22.9729   
6      45241170      2.7322557843139621e+03   3.3225578431396207e+02   1000000       max_evaluations         23.6010   
7      46241207      2.7285885395525552e+03   3.2858853955255518e+02   1000000       max_evaluations         22.7127   
8      47241244      2.7310268116642683e+03   3.3102681166426828e+02   1000000       max_evaluations         15.7830   
9      48241281      2.7285885395525556e+03   3.2858853955255563e+02   1000000       max_evaluations         24.4207   
10     49241318      2.7291202063739147e+03   3.2912020637391470e+02   1000000       max_evaluations         15.8275   
11     50241355      2.7295443203713580e+03   3.2954432037135803e+02   1000000       max_evaluations         24.4572   
12     51241392      2.7000000000000005e+03   3.0000000000000045e+02   1000000       max_evaluations         59.8724   
13     52241429      2.7000000000000005e+03   3.0000000000000045e+02   1000000       max_evaluations         68.4718   
14     53241466      2.5000000000377431e+03   1.0000000003774312e+02   1000000       max_evaluations         74.2305   
15     54241503      2.7282047961713824e+03   3.2820479617138244e+02   1000000       max_evaluations         27.7349   
16     55241540      2.7271647062165753e+03   3.2716470621657527e+02   1000000       max_evaluations         20.4155   
17     56241577      2.7295443203713580e+03   3.2954432037135803e+02   1000000       max_evaluations         20.7253   
18     57241614      2.5000000000348514e+03   1.0000000003485138e+02   1000000       max_evaluations         22.7897   
19     58241651      2.5000000000000005e+03   1.0000000000000045e+02   1000000       max_evaluations         64.5518   
20     59241688      2.7282772556569257e+03   3.2827725565692572e+02   1000000       max_evaluations         19.6343   
21     60241725      2.7000000000000000e+03   3.0000000000000000e+02   1000000       max_evaluations         58.5130   
22     61241762      2.7192768891812452e+03   3.1927688918124522e+02   1000000       max_evaluations         28.5862   
23     62241799      2.5000000000281761e+03   1.0000000002817615e+02   1000000       max_evaluations         57.0324   
24     63241836      2.7299446321772484e+03   3.2994463217724842e+02   1000000       max_evaluations         26.3959   
25     64241873      2.7271647062165753e+03   3.2716470621657527e+02   1000000       max_evaluations         21.2724   
26     65241910      2.7000000000000000e+03   3.0000000000000000e+02   1000000       max_evaluations         50.4765   
27     66241947      2.7295443203713580e+03   3.2954432037135803e+02   1000000       max_evaluations         19.7595   
28     67241984      2.7309314244537918e+03   3.3093142445379181e+02   1000000       max_evaluations         25.4533   
29     68242021      2.7319432500783796e+03   3.3194325007837961e+02   1000000       max_evaluations         19.2654   
30     69242058      2.7332247462240794e+03   3.3322474622407935e+02   1000000       max_evaluations         22.1843   

----- F10  D10  (30 runs)  optimum=2500  target_error=1e-08 -----
Run    Seed          Best_Fitness             Error                    NFEs          Termination             Runtime_s 
1      41241018      2.8977428694699875e+03   3.9774286946998745e+02   1000000       max_evaluations         27.6621   
2      42241055      2.8995849678716786e+03   3.9958496787167860e+02   1000000       max_evaluations         24.9425   
3      43241092      2.8995849678716786e+03   3.9958496787167860e+02   1000000       max_evaluations         25.0670   
4      44241129      2.8995849678716786e+03   3.9958496787167860e+02   1000000       max_evaluations         24.2817   
5      45241166      2.8977428694699875e+03   3.9774286946998745e+02   1000000       max_evaluations         24.6315   
6      46241203      2.9433651131960869e+03   4.4336511319608690e+02   1000000       max_evaluations         27.4029   
7      47241240      2.8995849678716786e+03   3.9958496787167860e+02   1000000       max_evaluations         17.6426   
8      48241277      2.8980089894405774e+03   3.9800898944057735e+02   1000000       max_evaluations         15.9924   
9      49241314      2.8995849678716786e+03   3.9958496787167860e+02   1000000       max_evaluations         27.0609   
10     50241351      2.8995849678716786e+03   3.9958496787167860e+02   1000000       max_evaluations         27.3422   
11     51241388      2.8977428694699875e+03   3.9774286946998745e+02   1000000       max_evaluations         27.4624   
12     52241425      2.8977428694699875e+03   3.9774286946998745e+02   1000000       max_evaluations         27.5863   
13     53241462      2.8977428694699875e+03   3.9774286946998745e+02   1000000       max_evaluations         25.1829   
14     54241499      2.8995849678716786e+03   3.9958496787167860e+02   1000000       max_evaluations         24.8756   
15     55241536      2.8995849678716786e+03   3.9958496787167860e+02   1000000       max_evaluations         29.3537   
16     56241573      2.8995849678716786e+03   3.9958496787167860e+02   1000000       max_evaluations         32.3344   
17     57241610      2.8995849678716786e+03   3.9958496787167860e+02   1000000       max_evaluations         29.2251   
18     58241647      2.8995849678716786e+03   3.9958496787167860e+02   1000000       max_evaluations         29.1217   
19     59241684      2.8977428694699875e+03   3.9774286946998745e+02   1000000       max_evaluations         28.9791   
20     60241721      2.8977428694699875e+03   3.9774286946998745e+02   1000000       max_evaluations         28.9434   
21     61241758      2.8977428694699875e+03   3.9774286946998745e+02   1000000       max_evaluations         28.9519   
22     62241795      2.8977428694699875e+03   3.9774286946998745e+02   1000000       max_evaluations         29.0394   
23     63241832      2.9433806572081294e+03   4.4338065720812938e+02   1000000       max_evaluations         30.2677   
24     64241869      2.8977428694699875e+03   3.9774286946998745e+02   1000000       max_evaluations         30.1676   
25     65241906      2.8977428694699875e+03   3.9774286946998745e+02   1000000       max_evaluations         30.4568   
26     66241943      2.8977428694699875e+03   3.9774286946998745e+02   1000000       max_evaluations         30.3957   
27     67241980      2.8977428694699875e+03   3.9774286946998745e+02   1000000       max_evaluations         30.2557   
28     68242017      2.8977428694699875e+03   3.9774286946998745e+02   1000000       max_evaluations         30.3091   
29     69242054      2.8995849678716786e+03   3.9958496787167860e+02   1000000       max_evaluations         21.2920   
30     70242091      2.8995849678716786e+03   3.9958496787167860e+02   1000000       max_evaluations         19.2309   

