==============================================================================================================
DETAILED PER-RUN LOG   FDB-AGSK   CEC2013LSGO   D1000
runs per function : 25
functions         : [1 2 3 4 5 6 7 8 9 10 11 12 15]
statistics basis  : raw objective
generated         : 2026-07-23_12.25.05
==============================================================================================================

----- F1  D1000  (25 runs)  optimum=nan  target_error=nan -----
Run    Seed          Best_Fitness             Error                    NFEs          Termination             Runtime_s 
1      1022243691    2.9253468625614531e+07   nan                      3000000       max_evaluations         729.4249  
2      1023243728    2.1153646653777471e+08   nan                      3000000       max_evaluations         625.1678  
3      1024243765    6.1988545749800794e+07   nan                      3000000       max_evaluations         626.5967  
4      1025243802    4.0982453437062338e+07   nan                      3000000       max_evaluations         625.5265  
5      1026243839    3.1438408531982476e+08   nan                      3000000       max_evaluations         625.4493  
6      1027243876    1.6287389473446563e+07   nan                      3000000       max_evaluations         628.8575  
7      1028243913    3.6210031700396106e+07   nan                      3000000       max_evaluations         627.9549  
8      1029243950    3.6167159295125835e+07   nan                      3000000       max_evaluations         733.6270  
9      1030243987    1.6584787487423487e+07   nan                      3000000       max_evaluations         726.8015  
10     1031244024    5.8406559065164067e+07   nan                      3000000       max_evaluations         721.8915  
11     1032244061    3.2725998680821024e+07   nan                      3000000       max_evaluations         728.1457  
12     1033244098    4.6634064594881050e+07   nan                      3000000       max_evaluations         728.8696  
13     1034244135    2.4567890834868103e+07   nan                      3000000       max_evaluations         743.3572  
14     1035244172    6.5553835388745576e+07   nan                      3000000       max_evaluations         616.0892  
15     1036244209    1.1105649800574411e+08   nan                      3000000       max_evaluations         618.7241  
16     1037244246    2.5305735366764013e+07   nan                      3000000       max_evaluations         622.4412  
17     1038244283    2.6380051817839298e+07   nan                      3000000       max_evaluations         621.2561  
18     1039244320    1.3253374644887650e+07   nan                      3000000       max_evaluations         623.3808  
19     1040244357    1.0579169633715980e+07   nan                      3000000       max_evaluations         618.7666  
20     1041244394    2.9438498951347221e+07   nan                      3000000       max_evaluations         634.7897  
21     1042244431    6.6299084871235237e+07   nan                      3000000       max_evaluations         633.3027  
22     1043244468    1.9126042035332359e+07   nan                      3000000       max_evaluations         631.4029  
23     1044244505    1.1743520660942259e+08   nan                      3000000       max_evaluations         632.0988  
24     1045244542    6.4491818298650570e+07   nan                      3000000       max_evaluations         630.9496  
25     1046244579    1.5411765539271176e+07   nan                      3000000       max_evaluations         629.5916  

----- F2  D1000  (25 runs)  optimum=nan  target_error=nan -----
Run    Seed          Best_Fitness             Error                    NFEs          Termination             Runtime_s 
1      1023243724    8.2879034474985201e+03   nan                      3000000       max_evaluations         1050.6037 
2      1024243761    7.3596017816864896e+03   nan                      3000000       max_evaluations         898.8946  
3      1025243798    8.2260277893768907e+03   nan                      3000000       max_evaluations         885.3790  
4      1026243835    1.3156007620201537e+04   nan                      3000000       max_evaluations         930.8546  
5      1027243872    7.2806612436561390e+03   nan                      3000000       max_evaluations         910.9197  
6      1028243909    8.5031727636022606e+03   nan                      3000000       max_evaluations         888.1581  
7      1029243946    1.0324179990561852e+04   nan                      3000000       max_evaluations         936.1866  
8      1030243983    7.8140862695516626e+03   nan                      3000000       max_evaluations         1041.0451 
9      1031244020    8.4223969104467487e+03   nan                      3000000       max_evaluations         1051.3021 
10     1032244057    7.8044073806141305e+03   nan                      3000000       max_evaluations         1052.6133 
11     1033244094    7.9452254728070984e+03   nan                      3000000       max_evaluations         1056.7906 
12     1034244131    7.8166902079812307e+03   nan                      3000000       max_evaluations         1041.2578 
13     1035244168    7.8763773768524979e+03   nan                      3000000       max_evaluations         1056.4793 
14     1036244205    1.0874034751544970e+04   nan                      3000000       max_evaluations         897.5097  
15     1037244242    8.3919315141903207e+03   nan                      3000000       max_evaluations         852.8976  
16     1038244279    8.0599506094185354e+03   nan                      3000000       max_evaluations         862.4875  
17     1039244316    7.9131274769971178e+03   nan                      3000000       max_evaluations         866.2517  
18     1040244353    7.2933589495247925e+03   nan                      3000000       max_evaluations         864.0328  
19     1041244390    7.3444100029981701e+03   nan                      3000000       max_evaluations         855.7059  
20     1042244427    7.6755483965292797e+03   nan                      3000000       max_evaluations         912.5520  
21     1043244464    7.4425398766659901e+03   nan                      3000000       max_evaluations         918.2244  
22     1044244501    8.1628766126456412e+03   nan                      3000000       max_evaluations         914.4913  
23     1045244538    9.5635669733064915e+03   nan                      3000000       max_evaluations         932.2851  
24     1046244575    8.5514648228752903e+03   nan                      3000000       max_evaluations         925.1115  
25     1047244612    6.4593854781188729e+03   nan                      3000000       max_evaluations         914.0051  

----- F3  D1000  (25 runs)  optimum=nan  target_error=nan -----
Run    Seed          Best_Fitness             Error                    NFEs          Termination             Runtime_s 
1      1024243757    2.0853371272922757e+01   nan                      3000000       max_evaluations         1065.2065 
2      1025243794    2.1260843084494336e+01   nan                      3000000       max_evaluations         933.7012  
3      1026243831    2.1040713810745014e+01   nan                      3000000       max_evaluations         927.5037  
4      1027243868    2.1178424451071283e+01   nan                      3000000       max_evaluations         931.0036  
5      1028243905    2.1245162349150363e+01   nan                      3000000       max_evaluations         933.3112  
6      1029243942    2.1089321142858019e+01   nan                      3000000       max_evaluations         931.2770  
7      1030243979    2.1236529094213857e+01   nan                      3000000       max_evaluations         931.4734  
8      1031244016    2.1265377669658086e+01   nan                      3000000       max_evaluations         1080.8902 
9      1032244053    2.0412477161712179e+01   nan                      3000000       max_evaluations         1048.4041 
10     1033244090    2.0843942011510009e+01   nan                      3000000       max_evaluations         1083.4494 
11     1034244127    2.1042345300241969e+01   nan                      3000000       max_evaluations         1077.5936 
12     1035244164    2.0614320827499451e+01   nan                      3000000       max_evaluations         1050.3608 
13     1036244201    2.0969012565189264e+01   nan                      3000000       max_evaluations         1080.9764 
14     1037244238    2.1173219859511306e+01   nan                      3000000       max_evaluations         908.9963  
15     1038244275    2.1296134476915842e+01   nan                      3000000       max_evaluations         913.8084  
16     1039244312    2.0748388448203940e+01   nan                      3000000       max_evaluations         897.2520  
17     1040244349    2.0989015341474790e+01   nan                      3000000       max_evaluations         905.5155  
18     1041244386    2.1087572958599797e+01   nan                      3000000       max_evaluations         906.9271  
19     1042244423    2.1309738590912634e+01   nan                      3000000       max_evaluations         914.3725  
20     1043244460    2.1165331653940651e+01   nan                      3000000       max_evaluations         957.9371  
21     1044244497    2.0405259706854864e+01   nan                      3000000       max_evaluations         929.6588  
22     1045244534    2.0518587061068072e+01   nan                      3000000       max_evaluations         930.8045  
23     1046244571    2.1184874499487073e+01   nan                      3000000       max_evaluations         944.3300  
24     1047244608    2.1288160926204608e+01   nan                      3000000       max_evaluations         944.1510  
25     1048244645    2.0789636802951009e+01   nan                      3000000       max_evaluations         936.7288  

----- F4  D1000  (25 runs)  optimum=nan  target_error=nan -----
Run    Seed          Best_Fitness             Error                    NFEs          Termination             Runtime_s 
1      1025243790    1.6391929258778690e+10   nan                      3000000       max_evaluations         972.1859  
2      1026243827    1.3975184603324059e+10   nan                      3000000       max_evaluations         861.4952  
3      1027243864    1.4163057344265873e+10   nan                      3000000       max_evaluations         843.9940  
4      1028243901    2.1054988438841782e+10   nan                      3000000       max_evaluations         851.9816  
5      1029243938    1.1390217159780151e+10   nan                      3000000       max_evaluations         853.0849  
6      1030243975    9.6227196895293808e+09   nan                      3000000       max_evaluations         857.5830  
7      1031244012    1.8477452047861168e+10   nan                      3000000       max_evaluations         852.5059  
8      1032244049    1.7146190011895954e+10   nan                      3000000       max_evaluations         960.3794  
9      1033244086    8.5876661806241703e+09   nan                      3000000       max_evaluations         957.8106  
10     1034244123    1.1156505495696129e+10   nan                      3000000       max_evaluations         960.4394  
11     1035244160    1.0292847314795540e+10   nan                      3000000       max_evaluations         953.0004  
12     1036244197    1.1272509720449318e+10   nan                      3000000       max_evaluations         953.1573  
13     1037244234    7.4784151632658939e+09   nan                      3000000       max_evaluations         957.0097  
14     1038244271    1.6100464592889660e+10   nan                      3000000       max_evaluations         748.1208  
15     1039244308    1.0969778948976765e+10   nan                      3000000       max_evaluations         752.4160  
16     1040244345    8.7268177121165657e+09   nan                      3000000       max_evaluations         762.6492  
17     1041244382    2.0779457345353874e+10   nan                      3000000       max_evaluations         760.9482  
18     1042244419    7.9782867835860596e+09   nan                      3000000       max_evaluations         752.5657  
19     1043244456    1.1680406537666042e+10   nan                      3000000       max_evaluations         761.6950  
20     1044244493    1.7578053169365898e+10   nan                      3000000       max_evaluations         757.3364  
21     1045244530    1.5646938323473927e+10   nan                      3000000       max_evaluations         762.1817  
22     1046244567    8.9018711962825451e+09   nan                      3000000       max_evaluations         759.2893  
23     1047244604    1.1655852578154699e+10   nan                      3000000       max_evaluations         754.9993  
24     1048244641    1.9550543519618942e+10   nan                      3000000       max_evaluations         756.3285  
25     1049244678    1.0268411664801733e+10   nan                      3000000       max_evaluations         750.8863  

----- F5  D1000  (25 runs)  optimum=nan  target_error=nan -----
Run    Seed          Best_Fitness             Error                    NFEs          Termination             Runtime_s 
1      1026243823    3.3365409685156806e+06   nan                      3000000       max_evaluations         1194.8630 
2      1027243860    6.9000049826689828e+06   nan                      3000000       max_evaluations         1076.6301 
3      1028243897    6.1200198699645000e+06   nan                      3000000       max_evaluations         1078.0129 
4      1029243934    8.1144635507269837e+06   nan                      3000000       max_evaluations         1081.1725 
5      1030243971    6.9441438441458754e+06   nan                      3000000       max_evaluations         1079.8002 
6      1031244008    7.3332603260847908e+06   nan                      3000000       max_evaluations         1081.9253 
7      1032244045    6.3691568865193911e+06   nan                      3000000       max_evaluations         1078.0570 
8      1033244082    7.0216659969876064e+06   nan                      3000000       max_evaluations         1198.9822 
9      1034244119    7.1290216866435595e+06   nan                      3000000       max_evaluations         1193.2362 
10     1035244156    5.9557292028387059e+06   nan                      3000000       max_evaluations         1204.1974 
11     1036244193    6.3596206228474686e+06   nan                      3000000       max_evaluations         1197.1065 
12     1037244230    7.1504668474378819e+06   nan                      3000000       max_evaluations         1207.0199 
13     1038244267    6.1003850522736255e+06   nan                      3000000       max_evaluations         1198.7562 
14     1039244304    5.5980222475030571e+06   nan                      3000000       max_evaluations         1032.0484 
15     1040244341    6.2880770615226645e+06   nan                      3000000       max_evaluations         1030.2814 
16     1041244378    7.1822140170800071e+06   nan                      3000000       max_evaluations         1029.4782 
17     1042244415    6.7490707010638770e+06   nan                      3000000       max_evaluations         1032.3375 
18     1043244452    6.7596130910825087e+06   nan                      3000000       max_evaluations         1028.1084 
19     1044244489    8.5707260971106421e+06   nan                      3000000       max_evaluations         1028.4684 
20     1045244526    6.9040999805844733e+06   nan                      3000000       max_evaluations         1090.9535 
21     1046244563    5.5378611607288066e+06   nan                      3000000       max_evaluations         1092.3091 
22     1047244600    7.3460094478319241e+06   nan                      3000000       max_evaluations         1086.4147 
23     1048244637    6.5624353177063847e+06   nan                      3000000       max_evaluations         1087.9777 
24     1049244674    6.3220151607432524e+06   nan                      3000000       max_evaluations         1092.9774 
25     1050244711    4.7806485469365865e+06   nan                      3000000       max_evaluations         1086.2967 

----- F6  D1000  (25 runs)  optimum=nan  target_error=nan -----
Run    Seed          Best_Fitness             Error                    NFEs          Termination             Runtime_s 
1      1027243856    1.0596976595685170e+06   nan                      3000000       max_evaluations         1215.2046 
2      1028243893    1.0612280872729740e+06   nan                      3000000       max_evaluations         1070.9337 
3      1029243930    1.0611514090394217e+06   nan                      3000000       max_evaluations         1065.0833 
4      1030243967    1.0610341822962468e+06   nan                      3000000       max_evaluations         1060.2527 
5      1031244004    1.0600125103905450e+06   nan                      3000000       max_evaluations         1060.6156 
6      1032244041    1.0615427929646596e+06   nan                      3000000       max_evaluations         1062.9384 
7      1033244078    1.0588474819991379e+06   nan                      3000000       max_evaluations         1064.1312 
8      1034244115    1.0616302208537059e+06   nan                      3000000       max_evaluations         1225.0487 
9      1035244152    1.0595459078723546e+06   nan                      3000000       max_evaluations         1215.0962 
10     1036244189    1.0606983681482195e+06   nan                      3000000       max_evaluations         1216.0251 
11     1037244226    1.0612845391110287e+06   nan                      3000000       max_evaluations         1218.8597 
12     1038244263    1.0614926959170909e+06   nan                      3000000       max_evaluations         1213.8777 
13     1039244300    1.0621972041478690e+06   nan                      3000000       max_evaluations         1218.3645 
14     1040244337    1.0615791483119864e+06   nan                      3000000       max_evaluations         1046.7230 
15     1041244374    1.0584292386870426e+06   nan                      3000000       max_evaluations         1041.0838 
16     1042244411    1.0613338356169281e+06   nan                      3000000       max_evaluations         1043.0118 
17     1043244448    1.0591686433822908e+06   nan                      3000000       max_evaluations         1041.8435 
18     1044244485    1.0617475617482003e+06   nan                      3000000       max_evaluations         1047.3407 
19     1045244522    1.0614225519653326e+06   nan                      3000000       max_evaluations         1045.7932 
20     1046244559    1.0613996183005273e+06   nan                      3000000       max_evaluations         1077.5393 
21     1047244596    1.0580571331786283e+06   nan                      3000000       max_evaluations         1073.9427 
22     1048244633    1.0615016912927451e+06   nan                      3000000       max_evaluations         1072.5275 
23     1049244670    1.0614657864480531e+06   nan                      3000000       max_evaluations         1077.4994 
24     1050244707    1.0608920045775431e+06   nan                      3000000       max_evaluations         1076.7628 
25     1051244744    1.0613302923555837e+06   nan                      3000000       max_evaluations         1078.4459 

----- F7  D1000  (25 runs)  optimum=nan  target_error=nan -----
Run    Seed          Best_Fitness             Error                    NFEs          Termination             Runtime_s 
1      1028243889    3.7978426290206388e+07   nan                      3000000       max_evaluations         631.4169  
2      1029243926    4.2023304591814756e+07   nan                      3000000       max_evaluations         542.3448  
3      1030243963    4.9104566344610207e+07   nan                      3000000       max_evaluations         539.8834  
4      1031244000    2.4140542803399622e+07   nan                      3000000       max_evaluations         545.0678  
5      1032244037    3.2431508240788780e+07   nan                      3000000       max_evaluations         538.0253  
6      1033244074    3.4569388995225601e+07   nan                      3000000       max_evaluations         543.8459  
7      1034244111    2.4229895747946799e+07   nan                      3000000       max_evaluations         542.8155  
8      1035244148    2.3234512469609581e+07   nan                      3000000       max_evaluations         617.4247  
9      1036244185    5.0091394992337883e+07   nan                      3000000       max_evaluations         625.5258  
10     1037244222    1.5588518081432592e+07   nan                      3000000       max_evaluations         622.3794  
11     1038244259    2.0289339024208479e+07   nan                      3000000       max_evaluations         620.5930  
12     1039244296    2.3142280692446213e+07   nan                      3000000       max_evaluations         624.2388  
13     1040244333    2.7425317209067691e+07   nan                      3000000       max_evaluations         628.2452  
14     1041244370    2.8671593116687182e+07   nan                      3000000       max_evaluations         529.9779  
15     1042244407    1.5145171376161050e+07   nan                      3000000       max_evaluations         532.4903  
16     1043244444    3.7639111926909529e+07   nan                      3000000       max_evaluations         536.0056  
17     1044244481    1.5861048159757255e+07   nan                      3000000       max_evaluations         537.9633  
18     1045244518    1.4790017580687018e+07   nan                      3000000       max_evaluations         530.8607  
19     1046244555    2.7371154740097690e+07   nan                      3000000       max_evaluations         532.4048  
20     1047244592    3.6715098872134715e+07   nan                      3000000       max_evaluations         543.8320  
21     1048244629    4.3679459440329589e+07   nan                      3000000       max_evaluations         542.8379  
22     1049244666    1.9088407086627185e+07   nan                      3000000       max_evaluations         539.1288  
23     1050244703    2.4100039653770570e+07   nan                      3000000       max_evaluations         539.6825  
24     1051244740    1.9109884518050514e+07   nan                      3000000       max_evaluations         541.0914  
25     1052244777    2.5881465620810568e+07   nan                      3000000       max_evaluations         540.4980  

----- F8  D1000  (25 runs)  optimum=nan  target_error=nan -----
Run    Seed          Best_Fitness             Error                    NFEs          Termination             Runtime_s 
1      1029243922    3.8963343956762859e+13   nan                      3000000       max_evaluations         1275.3149 
2      1030243959    6.2953812725268555e+13   nan                      3000000       max_evaluations         1119.3424 
3      1031243996    2.5027680206135164e+13   nan                      3000000       max_evaluations         1126.3172 
4      1032244033    3.7843071310767297e+13   nan                      3000000       max_evaluations         1113.1138 
5      1033244070    5.2776923761317953e+13   nan                      3000000       max_evaluations         1122.1515 
6      1034244107    5.1610359558413094e+13   nan                      3000000       max_evaluations         1117.8867 
7      1035244144    1.5628437355709432e+13   nan                      3000000       max_evaluations         1124.6728 
8      1036244181    1.1112032128446406e+13   nan                      3000000       max_evaluations         1267.8638 
9      1037244218    3.7611908515911281e+13   nan                      3000000       max_evaluations         1263.0333 
10     1038244255    2.6755737462964031e+13   nan                      3000000       max_evaluations         1261.6128 
11     1039244292    2.6944278461784156e+13   nan                      3000000       max_evaluations         1251.7539 
12     1040244329    3.3974357316842758e+13   nan                      3000000       max_evaluations         1264.3222 
13     1041244366    2.9351195927598094e+13   nan                      3000000       max_evaluations         1269.0745 
14     1042244403    9.6810885897339453e+13   nan                      3000000       max_evaluations         1059.4513 
15     1043244440    1.7486049052706461e+13   nan                      3000000       max_evaluations         1068.8538 
16     1044244477    8.1350183448259281e+13   nan                      3000000       max_evaluations         1064.1008 
17     1045244514    4.0723659828900047e+13   nan                      3000000       max_evaluations         1063.6029 
18     1046244551    2.0859653458209012e+13   nan                      3000000       max_evaluations         1068.5556 
19     1047244588    3.2740807118104309e+13   nan                      3000000       max_evaluations         1064.9739 
20     1048244625    4.8975588531992508e+13   nan                      3000000       max_evaluations         1087.6713 
21     1049244662    8.1363725024050219e+13   nan                      3000000       max_evaluations         1077.7668 
22     1050244699    3.7891316529819820e+13   nan                      3000000       max_evaluations         1082.3689 
23     1051244736    1.3382219193343341e+14   nan                      3000000       max_evaluations         1079.7895 
24     1052244773    4.9883061319855023e+13   nan                      3000000       max_evaluations         1075.8420 
25     1053244810    8.2608382660044203e+13   nan                      3000000       max_evaluations         1077.5534 

----- F9  D1000  (25 runs)  optimum=nan  target_error=nan -----
Run    Seed          Best_Fitness             Error                    NFEs          Termination             Runtime_s 
1      1030243955    5.0330090103979927e+08   nan                      3000000       max_evaluations         1582.4536 
2      1031243992    4.2028311521797121e+08   nan                      3000000       max_evaluations         1377.1557 
3      1032244029    4.9641990252817154e+08   nan                      3000000       max_evaluations         1388.9148 
4      1033244066    5.7652534964493012e+08   nan                      3000000       max_evaluations         1391.7122 
5      1034244103    3.8453738900287157e+08   nan                      3000000       max_evaluations         1379.5689 
6      1035244140    5.5216435950331068e+08   nan                      3000000       max_evaluations         1391.5546 
7      1036244177    5.9279042016821897e+08   nan                      3000000       max_evaluations         1392.8746 
8      1037244214    4.0295246311293691e+08   nan                      3000000       max_evaluations         1580.4315 
9      1038244251    5.0040409790826106e+08   nan                      3000000       max_evaluations         1587.0142 
10     1039244288    4.4962286667322361e+08   nan                      3000000       max_evaluations         1577.8361 
11     1040244325    6.0097767007953048e+08   nan                      3000000       max_evaluations         1590.7585 
12     1041244362    5.0410567472032684e+08   nan                      3000000       max_evaluations         1583.0945 
13     1042244399    4.1927102313542849e+08   nan                      3000000       max_evaluations         1580.5219 
14     1043244436    5.0648290846775675e+08   nan                      3000000       max_evaluations         1264.3478 
15     1044244473    5.7779379564024913e+08   nan                      3000000       max_evaluations         1262.8696 
16     1045244510    6.3183410470006144e+08   nan                      3000000       max_evaluations         1264.1404 
17     1046244547    5.4037952755385101e+08   nan                      3000000       max_evaluations         1269.2458 
18     1047244584    6.3112230934815907e+08   nan                      3000000       max_evaluations         1267.2830 
19     1048244621    4.6584937189119947e+08   nan                      3000000       max_evaluations         1271.3449 
20     1049244658    6.5387721409532833e+08   nan                      3000000       max_evaluations         1304.0477 
21     1050244695    6.6832212908879721e+08   nan                      3000000       max_evaluations         1314.3898 
22     1051244732    5.8867143596479094e+08   nan                      3000000       max_evaluations         1315.3338 
23     1052244769    4.3800366470351124e+08   nan                      3000000       max_evaluations         1309.5593 
24     1053244806    4.7279882512012899e+08   nan                      3000000       max_evaluations         1311.4704 
25     1054244843    6.0719039790495014e+08   nan                      3000000       max_evaluations         1306.2806 

----- F10  D1000  (25 runs)  optimum=nan  target_error=nan -----
Run    Seed          Best_Fitness             Error                    NFEs          Termination             Runtime_s 
1      1031243988    9.3433311367260769e+07   nan                      3000000       max_evaluations         1508.4889 
2      1032244025    9.3400433807824999e+07   nan                      3000000       max_evaluations         1298.6500 
3      1033244062    9.3843630430391192e+07   nan                      3000000       max_evaluations         1307.2896 
4      1034244099    9.3338625938961565e+07   nan                      3000000       max_evaluations         1303.0848 
5      1035244136    9.3563962376972258e+07   nan                      3000000       max_evaluations         1300.9715 
6      1036244173    9.3409445147588879e+07   nan                      3000000       max_evaluations         1302.6912 
7      1037244210    9.3561429580640584e+07   nan                      3000000       max_evaluations         1301.7265 
8      1038244247    9.3735338436629951e+07   nan                      3000000       max_evaluations         1492.1075 
9      1039244284    9.3794964301895842e+07   nan                      3000000       max_evaluations         1496.7579 
10     1040244321    9.3579198719014779e+07   nan                      3000000       max_evaluations         1502.3523 
11     1041244358    9.3742770953774795e+07   nan                      3000000       max_evaluations         1504.2791 
12     1042244395    9.3402848325076520e+07   nan                      3000000       max_evaluations         1497.4635 
13     1043244432    9.3357235548759162e+07   nan                      3000000       max_evaluations         1497.3818 
14     1044244469    9.3585239960431710e+07   nan                      3000000       max_evaluations         1293.0135 
15     1045244506    9.3655200640738040e+07   nan                      3000000       max_evaluations         1289.9365 
16     1046244543    9.3444479704287663e+07   nan                      3000000       max_evaluations         1294.4108 
17     1047244580    9.2641153770296320e+07   nan                      3000000       max_evaluations         1292.1726 
18     1048244617    9.3494094068204537e+07   nan                      3000000       max_evaluations         1291.3636 
19     1049244654    9.3346799793269858e+07   nan                      3000000       max_evaluations         1288.9600 
20     1050244691    9.3551729088727131e+07   nan                      3000000       max_evaluations         1320.6121 
21     1051244728    9.3356625153962448e+07   nan                      3000000       max_evaluations         1319.4781 
22     1052244765    9.2484656517414555e+07   nan                      3000000       max_evaluations         1321.7050 
23     1053244802    9.3165220687888429e+07   nan                      3000000       max_evaluations         1316.3246 
24     1054244839    9.3857020488063961e+07   nan                      3000000       max_evaluations         1320.5005 
25     1055244876    9.1474709617837355e+07   nan                      3000000       max_evaluations         1314.2588 

----- F11  D1000  (25 runs)  optimum=nan  target_error=nan -----
Run    Seed          Best_Fitness             Error                    NFEs          Termination             Runtime_s 
1      1032244021    5.0553305110903871e+08   nan                      3000000       max_evaluations         1246.2758 
2      1033244058    7.6151037911312723e+08   nan                      3000000       max_evaluations         1108.4979 
3      1034244095    5.9208475609806061e+08   nan                      3000000       max_evaluations         1110.4552 
4      1035244132    6.5856747035892558e+08   nan                      3000000       max_evaluations         1109.4241 
5      1036244169    6.1013000314215875e+08   nan                      3000000       max_evaluations         1106.1194 
6      1037244206    5.3367614976415575e+08   nan                      3000000       max_evaluations         1112.0972 
7      1038244243    6.1822374897131717e+08   nan                      3000000       max_evaluations         1105.4340 
8      1039244280    6.8092287927012885e+08   nan                      3000000       max_evaluations         1240.3593 
9      1040244317    3.0407685816617084e+08   nan                      3000000       max_evaluations         1234.8507 
10     1041244354    6.4042087734041834e+08   nan                      3000000       max_evaluations         1244.3935 
11     1042244391    3.0004907390144438e+08   nan                      3000000       max_evaluations         1238.1613 
12     1043244428    3.4195077434249747e+08   nan                      3000000       max_evaluations         1247.5871 
13     1044244465    4.0123890691206145e+08   nan                      3000000       max_evaluations         1233.7060 
14     1045244502    1.1868156854720612e+09   nan                      3000000       max_evaluations         1055.0060 
15     1046244539    7.0528326475905275e+08   nan                      3000000       max_evaluations         1063.4353 
16     1047244576    3.2929520929613853e+08   nan                      3000000       max_evaluations         1058.0290 
17     1048244613    6.8415799093952525e+08   nan                      3000000       max_evaluations         1051.6841 
18     1049244650    8.1687172326399767e+08   nan                      3000000       max_evaluations         1054.2562 
19     1050244687    4.3545625175433493e+08   nan                      3000000       max_evaluations         1056.7799 
20     1051244724    1.0317668927091031e+09   nan                      3000000       max_evaluations         1079.8246 
21     1052244761    7.5029482596801996e+08   nan                      3000000       max_evaluations         1074.0327 
22     1053244798    4.2583515376067585e+08   nan                      3000000       max_evaluations         1070.5632 
23     1054244835    4.5451621342040598e+08   nan                      3000000       max_evaluations         1069.4101 
24     1055244872    5.6401451602404058e+08   nan                      3000000       max_evaluations         1071.2305 
25     1056244909    6.8078365414080477e+08   nan                      3000000       max_evaluations         1075.5511 

----- F12  D1000  (25 runs)  optimum=nan  target_error=nan -----
Run    Seed          Best_Fitness             Error                    NFEs          Termination             Runtime_s 
1      1033244054    7.4629993606412077e+08   nan                      3000000       max_evaluations         361.1437  
2      1034244091    7.2559415158788085e+08   nan                      3000000       max_evaluations         318.0488  
3      1035244128    8.5725541329426563e+08   nan                      3000000       max_evaluations         312.3281  
4      1036244165    3.7847235866597015e+08   nan                      3000000       max_evaluations         313.2390  
5      1037244202    4.4241393013321228e+09   nan                      3000000       max_evaluations         314.4666  
6      1038244239    1.5898299954582334e+09   nan                      3000000       max_evaluations         318.0727  
7      1039244276    6.6062146636596739e+08   nan                      3000000       max_evaluations         312.9757  
8      1040244313    1.1561316796888020e+09   nan                      3000000       max_evaluations         360.7856  
9      1041244350    8.0065275507656765e+08   nan                      3000000       max_evaluations         352.2901  
10     1042244387    1.4811412367329798e+09   nan                      3000000       max_evaluations         352.1854  
11     1043244424    7.1969853616375101e+08   nan                      3000000       max_evaluations         356.0297  
12     1044244461    1.4350343127444530e+09   nan                      3000000       max_evaluations         355.5419  
13     1045244498    1.1164770077534082e+09   nan                      3000000       max_evaluations         355.8698  
14     1046244535    6.8967821024853432e+08   nan                      3000000       max_evaluations         320.0094  
15     1047244572    8.4227025951378047e+08   nan                      3000000       max_evaluations         326.8114  
16     1048244609    8.1262719666429353e+08   nan                      3000000       max_evaluations         325.5277  
17     1049244646    9.8561436843088436e+08   nan                      3000000       max_evaluations         327.0124  
18     1050244683    6.1891306807012498e+08   nan                      3000000       max_evaluations         326.0171  
19     1051244720    5.9701997959261429e+08   nan                      3000000       max_evaluations         328.3999  
20     1052244757    1.0545061251988574e+09   nan                      3000000       max_evaluations         337.7134  
21     1053244794    1.3364759811517081e+09   nan                      3000000       max_evaluations         337.4509  
22     1054244831    9.6617685876764905e+08   nan                      3000000       max_evaluations         337.3911  
23     1055244868    9.3504003225051546e+08   nan                      3000000       max_evaluations         341.5354  
24     1056244905    1.2615359021019185e+09   nan                      3000000       max_evaluations         336.7361  
25     1057244942    1.5972766636883311e+09   nan                      3000000       max_evaluations         333.4676  

----- F15  D1000  (25 runs)  optimum=nan  target_error=nan -----
Run    Seed          Best_Fitness             Error                    NFEs          Termination             Runtime_s 
1      1036244153    1.3312876554502936e+07   nan                      3000000       max_evaluations         785.9545  
2      1037244190    1.2286150741208484e+07   nan                      3000000       max_evaluations         682.9090  
3      1038244227    9.7943159196452219e+06   nan                      3000000       max_evaluations         680.2971  
4      1039244264    1.4940347515192103e+07   nan                      3000000       max_evaluations         679.0352  
5      1040244301    1.0038731949289948e+07   nan                      3000000       max_evaluations         688.0827  
6      1041244338    1.0751260856652286e+07   nan                      3000000       max_evaluations         684.3131  
7      1042244375    1.1557543658300376e+07   nan                      3000000       max_evaluations         679.8510  
8      1043244412    1.0908129204905415e+07   nan                      3000000       max_evaluations         793.6064  
9      1044244449    1.4028860141687633e+07   nan                      3000000       max_evaluations         786.6628  
10     1045244486    1.3152118561689358e+07   nan                      3000000       max_evaluations         792.3336  
11     1046244523    1.2994430498779591e+07   nan                      3000000       max_evaluations         796.7455  
12     1047244560    1.4841651400363415e+07   nan                      3000000       max_evaluations         797.8730  
13     1048244597    1.3297080163183419e+07   nan                      3000000       max_evaluations         792.9099  
14     1049244634    1.4451129495716851e+07   nan                      3000000       max_evaluations         690.7381  
15     1050244671    1.2240740896589039e+07   nan                      3000000       max_evaluations         690.7046  
16     1051244708    1.3342288498183239e+07   nan                      3000000       max_evaluations         688.8659  
17     1052244745    1.2020024458336519e+07   nan                      3000000       max_evaluations         691.1418  
18     1053244782    1.1752100472654158e+07   nan                      3000000       max_evaluations         684.8865  
19     1054244819    1.3318542431929339e+07   nan                      3000000       max_evaluations         690.6868  
20     1055244856    1.0305221732921641e+07   nan                      3000000       max_evaluations         713.8281  
21     1056244893    2.1709893983991724e+07   nan                      3000000       max_evaluations         715.7779  
22     1057244930    1.1302437034496671e+07   nan                      3000000       max_evaluations         712.6689  
23     1058244967    1.2168009547548573e+07   nan                      3000000       max_evaluations         720.3644  
24     1059245004    1.1766162353299269e+07   nan                      3000000       max_evaluations         713.8653  
25     1060245041    1.2745747920328619e+07   nan                      3000000       max_evaluations         712.3390  

