==============================================================================================================
DETAILED PER-RUN LOG   APGSK   CEC2020   D5
runs per function : 30
functions         : [1 2 3 4 5 8 9 10]
statistics basis  : error vs known optimum
generated         : 2026-07-28_06.38.20
==============================================================================================================

----- F1  D5  (30 runs)  optimum=100  target_error=1e-08 -----
Run    Seed          Best_Fitness             Error                    NFEs          Termination             Runtime_s 
1      27240706      1.0000000000901029e+02   0.0000000000000000e+00   35580         target_error_reached    0.3139    
2      28240743      1.0000000000434675e+02   0.0000000000000000e+00   35740         target_error_reached    0.3215    
3      29240780      1.0000000000410472e+02   0.0000000000000000e+00   35360         target_error_reached    0.3302    
4      30240817      1.0000000000381843e+02   0.0000000000000000e+00   35660         target_error_reached    0.2770    
5      31240854      1.0000000000418733e+02   0.0000000000000000e+00   35640         target_error_reached    0.3140    
6      32240891      1.0000000000605378e+02   0.0000000000000000e+00   34982         target_error_reached    0.3181    
7      33240928      1.0000000000923188e+02   0.0000000000000000e+00   35380         target_error_reached    0.2897    
8      34240965      1.0000000000557321e+02   0.0000000000000000e+00   35297         target_error_reached    0.3004    
9      35241002      1.0000000000763114e+02   0.0000000000000000e+00   35500         target_error_reached    0.2825    
10     36241039      1.0000000000966462e+02   0.0000000000000000e+00   35460         target_error_reached    0.3298    
11     37241076      1.0000000000995384e+02   0.0000000000000000e+00   35680         target_error_reached    0.2806    
12     38241113      1.0000000000776349e+02   0.0000000000000000e+00   35420         target_error_reached    0.2920    
13     39241150      1.0000000000726553e+02   0.0000000000000000e+00   35660         target_error_reached    0.3049    
14     40241187      1.0000000000417192e+02   0.0000000000000000e+00   35840         target_error_reached    0.3442    
15     41241224      1.0000000000595989e+02   0.0000000000000000e+00   35780         target_error_reached    0.3954    
16     42241261      1.0000000000832385e+02   0.0000000000000000e+00   35660         target_error_reached    0.3942    
17     43241298      1.0000000000235531e+02   0.0000000000000000e+00   35680         target_error_reached    0.3973    
18     44241335      1.0000000000742787e+02   0.0000000000000000e+00   35380         target_error_reached    0.4355    
19     45241372      1.0000000000650343e+02   0.0000000000000000e+00   35024         target_error_reached    0.4017    
20     46241409      1.0000000000836265e+02   0.0000000000000000e+00   35480         target_error_reached    0.3583    
21     47241446      1.0000000000453052e+02   0.0000000000000000e+00   34814         target_error_reached    0.3878    
22     48241483      1.0000000000911916e+02   0.0000000000000000e+00   35540         target_error_reached    0.4083    
23     49241520      1.0000000000722214e+02   0.0000000000000000e+00   35360         target_error_reached    0.4089    
24     50241557      1.0000000000876155e+02   0.0000000000000000e+00   35318         target_error_reached    0.3701    
25     51241594      1.0000000000941171e+02   0.0000000000000000e+00   35580         target_error_reached    0.4137    
26     52241631      1.0000000000645029e+02   0.0000000000000000e+00   35760         target_error_reached    0.3999    
27     53241668      1.0000000000850260e+02   0.0000000000000000e+00   35192         target_error_reached    0.3869    
28     54241705      1.0000000000922040e+02   0.0000000000000000e+00   36543         target_error_reached    0.4449    
29     55241742      1.0000000000918024e+02   0.0000000000000000e+00   35620         target_error_reached    0.3271    
30     56241779      1.0000000000756486e+02   0.0000000000000000e+00   35420         target_error_reached    0.3083    

----- F2  D5  (30 runs)  optimum=1100  target_error=1e-08 -----
Run    Seed          Best_Fitness             Error                    NFEs          Termination             Runtime_s 
1      28240739      1.1033416048773761e+03   3.3416048773760849e+00   50000         max_evaluations         0.9857    
2      29240776      1.1182344053102634e+03   1.8234405310263355e+01   50000         max_evaluations         0.9116    
3      30240813      1.1677830500558296e+03   6.7783050055829563e+01   50000         max_evaluations         0.9420    
4      31240850      1.1069542792048619e+03   6.9542792048619049e+00   50000         max_evaluations         0.9135    
5      32240887      1.1051928949806211e+03   5.1928949806210767e+00   50000         max_evaluations         0.9831    
6      33240924      1.1039440820871073e+03   3.9440820871072901e+00   50000         max_evaluations         0.9495    
7      34240961      1.1301118591277573e+03   3.0111859127757270e+01   50000         max_evaluations         0.9751    
8      35240998      1.2284332413608593e+03   1.2843324136085926e+02   50000         max_evaluations         0.9799    
9      36241035      1.1069542793947689e+03   6.9542793947689461e+00   50000         max_evaluations         0.9016    
10     37241072      1.1069461407571057e+03   6.9461407571056952e+00   50000         max_evaluations         0.9412    
11     38241109      1.1178068655293778e+03   1.7806865529377774e+01   50000         max_evaluations         0.9241    
12     39241146      1.1324082980013118e+03   3.2408298001311778e+01   50000         max_evaluations         0.9385    
13     40241183      1.1401347127224722e+03   4.0134712722472159e+01   50000         max_evaluations         0.9310    
14     41241220      1.1239528062907575e+03   2.3952806290757508e+01   50000         max_evaluations         0.9390    
15     42241257      1.1037067242221683e+03   3.7067242221683045e+00   50000         max_evaluations         1.1121    
16     43241294      1.1111927375115506e+03   1.1192737511550604e+01   50000         max_evaluations         1.0448    
17     44241331      1.1064417635653108e+03   6.4417635653107936e+00   50000         max_evaluations         1.0471    
18     45241368      1.1131174154418995e+03   1.3117415441899539e+01   50000         max_evaluations         1.0926    
19     46241405      1.1111682738665982e+03   1.1168273866598156e+01   50000         max_evaluations         1.0645    
20     47241442      1.1166387585754360e+03   1.6638758575435986e+01   50000         max_evaluations         1.1605    
21     48241479      1.2246863807664083e+03   1.2468638076640832e+02   50000         max_evaluations         1.1274    
22     49241516      1.1053837661961120e+03   5.3837661961119920e+00   50000         max_evaluations         1.0955    
23     50241553      1.1258956200776006e+03   2.5895620077600597e+01   50000         max_evaluations         1.1314    
24     51241590      1.1124617671845117e+03   1.2461767184511700e+01   50000         max_evaluations         1.0692    
25     52241627      1.1000000000095051e+03   0.0000000000000000e+00   49372         target_error_reached    1.0634    
26     53241664      1.2434926431381302e+03   1.4349264313813023e+02   50000         max_evaluations         1.1234    
27     54241701      1.1040787386547072e+03   4.0787386547071947e+00   50000         max_evaluations         1.0780    
28     55241738      1.1069542792048624e+03   6.9542792048623596e+00   50000         max_evaluations         1.0710    
29     56241775      1.1156037530273029e+03   1.5603753027302901e+01   50000         max_evaluations         0.7098    
30     57241812      1.1238582137560375e+03   2.3858213756037458e+01   50000         max_evaluations         0.7174    

----- F3  D5  (30 runs)  optimum=700  target_error=1e-08 -----
Run    Seed          Best_Fitness             Error                    NFEs          Termination             Runtime_s 
1      29240772      7.0253241945965101e+02   2.5324194596510097e+00   50000         max_evaluations         0.8877    
2      30240809      7.0558646691873730e+02   5.5864669187373011e+00   50000         max_evaluations         0.9541    
3      31240846      7.0543755972086410e+02   5.4375597208641011e+00   50000         max_evaluations         0.8860    
4      32240883      7.0257999936117460e+02   2.5799993611746004e+00   50000         max_evaluations         0.8793    
5      33240920      7.0160798624350377e+02   1.6079862435037739e+00   50000         max_evaluations         0.9636    
6      34240957      7.0000000000854573e+02   0.0000000000000000e+00   44038         target_error_reached    0.6496    
7      35240994      7.0154673857165778e+02   1.5467385716577837e+00   50000         max_evaluations         0.8957    
8      36241031      7.0000000000648811e+02   0.0000000000000000e+00   47308         target_error_reached    0.8427    
9      37241068      7.0101426523317173e+02   1.0142652331717272e+00   50000         max_evaluations         0.8681    
10     38241105      7.0283464876006360e+02   2.8346487600636010e+00   50000         max_evaluations         0.9116    
11     39241142      7.0590389842150387e+02   5.9038984215038681e+00   50000         max_evaluations         0.9431    
12     40241179      7.0564953843802482e+02   5.6495384380248197e+00   50000         max_evaluations         1.0081    
13     41241216      7.0099495905709330e+02   9.9495905709329691e-01   50000         max_evaluations         0.9708    
14     42241253      7.0305221113744130e+02   3.0522111374413043e+00   50000         max_evaluations         0.9015    
15     43241290      7.0011671599471617e+02   1.1671599471617355e-01   50000         max_evaluations         1.1202    
16     44241327      7.0198991811418659e+02   1.9899181141865938e+00   50000         max_evaluations         1.1118    
17     45241364      7.0225558608069548e+02   2.2555860806954797e+00   50000         max_evaluations         1.1443    
18     46241401      7.0030765242353959e+02   3.0765242353959366e-01   50000         max_evaluations         1.1236    
19     47241438      7.0588929749407430e+02   5.8892974940742988e+00   50000         max_evaluations         1.1461    
20     48241475      7.0591768241536943e+02   5.9176824153694270e+00   50000         max_evaluations         1.0805    
21     49241512      7.0359790435769048e+02   3.5979043576904814e+00   50000         max_evaluations         1.1447    
22     50241549      7.0186268706001943e+02   1.8626870600194252e+00   50000         max_evaluations         1.0781    
23     51241586      7.0502498955911290e+02   5.0249895591128961e+00   50000         max_evaluations         1.0502    
24     52241623      7.0000000000637942e+02   0.0000000000000000e+00   49744         target_error_reached    1.1202    
25     53241660      7.0171164683094366e+02   1.7116468309436641e+00   50000         max_evaluations         1.0957    
26     54241697      7.0000000000949399e+02   0.0000000000000000e+00   48220         target_error_reached    1.0634    
27     55241734      7.0099495905709330e+02   9.9495905709329691e-01   50000         max_evaluations         1.1431    
28     56241771      7.0293190221975567e+02   2.9319022197556706e+00   50000         max_evaluations         1.1013    
29     57241808      7.0000000000787975e+02   0.0000000000000000e+00   44454         target_error_reached    0.7225    
30     58241845      7.0541464992354088e+02   5.4146499235408783e+00   50000         max_evaluations         0.8033    

----- F4  D5  (30 runs)  optimum=1900  target_error=1e-08 -----
Run    Seed          Best_Fitness             Error                    NFEs          Termination             Runtime_s 
1      30240805      1.9000377476049200e+03   3.7747604920014055e-02   50000         max_evaluations         0.7323    
2      31240842      1.9000603688302149e+03   6.0368830214883928e-02   50000         max_evaluations         0.7115    
3      32240879      1.9000588633509458e+03   5.8863350945784987e-02   50000         max_evaluations         0.6650    
4      33240916      1.9000161481224225e+03   1.6148122422464439e-02   50000         max_evaluations         0.7105    
5      34240953      1.9000426998498501e+03   4.2699849850123428e-02   50000         max_evaluations         0.7785    
6      35240990      1.9000624270897326e+03   6.2427089732636887e-02   50000         max_evaluations         0.8110    
7      36241027      1.9000570800224375e+03   5.7080022437503430e-02   50000         max_evaluations         0.7739    
8      37241064      1.9000015519089441e+03   1.5519089440658718e-03   50000         max_evaluations         0.7602    
9      38241101      1.9000000000057989e+03   0.0000000000000000e+00   45351         target_error_reached    0.5826    
10     39241138      1.9000439831830288e+03   4.3983183028785788e-02   50000         max_evaluations         0.7541    
11     40241175      1.9001278175726686e+03   1.2781757266861860e-01   50000         max_evaluations         0.7466    
12     41241212      1.9002114308810048e+03   2.1143088100484420e-01   50000         max_evaluations         0.8037    
13     42241249      1.9000745689201783e+03   7.4568920178307962e-02   50000         max_evaluations         0.7913    
14     43241286      1.9000885239371914e+03   8.8523937191439472e-02   50000         max_evaluations         0.7460    
15     44241323      1.9000282243998149e+03   2.8224399814916978e-02   50000         max_evaluations         0.9771    
16     45241360      1.9000917950252849e+03   9.1795025284909570e-02   50000         max_evaluations         0.9499    
17     46241397      1.9000439315229989e+03   4.3931522998946093e-02   50000         max_evaluations         0.9572    
18     47241434      1.9000729523503217e+03   7.2952350321656922e-02   50000         max_evaluations         0.9532    
19     48241471      1.9000000000075247e+03   0.0000000000000000e+00   43058         target_error_reached    0.6812    
20     49241508      1.9000015545309061e+03   1.5545309061053558e-03   50000         max_evaluations         0.9777    
21     50241545      1.9001064361477906e+03   1.0643614779064592e-01   50000         max_evaluations         0.9599    
22     51241582      1.9001052644463050e+03   1.0526444630500009e-01   50000         max_evaluations         1.0056    
23     52241619      1.9000543411602334e+03   5.4341160233434493e-02   50000         max_evaluations         0.9872    
24     53241656      1.9000079361381402e+03   7.9361381401668041e-03   50000         max_evaluations         0.9878    
25     54241693      1.9000025131710811e+03   2.5131710810910590e-03   50000         max_evaluations         0.9725    
26     55241730      1.9000596334000522e+03   5.9633400052234720e-02   50000         max_evaluations         0.9231    
27     56241767      1.9000778143644841e+03   7.7814364484083853e-02   50000         max_evaluations         0.9348    
28     57241804      1.9000000000069040e+03   0.0000000000000000e+00   48868         target_error_reached    0.9226    
29     58241841      1.9000000000085117e+03   0.0000000000000000e+00   47044         target_error_reached    0.7011    
30     59241878      1.9000262364354569e+03   2.6236435456894469e-02   50000         max_evaluations         0.7092    

----- F5  D5  (30 runs)  optimum=1700  target_error=1e-08 -----
Run    Seed          Best_Fitness             Error                    NFEs          Termination             Runtime_s 
1      31240838      1.7000000000057119e+03   0.0000000000000000e+00   39338         target_error_reached    0.4952    
2      32240875      1.7000000000073844e+03   0.0000000000000000e+00   38972         target_error_reached    0.4745    
3      33240912      1.7000000000048351e+03   0.0000000000000000e+00   39706         target_error_reached    0.5098    
4      34240949      1.7000000000081952e+03   0.0000000000000000e+00   37546         target_error_reached    0.4331    
5      35240986      1.7000000000095245e+03   0.0000000000000000e+00   38104         target_error_reached    0.4645    
6      36241023      1.7000000000051768e+03   0.0000000000000000e+00   40330         target_error_reached    0.5178    
7      37241060      1.7000000000040407e+03   0.0000000000000000e+00   38768         target_error_reached    0.5044    
8      38241097      1.7000000000066398e+03   0.0000000000000000e+00   38649         target_error_reached    0.4935    
9      39241134      1.7000000000098153e+03   0.0000000000000000e+00   38173         target_error_reached    0.4943    
10     40241171      1.7000000000075499e+03   0.0000000000000000e+00   37330         target_error_reached    0.4277    
11     41241208      1.7000000000076443e+03   0.0000000000000000e+00   38479         target_error_reached    0.4654    
12     42241245      1.7000000000049895e+03   0.0000000000000000e+00   39290         target_error_reached    0.5384    
13     43241282      1.7000000000068337e+03   0.0000000000000000e+00   40378         target_error_reached    0.5519    
14     44241319      1.7000000000072821e+03   0.0000000000000000e+00   39674         target_error_reached    0.5160    
15     45241356      1.7000000000064997e+03   0.0000000000000000e+00   37113         target_error_reached    0.5329    
16     46241393      1.7000000000087869e+03   0.0000000000000000e+00   37978         target_error_reached    0.5295    
17     47241430      1.7000000000094701e+03   0.0000000000000000e+00   38173         target_error_reached    0.6006    
18     48241467      1.7000000000046446e+03   0.0000000000000000e+00   40637         target_error_reached    0.6768    
19     49241504      1.7000000000040295e+03   0.0000000000000000e+00   38955         target_error_reached    0.6193    
20     50241541      1.7000000000070245e+03   0.0000000000000000e+00   40952         target_error_reached    0.6329    
21     51241578      1.7000000000095270e+03   0.0000000000000000e+00   39274         target_error_reached    0.5993    
22     52241615      1.7000000000050527e+03   0.0000000000000000e+00   37456         target_error_reached    0.5576    
23     53241652      1.7000000000014288e+03   0.0000000000000000e+00   39338         target_error_reached    0.5986    
24     54241689      1.7000000000099462e+03   0.0000000000000000e+00   40010         target_error_reached    0.6663    
25     55241726      1.7000000000082944e+03   0.0000000000000000e+00   38734         target_error_reached    0.6313    
26     56241763      1.7000000000019445e+03   0.0000000000000000e+00   39159         target_error_reached    0.6169    
27     57241800      1.7000000000085756e+03   0.0000000000000000e+00   40298         target_error_reached    0.6728    
28     58241837      1.7000000000017467e+03   0.0000000000000000e+00   38207         target_error_reached    0.5873    
29     59241874      1.7000000000097125e+03   0.0000000000000000e+00   38360         target_error_reached    0.4896    
30     60241911      1.7000000000086948e+03   0.0000000000000000e+00   39226         target_error_reached    0.5113    

----- F8  D5  (30 runs)  optimum=2200  target_error=1e-08 -----
Run    Seed          Best_Fitness             Error                    NFEs          Termination             Runtime_s 
1      34240937      2.2000000000049167e+03   0.0000000000000000e+00   38717         target_error_reached    0.5253    
2      35240974      2.2000000000092650e+03   0.0000000000000000e+00   41252         target_error_reached    0.6782    
3      36241011      2.2000000000079790e+03   0.0000000000000000e+00   38836         target_error_reached    0.5543    
4      37241048      2.2000000000093078e+03   0.0000000000000000e+00   40234         target_error_reached    0.5737    
5      38241085      2.2000000000069731e+03   0.0000000000000000e+00   40637         target_error_reached    0.5945    
6      39241122      2.2000000000099476e+03   0.0000000000000000e+00   38700         target_error_reached    0.5231    
7      40241159      2.2000000000096079e+03   0.0000000000000000e+00   41267         target_error_reached    0.6392    
8      41241196      2.2000000000097148e+03   0.0000000000000000e+00   37564         target_error_reached    0.5248    
9      42241233      2.2000000000069672e+03   0.0000000000000000e+00   38377         target_error_reached    0.5359    
10     43241270      2.2000000000097039e+03   0.0000000000000000e+00   36120         target_error_reached    0.4749    
11     44241307      2.2000000000026630e+03   0.0000000000000000e+00   39226         target_error_reached    0.5087    
12     45241344      2.2000000000072901e+03   0.0000000000000000e+00   39738         target_error_reached    0.5683    
13     46241381      2.2000000000066575e+03   0.0000000000000000e+00   40314         target_error_reached    0.6132    
14     47241418      2.2000000000094342e+03   0.0000000000000000e+00   38853         target_error_reached    0.5278    
15     48241455      2.2000000000086297e+03   0.0000000000000000e+00   36790         target_error_reached    0.5875    
16     49241492      2.2000000000094683e+03   0.0000000000000000e+00   38360         target_error_reached    0.6522    
17     50241529      2.2000000000074619e+03   0.0000000000000000e+00   39434         target_error_reached    0.7257    
18     51241566      2.2000000000069049e+03   0.0000000000000000e+00   38700         target_error_reached    0.7555    
19     52241603      2.2000000000080367e+03   0.0000000000000000e+00   37510         target_error_reached    0.6580    
20     53241640      2.2000000000078462e+03   0.0000000000000000e+00   39074         target_error_reached    0.6933    
21     54241677      2.2000000000036543e+03   0.0000000000000000e+00   37132         target_error_reached    0.6137    
22     55241714      2.2000000000072459e+03   0.0000000000000000e+00   39290         target_error_reached    0.7010    
23     56241751      2.2000000000098748e+03   0.0000000000000000e+00   39482         target_error_reached    0.6968    
24     57241788      2.2000000000087193e+03   0.0000000000000000e+00   39142         target_error_reached    0.7229    
25     58241825      2.2000000000070286e+03   0.0000000000000000e+00   38768         target_error_reached    0.6871    
26     59241862      2.2000000000074056e+03   0.0000000000000000e+00   38207         target_error_reached    0.6920    
27     60241899      2.2000000000098994e+03   0.0000000000000000e+00   41147         target_error_reached    0.7493    
28     61241936      2.2000000000099117e+03   0.0000000000000000e+00   38768         target_error_reached    0.6648    
29     62241973      2.2000000000094174e+03   0.0000000000000000e+00   39994         target_error_reached    0.5783    
30     63242010      2.2000000000067066e+03   0.0000000000000000e+00   38751         target_error_reached    0.5198    

----- F9  D5  (30 runs)  optimum=2400  target_error=1e-08 -----
Run    Seed          Best_Fitness             Error                    NFEs          Termination             Runtime_s 
1      35240970      2.4000000000087148e+03   0.0000000000000000e+00   40442         target_error_reached    0.6547    
2      36241007      2.4000000000089371e+03   0.0000000000000000e+00   39434         target_error_reached    0.5956    
3      37241044      2.4000000000050841e+03   0.0000000000000000e+00   40997         target_error_reached    0.6560    
4      38241081      2.4000000000098630e+03   0.0000000000000000e+00   40314         target_error_reached    0.6505    
5      39241118      2.4000000000099913e+03   0.0000000000000000e+00   39578         target_error_reached    0.6133    
6      40241155      2.4000000000069886e+03   0.0000000000000000e+00   39530         target_error_reached    0.5534    
7      41241192      2.4000000000086943e+03   0.0000000000000000e+00   39210         target_error_reached    0.6360    
8      42241229      2.4000000000099067e+03   0.0000000000000000e+00   39706         target_error_reached    0.6427    
9      43241266      2.4000000000099180e+03   0.0000000000000000e+00   40042         target_error_reached    0.6395    
10     44241303      2.4000000000086052e+03   0.0000000000000000e+00   40074         target_error_reached    0.6188    
11     45241340      2.4000000000096284e+03   0.0000000000000000e+00   40218         target_error_reached    0.6912    
12     46241377      2.4000000000078126e+03   0.0000000000000000e+00   40426         target_error_reached    0.7155    
13     47241414      2.4000000000091550e+03   0.0000000000000000e+00   40742         target_error_reached    0.6946    
14     48241451      2.4000000000095611e+03   0.0000000000000000e+00   39466         target_error_reached    0.6752    
15     49241488      2.4000000000080149e+03   0.0000000000000000e+00   39402         target_error_reached    0.7777    
16     50241525      2.4000000000087521e+03   0.0000000000000000e+00   40170         target_error_reached    0.8359    
17     51241562      2.4000000000076470e+03   0.0000000000000000e+00   39770         target_error_reached    0.8174    
18     52241599      2.4000000000087789e+03   0.0000000000000000e+00   40218         target_error_reached    0.7315    
19     53241636      2.4000000000087261e+03   0.0000000000000000e+00   39674         target_error_reached    0.7921    
20     54241673      2.4000000000094283e+03   0.0000000000000000e+00   39946         target_error_reached    0.8078    
21     55241710      2.4000000000073155e+03   0.0000000000000000e+00   40362         target_error_reached    0.8435    
22     56241747      2.4000000000068212e+03   0.0000000000000000e+00   39006         target_error_reached    0.7592    
23     57241784      2.4000000000073405e+03   0.0000000000000000e+00   40532         target_error_reached    0.7963    
24     58241821      2.4000000000085543e+03   0.0000000000000000e+00   40138         target_error_reached    0.8224    
25     59241858      2.4000000000097102e+03   0.0000000000000000e+00   38598         target_error_reached    0.7708    
26     60241895      2.4000000000083846e+03   0.0000000000000000e+00   39690         target_error_reached    0.7780    
27     61241932      2.4000000000093619e+03   0.0000000000000000e+00   40138         target_error_reached    0.7422    
28     62241969      2.4000000000090095e+03   0.0000000000000000e+00   40967         target_error_reached    0.8059    
29     63242006      2.5000000000000000e+03   1.0000000000000000e+02   50000         max_evaluations         0.9061    
30     64242043      2.4000000000089422e+03   0.0000000000000000e+00   40218         target_error_reached    0.5773    

----- F10  D5  (30 runs)  optimum=2500  target_error=1e-08 -----
Run    Seed          Best_Fitness             Error                    NFEs          Termination             Runtime_s 
1      36241003      2.6000006030738250e+03   1.0000060307382500e+02   50000         max_evaluations         1.2147    
2      37241040      2.8000000000000000e+03   3.0000000000000000e+02   50000         max_evaluations         1.2162    
3      38241077      2.8000000000000000e+03   3.0000000000000000e+02   50000         max_evaluations         1.2233    
4      39241114      2.8000000000000000e+03   3.0000000000000000e+02   50000         max_evaluations         1.2652    
5      40241151      2.5000000000077357e+03   0.0000000000000000e+00   36296         target_error_reached    0.5099    
6      41241188      2.5000000000048572e+03   0.0000000000000000e+00   36562         target_error_reached    0.5561    
7      42241225      2.8000000000000000e+03   3.0000000000000000e+02   50000         max_evaluations         1.1724    
8      43241262      2.5000000000090140e+03   0.0000000000000000e+00   36000         target_error_reached    0.5414    
9      44241299      2.6000001999228402e+03   1.0000019992284024e+02   50000         max_evaluations         1.1366    
10     45241336      2.5000000000065093e+03   0.0000000000000000e+00   38496         target_error_reached    0.5647    
11     46241373      2.7000000000000000e+03   2.0000000000000000e+02   50000         max_evaluations         1.2109    
12     47241410      2.8000000000000000e+03   3.0000000000000000e+02   50000         max_evaluations         1.2305    
13     48241447      2.6000003387131319e+03   1.0000033871313190e+02   50000         max_evaluations         1.2021    
14     49241484      2.6000001526499318e+03   1.0000015264993181e+02   50000         max_evaluations         1.2512    
15     50241521      2.8000000000000005e+03   3.0000000000000045e+02   50000         max_evaluations         1.4423    
16     51241558      2.6000001764491644e+03   1.0000017644916443e+02   50000         max_evaluations         1.4399    
17     52241595      2.8000000000000000e+03   3.0000000000000000e+02   50000         max_evaluations         1.5014    
18     53241632      2.8000000000000000e+03   3.0000000000000000e+02   50000         max_evaluations         1.4695    
19     54241669      2.8000000000000000e+03   3.0000000000000000e+02   50000         max_evaluations         1.4338    
20     55241706      2.8000000000000000e+03   3.0000000000000000e+02   50000         max_evaluations         1.4995    
21     56241743      2.8000000000000000e+03   3.0000000000000000e+02   50000         max_evaluations         1.3968    
22     57241780      2.6000001678851927e+03   1.0000016788519270e+02   50000         max_evaluations         1.4854    
23     58241817      2.8000000000000000e+03   3.0000000000000000e+02   50000         max_evaluations         1.4419    
24     59241854      2.5000000000097102e+03   0.0000000000000000e+00   38445         target_error_reached    0.8692    
25     60241891      2.6000029934785398e+03   1.0000299347853979e+02   50000         max_evaluations         1.4167    
26     61241928      2.8000000000000000e+03   3.0000000000000000e+02   50000         max_evaluations         1.3919    
27     62241965      2.8000000000000005e+03   3.0000000000000045e+02   50000         max_evaluations         1.3890    
28     63242002      2.8473669159351875e+03   3.4736691593518754e+02   50000         max_evaluations         1.4683    
29     64242039      2.7976705747441811e+03   2.9767057474418107e+02   50000         max_evaluations         1.2063    
30     65242076      2.5000000000090258e+03   0.0000000000000000e+00   39242         target_error_reached    0.7646    

