==============================================================================================================
DETAILED PER-RUN LOG   EGSK   CEC2013LSGO   D1000
runs per function : 25
functions         : [7 8 9 10 11 12 15]
statistics basis  : raw objective
generated         : 2026-07-24_21.25.43
==============================================================================================================

----- F7  D1000  (25 runs)  optimum=nan  target_error=nan -----
Run    Seed          Best_Fitness             Error                    NFEs          Termination             Runtime_s 
1      1028243889    3.4831304753277853e+07   nan                      3000000       max_evaluations         552.3593  
2      1029243926    4.4435178142553516e+07   nan                      3000000       max_evaluations         551.9148  
3      1030243963    5.3198553062658548e+07   nan                      3000000       max_evaluations         590.4498  
4      1031244000    2.3250011583498530e+07   nan                      3000000       max_evaluations         596.0016  
5      1032244037    5.2940910630637817e+07   nan                      3000000       max_evaluations         591.7117  
6      1033244074    1.8563264598035988e+08   nan                      3000000       max_evaluations         548.5820  
7      1034244111    3.8769945659687817e+07   nan                      3000000       max_evaluations         543.9135  
8      1035244148    4.4512517310462438e+07   nan                      3000000       max_evaluations         544.0018  
9      1036244185    3.5793346705006674e+07   nan                      3000000       max_evaluations         588.2798  
10     1037244222    4.3290154870619111e+07   nan                      3000000       max_evaluations         595.2041  
11     1038244259    3.9799352828781955e+07   nan                      3000000       max_evaluations         558.8919  
12     1039244296    3.8487568938270479e+07   nan                      3000000       max_evaluations         601.2569  
13     1040244333    5.6928849359134331e+07   nan                      3000000       max_evaluations         561.7976  
14     1041244370    4.1670088384930104e+07   nan                      3000000       max_evaluations         513.8053  
15     1042244407    2.8870728051177002e+07   nan                      3000000       max_evaluations         512.7844  
16     1043244444    2.7970000465250552e+07   nan                      3000000       max_evaluations         527.3333  
17     1044244481    5.1771912939279906e+07   nan                      3000000       max_evaluations         524.7640  
18     1045244518    1.2505977215516320e+08   nan                      3000000       max_evaluations         526.0099  
19     1046244555    6.6697346310990132e+07   nan                      3000000       max_evaluations         528.4875  
20     1047244592    2.9499903618580639e+07   nan                      3000000       max_evaluations         523.2898  
21     1048244629    2.7917004750439823e+07   nan                      3000000       max_evaluations         532.1242  
22     1049244666    4.5051657322832979e+07   nan                      3000000       max_evaluations         524.5176  
23     1050244703    3.9165641736033335e+07   nan                      3000000       max_evaluations         526.3018  
24     1051244740    5.4042905678512193e+07   nan                      3000000       max_evaluations         522.3596  
25     1052244777    7.3119808403256088e+07   nan                      3000000       max_evaluations         523.2751  

----- F8  D1000  (25 runs)  optimum=nan  target_error=nan -----
Run    Seed          Best_Fitness             Error                    NFEs          Termination             Runtime_s 
1      1029243922    1.3955553936435184e+14   nan                      3000000       max_evaluations         1353.7654 
2      1030243959    1.1356616220401769e+14   nan                      3000000       max_evaluations         1280.1301 
3      1031243996    7.4141766906137469e+13   nan                      3000000       max_evaluations         1287.6876 
4      1032244033    8.5612081509452203e+13   nan                      3000000       max_evaluations         1292.3815 
5      1033244070    1.2702056370314555e+14   nan                      3000000       max_evaluations         1287.6936 
6      1034244107    6.5310252230837570e+13   nan                      3000000       max_evaluations         1287.3316 
7      1035244144    8.4050031826411141e+13   nan                      3000000       max_evaluations         1290.4035 
8      1036244181    8.7317092330411016e+13   nan                      3000000       max_evaluations         1290.9806 
9      1037244218    1.2366014962509169e+14   nan                      3000000       max_evaluations         1348.8600 
10     1038244255    6.2423170772881836e+13   nan                      3000000       max_evaluations         1351.6693 
11     1039244292    1.0524462022884183e+14   nan                      3000000       max_evaluations         1350.4251 
12     1040244329    1.1919422650922066e+14   nan                      3000000       max_evaluations         1352.7420 
13     1041244366    5.6934737447424297e+13   nan                      3000000       max_evaluations         1348.8939 
14     1042244403    6.9607778970532500e+13   nan                      3000000       max_evaluations         1187.3094 
15     1043244440    3.5416833795255930e+13   nan                      3000000       max_evaluations         1179.3664 
16     1044244477    2.0746097436249284e+14   nan                      3000000       max_evaluations         1181.0345 
17     1045244514    3.3027625261065712e+14   nan                      3000000       max_evaluations         1186.7555 
18     1046244551    7.7337780766369734e+13   nan                      3000000       max_evaluations         1185.9667 
19     1047244588    5.5908752174330844e+13   nan                      3000000       max_evaluations         1189.7051 
20     1048244625    3.8530748901081484e+13   nan                      3000000       max_evaluations         1185.6696 
21     1049244662    8.0528405107845188e+13   nan                      3000000       max_evaluations         1192.0811 
22     1050244699    1.1449597946773039e+14   nan                      3000000       max_evaluations         1184.8360 
23     1051244736    2.2878120761069859e+13   nan                      3000000       max_evaluations         1188.9248 
24     1052244773    4.2336419618116766e+13   nan                      3000000       max_evaluations         1191.5000 
25     1053244810    9.5752716049344016e+13   nan                      3000000       max_evaluations         1191.5409 

----- F9  D1000  (25 runs)  optimum=nan  target_error=nan -----
Run    Seed          Best_Fitness             Error                    NFEs          Termination             Runtime_s 
1      1030243955    2.8186886686857176e+08   nan                      3000000       max_evaluations         1568.8918 
2      1031243992    1.3731914846944812e+08   nan                      3000000       max_evaluations         1640.6400 
3      1032244029    2.2753780929804346e+08   nan                      3000000       max_evaluations         1666.8812 
4      1033244066    2.3410230453816900e+08   nan                      3000000       max_evaluations         1667.7444 
5      1034244103    2.0471439834940925e+08   nan                      3000000       max_evaluations         1826.3012 
6      1035244140    2.5261986724527240e+08   nan                      3000000       max_evaluations         1775.2937 
7      1036244177    2.3018116786367804e+08   nan                      3000000       max_evaluations         1655.1436 
8      1037244214    2.4446598423931453e+08   nan                      3000000       max_evaluations         1616.2834 
9      1038244251    2.9519024596807700e+08   nan                      3000000       max_evaluations         1779.5948 
10     1039244288    2.2661652922850585e+08   nan                      3000000       max_evaluations         1686.9272 
11     1040244325    2.1126117356338447e+08   nan                      3000000       max_evaluations         1814.1042 
12     1041244362    2.2090179517498514e+08   nan                      3000000       max_evaluations         1778.7410 
13     1042244399    2.6153126761352590e+08   nan                      3000000       max_evaluations         1809.7870 
14     1043244436    2.3705456595590007e+08   nan                      3000000       max_evaluations         1775.3586 
15     1044244473    3.2436766750780582e+08   nan                      3000000       max_evaluations         1595.8066 
16     1045244510    2.8717582695258433e+08   nan                      3000000       max_evaluations         1587.8518 
17     1046244547    2.6656668144773719e+08   nan                      3000000       max_evaluations         1584.4727 
18     1047244584    2.6292250012933820e+08   nan                      3000000       max_evaluations         1605.5605 
19     1048244621    2.0174404419935873e+08   nan                      3000000       max_evaluations         1600.3317 
20     1049244658    2.1646884919818443e+08   nan                      3000000       max_evaluations         1672.3717 
21     1050244695    2.2485619226734629e+08   nan                      3000000       max_evaluations         1555.9458 
22     1051244732    1.7263736216329929e+08   nan                      3000000       max_evaluations         1685.3232 
23     1052244769    2.5735926422365180e+08   nan                      3000000       max_evaluations         1698.4122 
24     1053244806    2.4206305139965937e+08   nan                      3000000       max_evaluations         1631.7433 
25     1054244843    2.1531893876299298e+08   nan                      3000000       max_evaluations         1637.2989 

----- F10  D1000  (25 runs)  optimum=nan  target_error=nan -----
Run    Seed          Best_Fitness             Error                    NFEs          Termination             Runtime_s 
1      1031243988    9.4050438342020899e+07   nan                      3000000       max_evaluations         1557.6438 
2      1032244025    9.4247826929874539e+07   nan                      3000000       max_evaluations         1559.4280 
3      1033244062    9.4101687902150869e+07   nan                      3000000       max_evaluations         1548.5820 
4      1034244099    9.3319154226408675e+07   nan                      3000000       max_evaluations         1555.6619 
5      1035244136    9.4132107159626961e+07   nan                      3000000       max_evaluations         1555.8058 
6      1036244173    9.4123176513272256e+07   nan                      3000000       max_evaluations         1539.2472 
7      1037244210    9.3947029789171860e+07   nan                      3000000       max_evaluations         1546.8242 
8      1038244247    9.4172328214764640e+07   nan                      3000000       max_evaluations         1651.0573 
9      1039244284    9.3238067331746832e+07   nan                      3000000       max_evaluations         1655.5324 
10     1040244321    9.3724553823268682e+07   nan                      3000000       max_evaluations         1656.8702 
11     1041244358    9.4140968159500465e+07   nan                      3000000       max_evaluations         1651.3643 
12     1042244395    9.3835551431290299e+07   nan                      3000000       max_evaluations         1642.3914 
13     1043244432    9.3723151078465223e+07   nan                      3000000       max_evaluations         1652.6211 
14     1044244469    9.4070097852129787e+07   nan                      3000000       max_evaluations         1446.3258 
15     1045244506    9.4136101668659911e+07   nan                      3000000       max_evaluations         1455.4550 
16     1046244543    9.3996673513836563e+07   nan                      3000000       max_evaluations         1455.9285 
17     1047244580    9.3897609586503983e+07   nan                      3000000       max_evaluations         1453.9510 
18     1048244617    9.4145709853969857e+07   nan                      3000000       max_evaluations         1452.9899 
19     1049244654    9.3733694797747284e+07   nan                      3000000       max_evaluations         1450.3789 
20     1050244691    9.3946313628051430e+07   nan                      3000000       max_evaluations         1462.2753 
21     1051244728    9.4162889870265365e+07   nan                      3000000       max_evaluations         1493.9753 
22     1052244765    9.3940096039660320e+07   nan                      3000000       max_evaluations         1504.9381 
23     1053244802    9.3932063895115525e+07   nan                      3000000       max_evaluations         1496.0225 
24     1054244839    9.3739610415527448e+07   nan                      3000000       max_evaluations         1503.5424 
25     1055244876    9.3558325042701170e+07   nan                      3000000       max_evaluations         1503.8629 

----- F11  D1000  (25 runs)  optimum=nan  target_error=nan -----
Run    Seed          Best_Fitness             Error                    NFEs          Termination             Runtime_s 
1      1032244021    4.7913818685082138e+10   nan                      3000000       max_evaluations         1260.7923 
2      1033244058    8.9367152644160553e+10   nan                      3000000       max_evaluations         1235.3603 
3      1034244095    2.4625060882039082e+10   nan                      3000000       max_evaluations         1229.4393 
4      1035244132    9.8400890593185349e+10   nan                      3000000       max_evaluations         1227.9053 
5      1036244169    8.8322435412468033e+10   nan                      3000000       max_evaluations         1229.4518 
6      1037244206    4.8653056859591713e+10   nan                      3000000       max_evaluations         1228.8514 
7      1038244243    6.2591868239939186e+10   nan                      3000000       max_evaluations         1231.8731 
8      1039244280    5.3514221434441841e+10   nan                      3000000       max_evaluations         1232.6325 
9      1040244317    1.4250341954462814e+11   nan                      3000000       max_evaluations         1257.9805 
10     1041244354    4.4081781866187943e+10   nan                      3000000       max_evaluations         1257.8321 
11     1042244391    6.2668411689016144e+10   nan                      3000000       max_evaluations         1263.5586 
12     1043244428    1.2968061809979436e+11   nan                      3000000       max_evaluations         1267.9464 
13     1044244465    4.5021659502499443e+10   nan                      3000000       max_evaluations         1264.8444 
14     1045244502    9.7601936581372055e+10   nan                      3000000       max_evaluations         1150.5604 
15     1046244539    2.8477405293247681e+10   nan                      3000000       max_evaluations         1125.4521 
16     1047244576    8.5453070909458252e+10   nan                      3000000       max_evaluations         1152.0776 
17     1048244613    4.7203923455905785e+10   nan                      3000000       max_evaluations         1140.6623 
18     1049244650    1.0667121159765674e+11   nan                      3000000       max_evaluations         1148.2676 
19     1050244687    3.8518749216546463e+10   nan                      3000000       max_evaluations         1147.5878 
20     1051244724    1.5158627551734341e+11   nan                      3000000       max_evaluations         1147.9773 
21     1052244761    3.3774054609364628e+10   nan                      3000000       max_evaluations         1170.8524 
22     1053244798    1.2122364680431468e+11   nan                      3000000       max_evaluations         1184.5984 
23     1054244835    4.1379520359423698e+10   nan                      3000000       max_evaluations         1178.3432 
24     1055244872    6.6557762719144386e+10   nan                      3000000       max_evaluations         1181.4724 
25     1056244909    6.5851577318225670e+10   nan                      3000000       max_evaluations         1184.0170 

----- F12  D1000  (25 runs)  optimum=nan  target_error=nan -----
Run    Seed          Best_Fitness             Error                    NFEs          Termination             Runtime_s 
1      1033244054    1.5648251791396500e+10   nan                      3000000       max_evaluations         445.3260  
2      1034244091    2.3580777478103050e+10   nan                      3000000       max_evaluations         427.4125  
3      1035244128    8.1085790445724945e+09   nan                      3000000       max_evaluations         441.4717  
4      1036244165    1.6220722690614182e+10   nan                      3000000       max_evaluations         431.3919  
5      1037244202    8.2010912161551199e+09   nan                      3000000       max_evaluations         443.1808  
6      1038244239    1.7296423225120159e+10   nan                      3000000       max_evaluations         431.9685  
7      1039244276    8.8565170850282364e+09   nan                      3000000       max_evaluations         443.7650  
8      1040244313    1.7393357501570145e+10   nan                      3000000       max_evaluations         445.6928  
9      1041244350    7.9358213050209465e+09   nan                      3000000       max_evaluations         460.7539  
10     1042244387    9.7823728400411491e+09   nan                      3000000       max_evaluations         463.3575  
11     1043244424    1.2596672818021507e+10   nan                      3000000       max_evaluations         457.7159  
12     1044244461    8.5153176622752514e+09   nan                      3000000       max_evaluations         449.3897  
13     1045244498    8.2785471180748625e+09   nan                      3000000       max_evaluations         461.5601  
14     1046244535    1.3860509250906034e+10   nan                      3000000       max_evaluations         405.8623  
15     1047244572    1.4302342340825373e+10   nan                      3000000       max_evaluations         412.5227  
16     1048244609    1.1133366584840771e+10   nan                      3000000       max_evaluations         414.0085  
17     1049244646    1.9393539223412518e+10   nan                      3000000       max_evaluations         419.6903  
18     1050244683    7.5965613080620899e+09   nan                      3000000       max_evaluations         420.0824  
19     1051244720    6.0425412029734659e+09   nan                      3000000       max_evaluations         419.6274  
20     1052244757    8.7090876754018803e+09   nan                      3000000       max_evaluations         423.0542  
21     1053244794    2.3566611074671570e+10   nan                      3000000       max_evaluations         420.9155  
22     1054244831    1.6264096087740080e+10   nan                      3000000       max_evaluations         426.7493  
23     1055244868    9.8099533590808430e+09   nan                      3000000       max_evaluations         426.3324  
24     1056244905    1.0646008159582182e+10   nan                      3000000       max_evaluations         426.4215  
25     1057244942    6.0858646037017851e+09   nan                      3000000       max_evaluations         417.1914  

----- F15  D1000  (25 runs)  optimum=nan  target_error=nan -----
Run    Seed          Best_Fitness             Error                    NFEs          Termination             Runtime_s 
1      1036244153    7.3022921439465955e+06   nan                      3000000       max_evaluations         925.7720  
2      1037244190    8.7445261958919987e+06   nan                      3000000       max_evaluations         739.7881  
3      1038244227    5.9860750156485019e+06   nan                      3000000       max_evaluations         773.1318  
4      1039244264    6.3031792193231313e+06   nan                      3000000       max_evaluations         778.3305  
5      1040244301    6.7467525290659629e+06   nan                      3000000       max_evaluations         789.8297  
6      1041244338    6.6945266823842963e+06   nan                      3000000       max_evaluations         1073.2654 
7      1042244375    5.8174223263301905e+06   nan                      3000000       max_evaluations         795.4397  
8      1043244412    6.2066898632236291e+06   nan                      3000000       max_evaluations         771.6467  
9      1044244449    6.2435397662219526e+06   nan                      3000000       max_evaluations         895.3077  
10     1045244486    6.8409636822619122e+06   nan                      3000000       max_evaluations         909.8858  
11     1046244523    5.2838996423513107e+06   nan                      3000000       max_evaluations         882.6984  
12     1047244560    8.6111639492689241e+06   nan                      3000000       max_evaluations         843.4163  
13     1048244597    6.6366716195623577e+06   nan                      3000000       max_evaluations         873.0846  
14     1049244634    6.0251889628284071e+06   nan                      3000000       max_evaluations         808.0758  
15     1050244671    6.2377872690237667e+06   nan                      3000000       max_evaluations         838.1227  
16     1051244708    7.4349044064236460e+06   nan                      3000000       max_evaluations         807.4527  
17     1052244745    6.3941511350424709e+06   nan                      3000000       max_evaluations         825.6418  
18     1053244782    7.8606002492716266e+06   nan                      3000000       max_evaluations         835.0843  
19     1054244819    6.3998615734025110e+06   nan                      3000000       max_evaluations         819.4903  
20     1055244856    7.0032338835961027e+06   nan                      3000000       max_evaluations         842.5347  
21     1056244893    8.5274790342863798e+06   nan                      3000000       max_evaluations         819.4157  
22     1057244930    8.9988415680794418e+06   nan                      3000000       max_evaluations         815.4266  
23     1058244967    7.0085267833149843e+06   nan                      3000000       max_evaluations         807.6460  
24     1059245004    6.0255089477116093e+06   nan                      3000000       max_evaluations         832.1029  
25     1060245041    7.4434955072279982e+06   nan                      3000000       max_evaluations         800.0014  

